time	ArbPolabschange
0	-1.33786743567725
0.00683341670835418	-1.31231708005238
0.0136668334167084	-1.22890062012712
0.0205002501250625	-1.09237357465419
0.0273336668334167	-0.922073776989499
0.0341670835417709	-0.71896355564906
0.0410005002501251	-0.48983414546788
0.0478339169584792	-0.249889292028257
0.0546673336668334	0.000278466193526477
0.0615007503751876	0.260682703905803
0.0683341670835418	0.530247146364821
0.075167583791896	0.799306884767143
0.0820010005002501	1.06566536690121
0.0888344172086043	1.32920251202668
0.0956678339169585	1.58078818466309
0.102501250625313	1.81389067836238
0.109334667333667	2.0205055922681
0.116168084042021	2.1950896035073
0.123001500750375	2.33524360202794
0.129834917458729	2.4306909699258
0.136668334167084	2.48035786028418
0.143501750875438	2.48396619917262
0.150335167583792	2.43777390669682
0.157168584292146	2.34040711211584
0.1640020010005	2.19688414318629
0.170835417708854	2.01989148328977
0.177668834417209	1.82201426167736
0.184502251125563	1.61216826559984
0.191335667833917	1.39353719013579
0.198169084542271	1.16830967880584
0.205002501250625	0.937047196716539
0.211835917958979	0.700479636235212
0.218669334667334	0.458666095263391
0.225502751375688	0.215315204164347
0.232336168084042	-0.028054903274408
0.239169584792396	-0.269368492434821
0.24600300150075	-0.50127034347386
0.252836418209105	-0.722928211500261
0.259669834917459	-0.932517930767739
0.266503251625813	-1.12893397864624
0.273336668334167	-1.31271324920209
0.280170085042521	-1.26080854810956
0.287003501750875	-1.0996680085928
0.29383691845923	-0.94937933940869
0.300670335167584	-0.810449246878943
0.307503751875938	-0.684671591076444
0.314337168584292	-0.575726890506651
0.321170585292646	-0.486803115669207
0.328004002001	-0.420793076681704
0.334837418709355	-0.376494870666953
0.341670835417709	-0.350576147480858
0.348504252126063	-0.341619526685629
0.355337668834417	-0.341018231073389
0.362171085542771	-0.3467605630781
0.369004502251126	-0.357791089573279
0.37583791895948	-0.370251026239197
0.382671335667834	-0.383864802818158
0.389504752376188	-0.395637493084365
0.396338169084542	-0.400925190915496
0.403171585792896	-0.396431828788765
0.410005002501251	-0.383940436416168
0.416838419209605	-0.365084469150854
0.423671835917959	-0.348521250169585
0.430505252626313	-0.338531105149054
0.437338669334667	-0.337902545308299
0.444172086043022	-0.347716396065194
0.451005502751376	-0.361472311298072
0.45783891945973	-0.371544021999377
0.464672336168084	-0.377560044699732
0.471505752876438	-0.37863637887156
0.478339169584792	-0.375251939526284
0.485172586293147	-0.379287591061201
0.492006003001501	-0.39528091653057
0.498839419709855	-0.428551687615193
0.505672836418209	-0.485693022847622
0.512506253126563	-0.566732891539007
0.519339669834918	-0.66809618061585
0.526173086543272	-0.785013628679775
0.533006503251626	-0.917487234200503
0.53983991995998	-1.05980592721712
0.546673336668334	-1.20271931209116
0.553506753376688	-1.34596165806292
0.560340170085043	-1.26137661393984
0.567173586793397	-1.13030981409426
0.574007003501751	-1.0077993921044
0.580840420210105	-0.901911899138281
0.587673836918459	-0.814182870092105
0.594507253626813	-0.744441951758032
0.601340670335168	-0.691072028266288
0.608174087043522	-0.653828699096685
0.615007503751876	-0.633952932949675
0.62184092046023	-0.641056792387174
0.628674337168584	-0.677240218066933
0.635507753876939	-0.746073726355399
0.642341170585293	-0.8498754336824
0.649174587293647	-0.984356175009704
0.656008004002001	-1.14343415449691
0.662841420710355	-1.32596338608766
0.669674837418709	-1.2228532189139
0.676508254127064	-1.01328934202326
0.683341670835418	-0.79542825165939
0.690175087543772	-0.577240091901352
0.697008504252126	-0.35978948972765
0.70384192096048	-0.154865298810407
0.710675337668834	0.0340460542392984
0.717508754377189	0.201216987411651
0.724342171085543	0.335783071893468
0.731175587793897	0.437824223332709
0.738009004502251	0.512079108703119
0.744842421210605	0.559943985535765
0.75167583791896	0.586765730062971
0.758509254627314	0.602113106269291
0.765342671335668	0.606122023903211
0.772176088044022	0.598720604094474
0.779009504752376	0.57981067947756
0.78584292146073	0.547886135118648
0.792676338169085	0.50199439561821
0.799509754877439	0.439664643872425
0.806343171585793	0.359040144553353
0.813176588294147	0.259365309919945
0.820010005002501	0.140259730021325
0.826843421710855	0.0135258408371198
0.83367683841921	-0.113746431300908
0.840510255127564	-0.222756021506505
0.847343671835918	-0.302460999937699
0.854177088544272	-0.348010559101444
0.861010505252626	-0.353432154404033
0.867843921960981	-0.321498032241887
0.874677338669335	-0.263860306340203
0.881510755377689	-0.182661371344462
0.888344172086043	-0.102208551163652
0.895177588794397	-0.0341216919245518
0.902011005502751	0.0131732654903268
0.908844422211106	0.0207703528917899
0.91567783891946	-0.0119707729004866
0.922511255627814	-0.0745962918197937
0.929344672336168	-0.156975992815554
0.936178089044522	-0.259152772361776
0.943011505752877	-0.375064797788602
0.949844922461231	-0.49744243884383
0.956678339169585	-0.626348496345004
0.963511755877939	-0.764648979249637
0.970345172586293	-0.913790412017925
0.977178589294647	-1.06959712605446
0.984012006003002	-1.22177594812952
0.990845422711356	-1.36935539281474
0.99767883941971	-1.24371882210368
1.00451225612806	-1.12999355729524
1.01134567283642	-1.03784037436137
1.01817908954477	-0.975142359253133
1.02501250625313	-0.942475529467801
1.03184592296148	-0.941138122912505
1.03867933966984	-0.970943703455983
1.04551275637819	-1.02164375454181
1.05234617308654	-1.08902653958469
1.0591795897949	-1.17000929750992
1.06601300650325	-1.26308623704815
1.07284642321161	-1.37267899709713
1.07967983991996	-1.24379580150158
1.08651325662831	-1.0981287587507
1.09334667333667	-0.953078857647498
1.10018009004502	-0.810948704478203
1.10701350675338	-0.674939709383085
1.11384692346173	-0.565904954981372
1.12068034017009	-0.487473650183349
1.12751375687844	-0.43984243378984
1.13434717358679	-0.427182006549239
1.14118059029515	-0.451558976014397
1.1480140070035	-0.512909403802278
1.15484742371186	-0.608718640237689
1.16168084042021	-0.728499370376889
1.16851425712856	-0.871161502453057
1.17534767383692	-1.03671898308729
1.18218109054527	-1.22195987097958
1.18901450725363	-1.32357761423377
1.19584792396198	-1.10814877988982
1.20268134067034	-0.877596043646966
1.20951475737869	-0.633519752757555
1.21634817408704	-0.377777210271817
1.2231815907954	-0.110444160125973
1.23001500750375	0.168443709846023
1.23684842421211	0.44948435262663
1.24368184092046	0.726435330733376
1.25051525762881	0.999232997711514
1.25734867433717	1.26665097486079
1.26418209104552	1.50651237571602
1.27101550775388	1.71079993226797
1.27784892446223	1.87951865706567
1.28468234117059	2.01054644076165
1.29151575787894	2.09509606325352
1.29834917458729	2.13221607082198
1.30518259129565	2.12302519221568
1.312016008004	2.08491454506355
1.31884942471236	2.02382968265685
1.32568284142071	1.9397740303917
1.33251625812906	1.83768738333952
1.33934967483742	1.72070713036223
1.34618309154577	1.58925112610374
1.35301650825413	1.44933098102395
1.35984992496248	1.30315121687022
1.36668334167084	1.15269909758022
1.37351675837919	1.00800858048141
1.38035017508754	0.870353256260102
1.3871835917959	0.74007395359702
1.39401700850425	0.617504601024735
1.40085042521261	0.502281043746444
1.40768384192096	0.390577545582789
1.41451725862931	0.281330429623079
1.42135067533767	0.173528793207826
1.42818409204602	0.0660354921752768
1.43501750875438	-0.0406407130589378
1.44185092546273	-0.143858650358496
1.44868434217109	-0.243057185030431
1.45551775887944	-0.336867142778884
1.46235117558779	-0.424531834902122
1.46918459229615	-0.506565093500918
1.4760180090045	-0.584270487573963
1.48285142571286	-0.657665003688866
1.48968484242121	-0.725232985262582
1.49651825912956	-0.786567825575664
1.50335167583792	-0.841982704845749
1.51018509254627	-0.891832492132081
1.51701850925463	-0.93918426771507
1.52385192596298	-0.986184714815985
1.53068534267134	-1.03504754705928
1.53751875937969	-1.08691089086578
1.54435217608804	-1.14357011905815
1.5511855927964	-1.20625813522324
1.55801900950475	-1.27515504279169
1.56485242621311	-1.34946474565372
1.57168584292146	-1.31943539354223
1.57851925962982	-1.24365999884127
1.58535267633817	-1.17223481079283
1.59218609304652	-1.10674224256836
1.59901950975488	-1.04730803768844
1.60585292646323	-0.993578177548131
1.61268634317159	-0.945632042290136
1.61951975987994	-0.904358139161188
1.62635317658829	-0.871453310867588
1.63318659329665	-0.848713815565174
1.640020010005	-0.836196018588888
1.64685342671336	-0.832546897134832
1.65368684342171	-0.835201059337235
1.66052026013007	-0.840955596482601
1.66735367683842	-0.847462046076192
1.67418709354677	-0.851903427124604
1.68102051025513	-0.850450808225621
1.68785392696348	-0.837852652338005
1.69468734367184	-0.809275921722953
1.70152076038019	-0.760129918456222
1.70835417708854	-0.691490012976205
1.7151875937969	-0.609248209645683
1.72202101050525	-0.521576049540367
1.72885442721361	-0.436938361442448
1.73568784392196	-0.359152772857716
1.74252126063032	-0.287418470649177
1.74935467733867	-0.219355017261612
1.75618809404702	-0.150754745606219
1.76302151075538	-0.0787002314503508
1.76985492746373	-0.00202335276731236
1.77668834417209	0.0791863501859765
1.78352176088044	0.16321433923192
1.79035517758879	0.247386249160076
1.79718859429715	0.328422845185771
1.8040220110055	0.403880401095373
1.81085542771386	0.472404359486549
1.81768884442221	0.534251454841075
1.82452226113057	0.589687870021962
1.83135567783892	0.637396995427821
1.83818909454727	0.67330877547272
1.84502251125563	0.688690576720074
1.85185592796398	0.675755536725609
1.85868934467234	0.627397328150973
1.86552276138069	0.545597936877607
1.87235617808904	0.443663745703159
1.8791895947974	0.33547307636719
1.88602301150575	0.243381081355236
1.89285642821411	0.178153983509465
1.89968984492246	0.145502260768328
1.90652326163082	0.139406523931075
1.91335667833917	0.148662676072872
1.92019009504752	0.163741027825139
1.92702351175588	0.176753768228335
1.93385692846423	0.187713992393095
1.94069034517259	0.200067750375154
1.94752376188094	0.219057281778902
1.95435717858929	0.249829102572697
1.96119059529765	0.293335198228741
1.968024012006	0.349294834764095
1.97485742871436	0.410099715694447
1.98169084542271	0.470931938682539
1.98852426213107	0.51722339659094
1.99535767883942	0.543525015583407
2.00219109554777	0.542296032884196
2.00902451225613	0.515732318488431
2.01585792896448	0.468124909938185
2.02269134567284	0.408774610424315
2.02952476238119	0.341303141615215
2.03635817908954	0.267431961551541
2.0431915957979	0.179827031583033
2.05002501250625	0.073007073906257
2.05685842921461	-0.0632555439141237
2.06369184592296	-0.230764931022712
2.07052526263132	-0.426640781789708
2.07735867933967	-0.650101988619679
2.08419209604802	-0.900918540554901
2.09102551275638	-1.16205552894373
2.09785892946473	-1.32291854383401
2.10469234617309	-1.06214335427646
2.11152576288144	-0.807886782917031
2.11835917958979	-0.566123494354345
2.12519259629815	-0.337094018667389
2.1320260130065	-0.123016441295205
2.13885942971486	0.0754898935405828
2.14569284642321	0.255393757217855
2.15252626313157	0.40639834475686
2.15935967983992	0.527728170495809
2.16619309654827	0.618643607270454
2.17302651325663	0.669515031222282
2.17985992996498	0.67721557099638
2.18669334667334	0.641751077892486
2.19352676338169	0.571402313303962
2.20036018009005	0.475465392202591
2.2071935967984	0.353968595826077
2.21402701350675	0.207307852992907
2.22086043021511	0.0465514611188938
2.22769384692346	-0.123389490219079
2.23452726363182	-0.302478292554311
2.24136068034017	-0.48879070944515
2.24819409704852	-0.670880940108162
2.25502751375688	-0.846910291251731
2.26186093046523	-1.01694003811522
2.26869434717359	-1.18107574446377
2.27552776388194	-1.33638279288132
2.2823611805903	-1.27088055772438
2.28919459729865	-1.15102704523388
2.296028014007	-1.0535563296477
2.30286143071536	-0.977254613681012
2.30969484742371	-0.919736952660156
2.31652826413207	-0.886205671195664
2.32336168084042	-0.886695010888294
2.33019509754877	-0.929585118334539
2.33702851425713	-1.03062630219344
2.34386193096548	-1.18893552344263
2.35069534767384	-1.34412660850396
2.35752876438219	-1.08327750048076
2.36436218109055	-0.790106439142425
2.3711955977989	-0.471985051787141
2.37802901450725	-0.139368626203078
2.38486243121561	0.196338905660904
2.39169584792396	0.524074663471377
2.39852926463232	0.830127916407413
2.40536268134067	1.09091668124431
2.41219609804902	1.29960505654762
2.41902951475738	1.44026138639403
2.42586293146573	1.51435841883265
2.43269634817409	1.52494699061611
2.43952976488244	1.48633112283126
2.4463631815908	1.40580719308225
2.45319659829915	1.29748511079939
2.4600300150075	1.1662854503009
2.46686343171586	1.02211811322481
2.47369684842421	0.86957709302295
2.48053026513257	0.718651622991652
2.48736368184092	0.574128326126605
2.49419709854927	0.443640784961119
2.50103051525763	0.3276561983832
2.50786393196598	0.227277831030832
2.51469734867434	0.142377942236049
2.52153076538269	0.0707764116112961
2.52836418209105	0.011939815450251
2.5351975987994	-0.0376287897855491
2.54203101550775	-0.0812637998677031
2.54886443221611	-0.120005233043478
2.55569784892446	-0.158387614139677
2.56253126563282	-0.19694585630826
2.56936468234117	-0.234485948507407
2.57619809904952	-0.269548703769354
2.58303151575788	-0.302393706878058
2.58986493246623	-0.33951030034613
2.59669834917459	-0.383661596154635
2.60353176588294	-0.435559838795314
2.6103651825913	-0.501450527219546
2.61719859929965	-0.582770525296289
2.624032016008	-0.678098190317108
2.63086543271636	-0.780326278513971
2.63769884942471	-0.888471840150953
2.64453226613307	-0.999089261119881
2.65136568284142	-1.10892256557465
2.65819909954977	-1.21821681026874
2.66503251625813	-1.32802718765823
2.67186593296648	-1.30736147112819
2.67869934967484	-1.19383773974508
2.68553276638319	-1.07639202655239
2.69236618309155	-0.957142005400239
2.6991995997999	-0.839194063689515
2.70603301650825	-0.722857660372204
2.71286643321661	-0.610742653999576
2.71969984992496	-0.503442721313218
2.72653326663332	-0.396395833905465
2.73336668334167	-0.285537996815022
2.74020010005003	-0.170164141239005
2.74703351675838	-0.0481104834095907
2.75386693346673	0.0806328780121319
2.76070035017509	0.214597147098575
2.76753376688344	0.353492106907197
2.7743671835918	0.49847861176579
2.78120060030015	0.649740941217373
2.7880340170085	0.804967688009301
2.79486743371686	0.962948934253794
2.80170085042521	1.11483763276592
2.80853426713357	1.25720740658692
2.81536768384192	1.38104949673366
2.82220110055028	1.48183846901574
2.82903451725863	1.55486566003797
2.83586793396698	1.59743585205472
2.84270135067534	1.60558018997434
2.84953476738369	1.57730894774566
2.85636818409205	1.50975980928514
2.8632016008004	1.3992526180997
2.87003501750875	1.24588394718916
2.87686843421711	1.05068583883791
2.88370185092546	0.813891028515997
2.89053526763382	0.546545419348666
2.89736868434217	0.264869017725744
2.90420210105053	-0.0275712454329359
2.91103551775888	-0.302461404277869
2.91786893446723	-0.553382913706259
2.92470235117559	-0.765523780854791
2.93153576788394	-0.928642778602996
2.9383691845923	-1.04245831117928
2.94520260130065	-1.10655892322967
2.952036018009	-1.12726845913343
2.95886943471736	-1.12434760605286
2.96570285142571	-1.10127827661559
2.97253626813407	-1.0721115302164
2.97936968484242	-1.03795236355847
2.98620310155078	-0.986794558423898
2.99303651825913	-0.912500463502899
2.99986993496748	-0.801334925148174
3.00670335167584	-0.658089802483133
3.01353676838419	-0.49189302534458
3.02037018509255	-0.32676862190583
3.0272036018009	-0.176969697793503
3.03403701850925	-0.0618258912182775
3.04087043521761	0.0164204590459402
3.04770385192596	0.0593143497704872
3.05453726863432	0.073999529880137
3.06137068534267	0.0684203650732794
3.06820410205103	0.050843605267359
3.07503751875938	0.0284090646192063
3.08187093546773	0.00466350657209779
3.08870435217609	-0.0181005575594772
3.09553776888444	-0.0433206612111316
3.1023711855928	-0.0734450288707001
3.10920460230115	-0.117749949682584
3.1160380190095	-0.18096071882717
3.12287143571786	-0.269690762073869
3.12970485242621	-0.383276964200125
3.13653826913457	-0.519256100495893
3.14337168584292	-0.665413641409046
3.15020510255128	-0.812969518178661
3.15703851925963	-0.947371935570421
3.16387193596798	-1.06344270430688
3.17070535267634	-1.15470354817549
3.17753876938469	-1.22152538761161
3.18437218609305	-1.26692194367162
3.1912056028014	-1.29432327128614
3.19803901950976	-1.31872416900489
3.20487243621811	-1.3439891847349
3.21170585292646	-1.35477296161367
3.21853926963482	-1.28013414401333
3.22537268634317	-1.17451244217093
3.23220610305153	-1.03530279402741
3.23903951975988	-0.866322681965886
3.24587293646823	-0.675963007188204
3.25270635317659	-0.464546316664422
3.25953976988494	-0.23461698870434
3.2663731865933	0.0119944379824121
3.27320660330165	0.272866771980109
3.28004002001001	0.529273854708547
3.28687343671836	0.777276846229366
3.29370685342671	1.0116656943761
3.30054027013507	1.20991091840324
3.30737368684342	1.3694065636156
3.31420710355178	1.48728062186837
3.32104052026013	1.55606259893213
3.32787393696848	1.57537105832853
3.33470735367684	1.55062370892637
3.34154077038519	1.48909739183756
3.34837418709355	1.39090395144136
3.3552076038019	1.26472556896719
3.36204102051026	1.11655262425325
3.36887443721861	0.946580078942367
3.37570785392696	0.766885256158133
3.38254127063532	0.584591919406808
3.38937468734367	0.399807574934134
3.39620810405203	0.216166439850279
3.40304152076038	0.0355233495064131
3.40987493746873	-0.142116349167857
3.41670835417709	-0.317256898092443
3.42354177088544	-0.490437537141201
3.4303751875938	-0.661649160071512
3.43720860430215	-0.829657578032376
3.44404202101051	-0.991839702946762
3.45087543771886	-1.14810568452026
3.45770885442721	-1.29407430972777
3.46454227113557	-1.3287144085213
3.47137568784392	-1.22919721926364
3.47820910455228	-1.15286397350052
3.48504252126063	-1.09803102849623
3.49187593796898	-1.06454127866071
3.49870935467734	-1.05165358072689
3.50554277138569	-1.05724372561543
3.51237618809405	-1.08119554643692
3.5192096048024	-1.11793527703566
3.52604302151076	-1.15563041999248
3.53287643821911	-1.19390077368108
3.53970985492746	-1.23427543055557
3.54654327163582	-1.28016246404114
3.55337668834417	-1.3316881454142
3.56021010505253	-1.3539077530702
3.56704352176088	-1.27660266144631
3.57387693846923	-1.18189469732719
3.58071035517759	-1.07445525125925
3.58754377188594	-0.974425523953357
3.5943771885943	-0.884117508094385
3.60121060530265	-0.803630895750196
3.60804402201101	-0.733888635883795
3.61487743871936	-0.675121245536068
3.62171085542771	-0.627185107752908
3.62854427213607	-0.586699545112389
3.63537768884442	-0.552278953293545
3.64221110555278	-0.523995015515947
3.64904452226113	-0.506181395874924
3.65587793896948	-0.501497729777485
3.66271135567784	-0.510217804948207
3.66954477238619	-0.533477486604469
3.67637818909455	-0.570926148539004
3.6832116058029	-0.613047591929699
3.69004502251126	-0.65608451422765
3.69687843921961	-0.698731694765599
3.70371185592796	-0.730074643755877
3.71054527263632	-0.747656744755535
3.71737868934467	-0.752294224591533
3.72421210605303	-0.753736920976972
3.73104552276138	-0.754839220447557
3.73787893946974	-0.755602501870288
3.74471235617809	-0.760281368869485
3.75154577288644	-0.779869484472053
3.7583791895948	-0.814929606385938
3.76521260630315	-0.865465244697182
3.77204602301151	-0.92633254613889
3.77887943971986	-0.987857395950602
3.78571285642821	-1.04980070412798
3.79254627313657	-1.11217370474312
3.79937968984492	-1.17511649918367
3.80621310655328	-1.24288305264717
3.81304652326163	-1.31741976710727
3.81987993996999	-1.34719318772654
3.82671335667834	-1.25912031042061
3.83354677338669	-1.16454162501328
3.84038019009505	-1.07156306864837
3.8472136068034	-0.983948891725969
3.85404702351176	-0.901698864068545
3.86088044022011	-0.824818655986824
3.86771385692846	-0.748417331704122
3.87454727363682	-0.653574377617134
3.88138069034517	-0.538406275263327
3.88821410705353	-0.402912144579547
3.89504752376188	-0.247352664451861
3.90188094047024	-0.0787225024540651
3.90871435717859	0.099877365855343
3.91554777388694	0.288448534140091
3.9223811905953	0.484621282253011
3.92921460730365	0.673880652565126
3.93604802401201	0.853758926475664
3.94288144072036	1.02371878967999
3.94971485742871	1.17464241577088
3.95654827413707	1.30328744116847
3.96338169084542	1.40371604988756
3.97021510755378	1.46436094516442
3.97704852426213	1.48848510258534
3.98388194097049	1.4807514510654
3.99071535767884	1.45311012355773
3.99754877438719	1.42324981351413
4.00438219109555	1.39142962937949
4.0112156078039	1.35790897166867
4.01804902451226	1.32150242773044
4.02488244122061	1.27046188340493
4.03171585792896	1.20178597292656
4.03854927463732	1.12121135487666
4.04538269134567	1.03474779070003
4.05221610805403	0.942995334102952
4.05904952476238	0.855625257256657
4.06588294147074	0.776021401185663
4.07271635817909	0.704031612201557
4.07954977488744	0.625747186092551
4.0863831915958	0.53227605679484
4.09321660830415	0.42222762399347
4.10005002501251	0.282622499409535
4.10688344172086	0.110514470845523
4.11371685842921	-0.0875074973867857
4.12055027513757	-0.308417046839353
4.12738369184592	-0.550525477671411
4.13421710855428	-0.810025963706659
4.14105052526263	-1.08676544979779
4.14788394197099	-1.3631273691949
4.15471735867934	-1.04503564744406
4.16155077538769	-0.70533922454615
4.16838419209605	-0.353135772067078
4.1752176088044	0.00811797333391326
4.18205102551276	0.375116720142943
4.18888444222111	0.74459122874466
4.19571785892946	1.11542417507741
4.20255127563782	1.48157018292181
4.20938469234617	1.84214944926484
4.21621810905453	2.19450704839372
4.22305152576288	2.52783396210416
4.22988494247124	2.84098183750362
4.23671835917959	3.12672579780168
4.24355177588794	3.3712566755094
4.2503851925963	3.57253328006047
4.25721860930465	3.71165856389109
4.26405202601301	3.78339181810129
4.27088544272136	3.78885072484959
4.27771885942972	3.73055080518679
4.28455227613807	3.6085966254464
4.29138569284642	3.43293883216248
4.29821910955478	3.21639032786561
4.30505252626313	2.95919695544969
4.31188594297149	2.68191925739676
4.31871935967984	2.39816523684103
4.32555277638819	2.10825309052047
4.33238619309655	1.81431620517203
4.3392196098049	1.51675358269654
4.34605302651326	1.2162645987221
4.35288644322161	0.921568405818097
4.35971985992996	0.635236635961303
4.36655327663832	0.357269539456306
4.37338669334667	0.0876702939555755
4.38022011005503	-0.173467994172304
4.38705352676338	-0.42275738258213
4.39388694347174	-0.658522772826573
4.40072036018009	-0.880763186665084
4.40755377688844	-1.08947504606346
4.4143871935968	-1.28463743388286
4.42122061030515	-1.28062875337306
4.42805402701351	-1.11493590555381
4.43488744372186	-0.964208722879253
4.44172086043022	-0.828436776299725
4.44855427713857	-0.703672111262282
4.45538769384692	-0.586430560818009
4.46222111055528	-0.476710733385252
4.46905452726363	-0.374512721639521
4.47588794397199	-0.280632012986448
4.48272136068034	-0.196325882147756
4.48955477738869	-0.121610778358991
4.49638819409705	-0.0566475448741761
4.5032216108054	-0.00409709662858339
4.51005502751376	0.0350913268565809
4.51688844422211	0.0609155955708434
4.52372186093047	0.0731882870838403
4.53055527763882	0.0712838260724828
4.53738869434717	0.0551543859303824
4.54422211105553	0.0247993364911136
4.55105552776388	-0.0219016799779767
4.55788894447224	-0.0914933239164303
4.56472236118059	-0.18444148260648
4.57155577788894	-0.300742268291987
4.5783891945973	-0.432069092297295
4.58522261130565	-0.561422858512654
4.59205602801401	-0.687712892626273
4.59888944472236	-0.795548461748739
4.60572286143072	-0.878133591896514
4.61255627813907	-0.938046661010814
4.61938969484742	-0.982846850229986
4.62622311155578	-1.01333854463301
4.63305652826413	-1.03713478951269
4.63988994497249	-1.0574682077143
4.64672336168084	-1.0718139984
4.65355677838919	-1.07428720044065
4.66039019509755	-1.06464253190479
4.6672236118059	-1.04097532595952
4.67405702851426	-0.999831038357266
4.68089044522261	-0.941136603570364
4.68772386193097	-0.863257116989754
4.69455727863932	-0.763516804298025
4.70139069534767	-0.642411466022441
4.70822411205603	-0.502827353302911
4.71505752876438	-0.345432422399486
4.72189094547274	-0.178096899939324
4.72872436218109	-0.00481789091704261
4.73555777888944	0.168971380736974
4.7423911955978	0.340572054325834
4.74922461230615	0.509931661074178
4.75605802901451	0.677024275351339
4.76289144572286	0.84408065454278
4.76972486243122	1.01314375902684
4.77655827913957	1.18453800936363
4.78339169584792	1.35878660847641
4.79022511255628	1.53525038349547
4.79705852926463	1.7111921733516
4.80389194597299	1.88581814704541
4.81072536268134	2.05190976449281
4.8175587793897	2.20540332017494
4.82439219609805	2.33493002061713
4.8312256128064	2.43543544405541
4.83805902951476	2.49793923569203
4.84489244622311	2.52216429739848
4.85172586293147	2.51015172646879
4.85855927963982	2.46267870411958
4.86539269634817	2.38865385005292
4.87222611305653	2.29146326701627
4.87905952976488	2.17463204646118
4.88589294647324	2.04163782657739
4.89272636318159	1.89278481359978
4.89955977988994	1.72881952994209
4.9063931965983	1.54997054517578
4.91322661330665	1.35932907327858
4.92006003001501	1.15799253627842
4.92689344672336	0.949441559761372
4.93372686343172	0.743221105415679
4.94056028014007	0.539878315383329
4.94739369684843	0.34006342064244
4.95422711355678	0.150940183408501
4.96106053026513	-0.0255259261782026
4.96789394697349	-0.189323582170773
4.97472736368184	-0.341271532332352
4.9815607803902	-0.484047001818347
4.98839419709855	-0.617858066418795
4.9952276138069	-0.742708155891803
5.00206103051526	-0.859700865082847
5.00889444722361	-0.970353979814798
5.01572786393197	-1.07467702425879
5.02256128064032	-1.1726748102084
5.02939469734867	-1.2644502362286
5.03622811405703	-1.35006622976399
5.04306153076538	-1.31639061274739
5.04989494747374	-1.2430815031864
5.05672836418209	-1.17593942342413
5.06356178089045	-1.11580013459451
5.0703951975988	-1.06316386715371
5.07722861430715	-1.01802939774722
5.08406203101551	-0.980399070508182
5.09089544772386	-0.950270648928282
5.09772886443222	-0.92686817861012
5.10456228114057	-0.905542908871213
5.11139569784893	-0.885530678287928
5.11822911455728	-0.866829504189944
5.12506253126563	-0.849441501129652
5.13189594797399	-0.833675808936889
5.13872936468234	-0.819728035201
5.1455627813907	-0.807595699390201
5.15239619809905	-0.796631411679496
5.1592296148074	-0.781819815965048
5.16606303151576	-0.762101503243932
5.17289644822411	-0.737410103012753
5.17972986493247	-0.704591733191195
5.18656328164082	-0.661885892433781
5.19339669834917	-0.609238509487247
5.20023011505753	-0.542583514787208
5.20706353176588	-0.459415818756073
5.21389694847424	-0.359735876390843
5.22073036518259	-0.24557676796139
5.22756378189095	-0.119758984512814
5.2343971985993	0.0176895496720312
5.24123061530765	0.166359691284088
5.24806403201601	0.323789303874367
5.25489744872436	0.489573650561114
5.26173086543272	0.663692264868393
5.26856428214107	0.839626949737989
5.27539769884943	1.01226703190398
5.28223111555778	1.18160746793124
5.28906453226613	1.34521962386415
5.29589794897449	1.49176167390864
5.30273136568284	1.61979396375098
5.3095647823912	1.72545518017545
5.31639819909955	1.80076216865655
5.3232316158079	1.84089240143626
5.33006503251626	1.83221786928526
5.33689844922461	1.77193315828682
5.34373186593297	1.65605803257673
5.35056528264132	1.49263233689064
5.35739869934967	1.28869784860533
5.36423211605803	1.05918555674279
5.37106553276638	0.810782257376122
5.37789894947474	0.555392308810061
5.38473236618309	0.294355155301945
5.39156578289145	0.042025804023856
5.3983991995998	-0.191465386043145
5.40523261630815	-0.406120405859774
5.41206603301651	-0.600347968928639
5.41889944972486	-0.765377010644981
5.42573286643322	-0.899870870283996
5.43256628314157	-1.00430082964678
5.43939969984993	-1.09078696211348
5.44623311655828	-1.16464781475672
5.45306653326663	-1.22653336014425
5.45989994997499	-1.28656565720902
5.46673336668334	-1.34821159374288
5.4735667833917	-1.33490751193485
5.48040020010005	-1.27869387507283
5.4872336168084	-1.23185908732785
5.49406703351676	-1.19432203311747
5.50090045022511	-1.1587085425132
5.50773386693347	-1.12016989251689
5.51456728364182	-1.07870559786794
5.52140070035018	-1.03463005142241
5.52823411705853	-0.988205072755231
5.53506753376688	-0.939437118978744
5.54190095047524	-0.884998225587917
5.54873436718359	-0.82131429292923
5.55556778389195	-0.748375939820423
5.5624012006003	-0.670875894702404
5.56923461730865	-0.593313294816757
5.57606803401701	-0.515836156894546
5.58290145072536	-0.441772470930214
5.58973486743372	-0.372509672502688
5.59656828414207	-0.305057518526253
5.60340170085043	-0.223858748204925
5.61023511755878	-0.126692726904882
5.61706853426713	-0.0167247304061488
5.62390195097549	0.101931896611916
5.63073536768384	0.228324383013233
5.6375687843922	0.356901417880598
5.64440220110055	0.487730492921071
5.6512356178089	0.626798903414481
5.65806903451726	0.774283810097128
5.66490245122561	0.926155051283883
5.67173586793397	1.07581855451899
5.67856928464232	1.20011816925822
5.68540270135068	1.28820148376467
5.69223611805903	1.31663964746815
5.69906953476738	1.28306686108769
5.70590295147574	1.18428880051886
5.71273636818409	1.02442110678098
5.71956978489245	0.819251510793566
5.7264032016008	0.571970516679187
5.73323661830915	0.293804766962563
5.74007003501751	-0.0129946193655805
5.74690345172586	-0.344855544710657
5.75373686843422	-0.700309498414435
5.76057028514257	-1.06714302348948
5.76740370185093	-1.30690597503715
5.77423711855928	-0.942825882165103
5.78107053526763	-0.597334963228812
5.78790395197599	-0.276493009280589
5.79473736868434	0.0111142103518981
5.8015707853927	0.259780860203991
5.80840420210105	0.457317518634314
5.8152376188094	0.5981517424037
5.82207103551776	0.674318385985889
5.82890445222611	0.688969860639962
5.83573786893447	0.645588420792993
5.84257128564282	0.554144921006003
5.84940470235118	0.424969002403775
5.85623811905953	0.272515214599913
5.86307153576788	0.112959112531428
5.86990495247624	-0.0504013285655716
5.87673836918459	-0.192148585962842
5.88357178589295	-0.306942878969301
5.8904052026013	-0.395752967341771
5.89723861930966	-0.460026664578408
5.90407203601801	-0.503274190909798
5.91090545272636	-0.538620086326246
5.91773886943472	-0.568667006693799
5.92457228614307	-0.604998933021399
5.93140570285143	-0.65028139194792
5.93823911955978	-0.710534309424432
5.94507253626813	-0.795050119312448
5.95190595297649	-0.903701384275335
5.95873936968484	-1.0337763140644
5.9655727863932	-1.18449645488134
5.97240620310155	-1.35468035711866
5.97923961980991	-1.2112937495815
5.98607303651826	-1.02373548386423
5.99290645322661	-0.829566247492899
5.99973986993497	-0.636480095832383
6.00657328664332	-0.446093624166471
6.01340670335168	-0.259414811526933
6.02024012006003	-0.0779420478547617
6.02707353676838	0.0969696425238765
6.03390695347674	0.253244151794249
6.04074037018509	0.387957785473647
6.04757378689345	0.488112163492447
6.0544072036018	0.543555563240953
6.06124062031016	0.553963226137728
6.06807403701851	0.518265338050401
6.07490745372686	0.436413717300355
6.08174087043522	0.3130229189166
6.08857428714357	0.151388005910575
6.09540770385193	-0.0486523077005935
6.10224112056028	-0.288034567329595
6.10907453726863	-0.566727462607072
6.11590795397699	-0.880778311902204
6.12274137068534	-1.22849789195036
6.1295747873937	-1.14643095540755
6.13640820410205	-0.760275423580482
6.14324162081041	-0.365078016752584
6.15007503751876	0.0297422231404925
6.15690845422711	0.420876415338672
6.16374187093547	0.799169249200236
6.17057528764382	1.16162062018546
6.17740870435218	1.49134578479183
6.18424212106053	1.78473254450457
6.19107553776889	2.03029771837574
6.19790895447724	2.22267828355826
6.20474237118559	2.35995411372601
6.21157578789395	2.44052270423556
6.2184092046023	2.46511947780719
6.22524262131066	2.43473468951522
6.23207603801901	2.35342138277694
6.23890945472736	2.23237698953108
6.24574287143572	2.07463638097753
6.25257628814407	1.90369676179613
6.25940970485243	1.72565939243653
6.26624312156078	1.5470209709515
6.27307653826913	1.37154566150989
6.27990995497749	1.19553231191424
6.28674337168584	1.01402577894274
6.2935767883942	0.82813140687253
6.30041020510255	0.644823942196378
6.30724362181091	0.465294296323914
6.31407703851926	0.296040782028186
6.32091045522761	0.144586187636138
6.32774387193597	0.0109312720385298
6.33457728864432	-0.105588298964683
6.34141070535268	-0.205369896241568
6.34824412206103	-0.288442797272248
6.35507753876939	-0.35755730844904
6.36191095547774	-0.414547493160594
6.36874437218609	-0.459835066100057
6.37557778889445	-0.497055740020639
6.3824112056028	-0.527055281784993
6.38924462231116	-0.554868720347064
6.39607803901951	-0.58471572702202
6.40291145572786	-0.616569112991288
6.40974487243622	-0.650006340337774
6.41657828914457	-0.684886631860874
6.42341170585293	-0.721201807493477
6.43024512256128	-0.758321255956323
6.43707853926963	-0.795857264808753
6.44391195597799	-0.833840953165794
6.45074537268634	-0.877312742933194
6.4575787893947	-0.930068891045817
6.46441220610305	-0.992060134227219
6.47124562281141	-1.05920839360336
6.47807903951976	-1.12889507753174
6.48491245622811	-1.20096286329645
6.49174587293647	-1.26973982350822
6.49857928964482	-1.33240453916149
6.50541270635318	-1.35650257554793
6.51224612306153	-1.29763937958545
6.51907953976989	-1.23428543869929
6.52591295647824	-1.16598017671769
6.53274637318659	-1.09125787579496
6.53957978989495	-1.01093284998721
6.5464132066033	-0.931402317459264
6.55324662331166	-0.853880929687605
6.56008004002001	-0.779182698098962
6.56691345672836	-0.709041718172889
6.57374687343672	-0.643521153992951
6.58058029014507	-0.582533577780948
6.58741370685343	-0.524889587914616
6.59424712356178	-0.47020398450463
6.60108054027013	-0.418477608682358
6.60791395697849	-0.368384689342376
6.61474737368684	-0.317113430182933
6.6215807903952	-0.264570982732765
6.62841420710355	-0.210731944858057
6.63524762381191	-0.152283544193638
6.64208104052026	-0.0869894863486238
6.64891445722861	-0.0148515851114742
6.65574787393697	0.0612933071385089
6.66258129064532	0.126534156763977
6.66941470735368	0.178709472797229
6.67624812406203	0.217483789170629
6.68308154077039	0.235861302361322
6.68991495747874	0.231028048344598
6.69674837418709	0.202989358628474
6.70358179089545	0.16293195665657
6.7104152076038	0.12172947368072
6.71724862431216	0.0793851043720934
6.72408204102051	0.0366295903094203
6.73091545772886	-0.00503578734453692
6.73774887443722	-0.0455691549252276
6.74458229114557	-0.0830737543615085
6.75141570785393	-0.110817851467248
6.75824912456228	-0.128206333859055
6.76508254127064	-0.134194565910296
6.77191595797899	-0.12589680664073
6.77874937468734	-0.103144192472768
6.7855827913957	-0.065937528926869
6.79241620810405	-0.0217671507987929
6.79924962481241	0.0135139333091031
6.80608304152076	0.0393977112116464
6.81291645822911	0.0558808793183949
6.81974987493747	0.0629638362894628
6.82658329164582	0.0606491502402752
6.83341670835418	0.0489332026313433
6.84025012506253	0.0278180707319053
6.84708354177089	-0.00269332755331141
6.85391695847924	-0.0415427991441757
6.8607503751876	-0.0877722403876612
6.86758379189595	-0.141378221632993
6.8744172086043	-0.202363550214848
6.88125062531266	-0.270731289216422
6.88808404202101	-0.346472657180126
6.89491745872936	-0.429596344382111
6.90175087543772	-0.52025962733791
6.90858429214607	-0.619420786533632
6.91541770885443	-0.727233415373853
6.92225112556278	-0.843699087075386
6.92908454227114	-0.968815211416523
6.93591795897949	-1.10258572926172
6.94275137568784	-1.24491277467484
6.9495847923962	-1.35748791528034
6.95641820910455	-1.21741068778153
6.96325162581291	-1.0807746903704
6.97008504252126	-0.947582649654419
6.97691845922962	-0.817834802955195
6.98375187593797	-0.691482209587432
6.99058529264632	-0.56802968130219
6.99741870935468	-0.447333940768093
7.00425212606303	-0.329392417611432
7.01108554277139	-0.212512223995154
7.01791895947974	-0.092018530074996
7.02475237618809	0.0323565870499377
7.03158579289645	0.1606138411219
7.0384192096048	0.282841499588366
7.04525262631316	0.389609223250427
7.05208604302151	0.480913848170614
7.05891945972987	0.556758590557515
7.06575287643822	0.62089173993388
7.07258629314657	0.679365322066425
7.07941970985493	0.732255844388858
7.08625312656328	0.77956673790435
7.09308654327164	0.818367113456292
7.09991995997999	0.840163996165489
7.10675337668834	0.844427178298075
7.1135867933967	0.831154077665137
7.12042021010505	0.799929915989468
7.12725362681341	0.745939565441795
7.13408704352176	0.667802418017139
7.14092046023012	0.56552014961769
7.14775387693847	0.439092907461238
7.15458729364682	0.294672851050768
7.16142071035518	0.141050266368956
7.16825412706353	-0.0217073143954627
7.17508754377189	-0.193601723481471
7.18192096048024	-0.374632004894336
7.18875437718859	-0.562213756492698
7.19558779389695	-0.750710365068617
7.2024212106053	-0.939922428514544
7.20925462731366	-1.12985182418362
7.21608804402201	-1.32049809228107
7.22292146073037	-1.2359151675146
7.22975487743872	-1.05029072807637
7.23658829414707	-0.869033787340576
7.24342171085543	-0.699784803514626
7.25025512756378	-0.545259339563957
7.25708854427214	-0.405172791425073
7.26392196098049	-0.278556353230939
7.27075537768884	-0.165333524020022
7.2775887943972	-0.0656201775041048
7.28442221110555	0.0191958981450486
7.29125562781391	0.0887082459910388
7.29808904452226	0.142895384843518
7.30492246123062	0.173331088252231
7.31175587793897	0.173245242101447
7.31858929464732	0.142642168798283
7.32542271135568	0.0844795914818225
7.33225612806403	0.00468389631789825
7.33908954477239	-0.096575298960665
7.34592296148074	-0.216632700013419
7.35275637818909	-0.341293544487774
7.35958979489745	-0.468460871815089
7.3664232116058	-0.597929376037893
7.37325662831416	-0.7255756503189
7.38009004502251	-0.849812293289349
7.38692346173087	-0.970638865206388
7.39375687843922	-1.09206020921433
7.40059029514757	-1.21802705338236
7.40742371185593	-1.34261396658839
7.41425712856428	-1.30069621913606
7.42109054527264	-1.22239496489137
7.42792396198099	-1.17521950253989
7.43475737868935	-1.16036545069105
7.4415907953977	-1.16566077315447
7.44842421210605	-1.18673604126642
7.45525762881441	-1.21982780925427
7.46209104552276	-1.26341046070393
7.46892446223112	-1.3147439653062
7.47575787893947	-1.3695619574779
7.48259129564782	-1.32100895545106
7.48942471235618	-1.28389797059018
7.49625812906453	-1.26839528643082
7.50309154577289	-1.26659070112317
7.50992496248124	-1.26779118494363
7.51675837918959	-1.27004559120161
7.52359179589795	-1.25025449073249
7.5304252126063	-1.20160519172738
7.53725862931466	-1.12541213623427
7.54409204602301	-1.02260887236486
7.55092546273137	-0.898215849426221
7.55775887943972	-0.760873634119164
7.56459229614807	-0.611423252337452
7.57142571285643	-0.454305481673935
7.57825912956478	-0.290336049780356
7.58509254627314	-0.122844055125142
7.59192596298149	0.0457375242305586
7.59875937968985	0.213205833612377
7.6055927963982	0.369780950052637
7.61242621310655	0.51429064710204
7.61925962981491	0.640928189552731
7.62609304652326	0.744870328180776
7.63292646323162	0.827206494226391
7.63975987993997	0.898040321549467
7.64659329664832	0.959843685573298
7.65342671335668	1.01159084307171
7.66026013006503	1.05076536853397
7.66709354677339	1.07697824463697
7.67392696348174	1.07681607011809
7.68076038019009	1.04281185923253
7.68759379689845	0.974972434174717
7.6944272136068	0.873312472940647
7.70126063031516	0.737832395519626
7.70809404702351	0.571038567466936
7.71492746373187	0.376687326310051
7.72176088044022	0.15499860220719
7.72859429714857	-0.0843471551888196
7.73542771385693	-0.335878148286421
7.74226113056528	-0.599593722664103
7.74909454727364	-0.875328404699052
7.75592796398199	-1.16251994859681
7.76276138069035	-1.28479421067363
7.7695947973987	-0.974776448524591
7.77642821410705	-0.657600284871211
7.78326163081541	-0.342208982183494
7.79009504752376	-0.0288912341656563
7.79692846423212	0.282356793319222
7.80376188094047	0.589958284673078
7.81059529764883	0.882921992266902
7.81742871435718	1.15913446129183
7.82426213106553	1.41858723201416
7.83109554777389	1.66128718043216
7.83792896448224	1.88499294517956
7.84476238119059	2.08586194209762
7.85159579789895	2.26382932194207
7.8584292146073	2.41889092744387
7.86526263131566	2.54313854027791
7.87209604802401	2.61094845553141
7.87892946473237	2.6203667094805
7.88576288144072	2.57138701726496
7.89259629814908	2.46974122583571
7.89942971485743	2.33367951721833
7.90626313156578	2.1645586226969
7.91309654827414	1.96349418543559
7.91992996498249	1.73723779928355
7.92676338169085	1.48692791527706
7.9335967983992	1.21984716021732
7.94043021510755	0.946354661860253
7.94726363181591	0.666525838502671
7.95409704852426	0.380093823631161
7.96093046523262	0.0860546046815917
7.96776388194097	-0.21568202799526
7.97459729864932	-0.525116336366781
7.98143071535768	-0.839600068050342
7.98826413206603	-1.15267001778153
7.99509754877439	-1.28188503610489
8.00193096548274	-0.972227374697082
8.0087643821911	-0.667028490403885
8.01559779889945	-0.369864204558487
8.0224312156078	-0.0807555459753018
8.02926463231616	0.200189308973469
8.03609804902451	0.462203254501689
8.04293146573287	0.698201948812167
8.04976488244122	0.908182047547282
8.05659829914958	1.09230260893352
8.06343171585793	1.25609277379016
8.07026513256628	1.40233441223387
8.07709854927464	1.53102833954383
8.08393196598299	1.64209811315402
8.09076538269135	1.72518833309358
8.0975987993997	1.77300075393851
8.10443221610806	1.78553429152358
8.11126563281641	1.76301543393497
8.11809904952476	1.70820582719684
8.12493246623312	1.621921727584
8.13176588294147	1.50415734419509
8.13859929964982	1.36458477617118
8.14543271635818	1.2119865571902
8.15226613306653	1.04635878838061
8.15909954977489	0.872611400952704
8.16593296648324	0.699307672352216
8.1727663831916	0.526600290540639
8.17959979989995	0.355827220534882
8.1864332166083	0.189442826229756
8.19326663331666	0.0274953149392646
8.20010005002501	-0.125472403715923
8.20693346673337	-0.263982840083587
8.21376688344172	-0.388131648372554
8.22060030015007	-0.500247950691085
8.22743371685843	-0.601258406057989
8.23426713356678	-0.695455764760615
8.24110055027514	-0.79477137645766
8.24793396698349	-0.900062846866066
8.25476738369185	-1.01260713001695
8.2616008004002	-1.13267486790968
8.26843421710856	-1.24689031016113
8.27526763381691	-1.34332121791544
8.28210105052526	-1.32484230975403
8.28893446723362	-1.27636269462886
8.29576788394197	-1.26021393771351
8.30260130065033	-1.27590390973785
8.30943471735868	-1.29919973335782
8.31626813406703	-1.31667023819625
8.32310155077539	-1.32832351843247
8.32993496748374	-1.33415824799868
8.3367683841921	-1.34173555209805
8.34360180090045	-1.36514580279281
8.3504352176088	-1.34120216188818
8.35726863431716	-1.28548076500804
8.36410205102551	-1.21394230606182
8.37093546773387	-1.15085168473204
8.37776888444222	-1.11108856484789
8.38460230115058	-1.09464521095371
8.39143571785893	-1.10152762267472
8.39826913456728	-1.1317295714833
8.40510255127564	-1.18437086946639
8.41193596798399	-1.24343300922283
8.41876938469235	-1.30296610732196
8.4256028014007	-1.36297076514998
8.43243621810906	-1.32247354450466
8.43926963481741	-1.26152582183844
8.44610305152576	-1.20121302238076
8.45293646823412	-1.14864328379372
8.45976988494247	-1.10508270941012
8.46660330165083	-1.0705270150033
8.47343671835918	-1.04498119595759
8.48027013506753	-1.02844107357604
8.48710355177589	-1.01271824148432
8.49393696848424	-0.97429874458022
8.5007703851926	-0.911725335285394
8.50760380190095	-0.82499794748278
8.51443721860931	-0.714112894296184
8.52127063531766	-0.579074208449838
8.52810405202601	-0.423566738245111
8.53493746873437	-0.254356819197
8.54177088544272	-0.0715842057911036
8.54860430215108	0.124752930195163
8.55543771885943	0.334651235145646
8.56227113556779	0.558111480225693
8.56910455227614	0.786878309573918
8.57593796898449	1.00585917392418
8.58277138569285	1.21472090591014
8.5896048024012	1.41346551666678
8.59643821910956	1.60209729558993
8.60327163581791	1.78061194839368
8.61010505252626	1.93119198757611
8.61693846923462	2.02725941497915
8.62377188594297	2.06856788103755
8.63060530265133	2.05510931071587
8.63743871935968	1.98688878916308
8.64427213606803	1.86416737274001
8.65110555277639	1.71172859857068
8.65793896948474	1.54580659618567
8.6647723861931	1.36640832849497
8.67160580290145	1.17353538807396
8.67843921960981	0.967181028608264
8.68527263631816	0.75103351168177
8.69210605302651	0.542200389816522
8.69893946973487	0.342834337433364
8.70577288644322	0.15293901620458
8.71260630315158	-0.0253633361178863
8.71943971985993	-0.190144119282674
8.72627313656828	-0.341406375355053
8.73310655327664	-0.48066065886201
8.73993996998499	-0.61410396749692
8.74677338669335	-0.742403182834245
8.7536068034017	-0.872750540478809
8.76044022011006	-1.01165348003273
8.76727363681841	-1.15928355852164
8.77410705352676	-1.31716659850103
8.78094047023512	-1.26027289795631
8.78777388694347	-1.08155790584641
8.79460730365183	-0.898667318316375
8.80144072036018	-0.71377832039885
8.80827413706854	-0.52699795478385
8.81510755377689	-0.342170667570251
8.82194097048524	-0.161253773949273
8.8287743871936	0.0155286314862996
8.83560780390195	0.185685697916481
8.84244122061031	0.348529483239816
8.84927463731866	0.503037968078218
8.85610805402701	0.643913100664604
8.86294147073537	0.770403684420342
8.86977488744372	0.880243772704466
8.87660830415208	0.957690350735327
8.88344172086043	0.999742348249816
8.89027513756879	1.00701177108121
8.89710855427714	0.986410722943825
8.90394197098549	0.939852801230718
8.91077538769385	0.867349074341369
8.9176088044022	0.768891722070087
8.92444222111055	0.650598354125804
8.93127563781891	0.524029977191371
8.93810905452726	0.389456768149792
8.94494247123562	0.246879411634641
8.95177588794397	0.0967731785211052
8.95860930465233	-0.0519232161062539
8.96544272136068	-0.195860513983193
8.97227613806903	-0.335035003499729
8.97910955477739	-0.469445413971825
8.98594297148574	-0.599094620074816
8.9927763881941	-0.726781910172982
8.99960980490245	-0.860268657750914
9.00644322161081	-1.00001073343992
9.01327663831916	-1.14600152797684
9.02011005502751	-1.29824262656974
9.02694347173587	-1.28920599190837
9.03377688844422	-1.12597255166378
9.04061030515258	-0.958856625168005
9.04744372186093	-0.787856337744779
9.05427713856928	-0.612975303176601
9.06111055527764	-0.434214477361604
9.06794397198599	-0.254514586829197
9.07477738869435	-0.0779716205346799
9.0816108054027	0.0953836296305562
9.08844422211106	0.265557616837578
9.09527763881941	0.432545857645587
9.10211105552776	0.587454668226525
9.10894447223612	0.706081384251402
9.11577788894447	0.787053119423682
9.12261130565283	0.83038465706727
9.12944472236118	0.836070965171552
9.13627813906954	0.804101086083124
9.14311155577789	0.734492801813645
9.14994497248624	0.635183647606742
9.1567783891946	0.514085200903416
9.16361180590295	0.371193650171053
9.17044522261131	0.206511969312098
9.17727863931966	0.020035477668006
9.18411205602801	-0.188234250702921
9.19094547273637	-0.418295008504088
9.19777888944472	-0.660926893948595
9.20461230615308	-0.907139665992925
9.21144572286143	-1.15694085031058
9.21827913956979	-1.33656909981813
9.22511255627814	-1.08229926393598
9.23194597298649	-0.826183545779104
9.23877938969485	-0.568240385155217
9.2456128064032	-0.310206880784687
9.25244622311155	-0.0561179016190076
9.25927963981991	0.193618188842705
9.26611305652826	0.438372320329551
9.27294647323662	0.678979689511779
9.27977988994497	0.923508287035286
9.28661330665333	1.17390906782543
9.29344672336168	1.42502680555356
9.30028014007004	1.67176306990136
9.30711355677839	1.90691073893486
9.31394697348674	2.10773633923771
9.3207803901951	2.27208655317524
9.32761380690345	2.39411387172376
9.33444722361181	2.47212578263835
9.34128064032016	2.51520278626609
9.34811405702852	2.53126169909945
9.35494747373687	2.52086551230828
9.36178089044522	2.48579444748424
9.36861430715358	2.42593568016566
9.37544772386193	2.33487937548553
9.38228114057029	2.20974973808808
9.38911455727864	2.05236222090781
9.39594797398699	1.8674124886357
9.40278139069535	1.65601928214473
9.4096148074037	1.42789803976382
9.41644822411206	1.18576721118508
9.42328164082041	0.9333553566863
9.43011505752876	0.673246132232737
9.43694847423712	0.405027936188576
9.44378189094547	0.127101831149052
9.45061530765383	-0.160666757730871
9.45744872436218	-0.456968596461194
9.46428214107054	-0.760960694702961
9.47111555777889	-1.07124713015577
9.47794897448724	-1.3659726410001
9.4847823911956	-1.06010359998736
9.49161580790395	-0.758736041401221
9.49844922461231	-0.465093278246724
9.50528264132066	-0.179500547058673
9.51211605802902	0.0933290232558152
9.51894947473737	0.3516361819941
9.52578289144572	0.592196748102821
9.53261630815408	0.808395817812907
9.53944972486243	1.0000288510257
9.54628314157079	1.16691863646829
9.55311655827914	1.30896303856657
9.55994997498749	1.42565095759744
9.56678339169585	1.51119584821068
9.5736168084042	1.56395014469785
9.58045022511256	1.58248311659922
9.58728364182091	1.56128657994536
9.59411705852927	1.49983491308349
9.60095047523762	1.40003002489572
9.60778389194597	1.26493186251605
9.61461730865433	1.09478372508325
9.62145072536268	0.892395778475971
9.62828414207104	0.658694141794241
9.63511755877939	0.398211179210849
9.64195097548775	0.117283023943898
9.6487843921961	-0.178722936540535
9.65561780890445	-0.474409374305061
9.66245122561281	-0.763784717163294
9.66928464232116	-1.03138862882142
9.67611805902952	-1.27306452689335
9.68295147573787	-1.26457845787671
9.68978489244622	-1.08895998500968
9.69661830915458	-0.944534730986826
9.70345172586293	-0.824996169127055
9.71028514257129	-0.725908855934402
9.71711855927964	-0.643015805990434
9.72395197598799	-0.574737539286887
9.73078539269635	-0.522870122703806
9.7376188094047	-0.487995054469263
9.74445222611306	-0.471042201017948
9.75128564282141	-0.470740483261765
9.75811905952976	-0.479311559729983
9.76495247623812	-0.493048659799147
9.77178589294647	-0.50179787581093
9.77861930965483	-0.504450728710925
9.78545272636318	-0.500854353614402
9.79228614307154	-0.495956979145859
9.79911955977989	-0.497753113873169
9.80595297648824	-0.512576422272091
9.8127863931966	-0.543642059240875
9.81961980990495	-0.58986644021085
9.82645322661331	-0.649088161181864
9.83328664332166	-0.718248919188047
9.84012006003002	-0.799367795735858
9.84695347673837	-0.894306884833649
9.85378689344672	-1.00550321450017
9.86062031015508	-1.1356399307895
9.86745372686343	-1.28463107232257
9.87428714357179	-1.30230896943801
9.88112056028014	-1.13952796186209
9.88795397698849	-0.972948679432861
9.89478739369685	-0.80666084508877
9.9016208104052	-0.646494564392075
9.90845422711356	-0.492508497682455
9.91528764382191	-0.344691009297518
9.92212106053027	-0.203045384611168
9.92895447723862	-0.0748279752042658
9.93578789394697	0.0309813209342133
9.94262131065533	0.114350997818572
9.94945472736368	0.175287267962363
9.95628814407204	0.21379327818561
9.96312156078039	0.233280675746682
9.96995497748875	0.236802578720161
9.9767883941971	0.224357672260968
9.98362181090545	0.195957529945858
9.99045522761381	0.151592492815053
9.99728864432216	0.091446154313975
10.0041220610305	0.0159661859659621
10.0109554777389	-0.0748250687283441
10.0177888944472	-0.180934191752359
10.0246223111556	-0.302345487894822
10.0314557278639	-0.437379403339447
10.0382891445723	-0.577677722054995
10.0451225612806	-0.72209761112061
10.051955977989	-0.870642383520508
10.0587893946973	-1.02168088071377
10.0656228114057	-1.15852478578869
10.0724562281141	-1.27678889192346
10.0792896448224	-1.36944197988876
10.0861230615308	-1.28753398446581
10.0929564782391	-1.21050320393885
10.0997898949475	-1.13381922042812
10.1066233116558	-1.05471072898406
10.1134567283642	-0.961864470504254
10.1202901450725	-0.854082643206798
10.1271235617809	-0.736987649824243
10.1339569784892	-0.617227681077416
10.1407903951976	-0.497445890635233
10.147623811906	-0.402600982967283
10.1544572286143	-0.338908090528144
10.1612906453227	-0.304569949375514
10.168124062031	-0.296282144321336
10.1749574787394	-0.31321412925776
10.1817908954477	-0.339602415471861
10.1886243121561	-0.369144636780137
10.1954577288644	-0.405005068886264
10.2022911455728	-0.456046993109167
10.2091245622811	-0.522819206187439
10.2159579789895	-0.61182918957873
10.2227913956979	-0.727925681140364
10.2296248124062	-0.870202825977275
10.2364582291146	-1.03258727588418
10.2432916458229	-1.21394905619294
10.2501250625313	-1.34497320693677
10.2569584792396	-1.16653846671126
10.263791895948	-0.997839043728891
10.2706253126563	-0.846319120960678
10.2774587293647	-0.713327515577288
10.284292146073	-0.591806274740379
10.2911255627814	-0.474523973868105
10.2979589794897	-0.361583414449283
10.3047923961981	-0.253698933262909
10.3116258129065	-0.151081219796576
10.3184592296148	-0.0550451759896832
10.3252926463232	0.0338713064537049
10.3321260630315	0.114558222244122
10.3389594797399	0.186096516099475
10.3457928964482	0.246126655438273
10.3526263131566	0.281863472130202
10.3594597298649	0.291372598204287
10.3662931465733	0.275701896362131
10.3731265632816	0.236329272345983
10.37995997999	0.173267778981611
10.3867933966983	0.0859854948238775
10.3936268134067	-0.0289704042321334
10.4004602301151	-0.172205942040023
10.4072936468234	-0.343732000201403
10.4141270635318	-0.541278012289539
10.4209604802401	-0.762317327103369
10.4277938969485	-1.00684174152068
10.4346273136568	-1.27400395536622
10.4414607303652	-1.19359089448648
10.4482941470735	-0.907714647350009
10.4551275637819	-0.614292629152047
10.4619609804902	-0.316601648511735
10.4687943971986	-0.0276624529517467
10.475627813907	0.251159598139216
10.4824612306153	0.519870230975141
10.4892946473237	0.772610128922653
10.496128064032	0.996833107315
10.5029614807404	1.19212551377124
10.5097948974487	1.35848465271598
10.5166283141571	1.5059672786477
10.5234617308654	1.64792305768724
10.5302951475738	1.78440807620279
10.5371285642821	1.91489193532635
10.5439619809905	2.03013744494989
10.5507953976989	2.12674438829128
10.5576288144072	2.20471348630125
10.5644622311156	2.26364923197528
10.5712956478239	2.30222695037514
10.5781290645323	2.32031876461884
10.5849624812406	2.31584117384103
10.591795897949	2.27787547500876
10.5986293146573	2.20484793414571
10.6054627313657	2.09836648048241
10.612296148074	1.96363735800148
10.6191295647824	1.80107958304078
10.6259629814907	1.61748383605665
10.6327963981991	1.41851202504292
10.6396298149075	1.20597035924529
10.6464632316158	0.987609719697145
10.6532966483242	0.764477087815498
10.6601300650325	0.542777216685374
10.6669634817409	0.325607213710264
10.6737968984492	0.114440631180335
10.6806303151576	-0.0874154973347934
10.6874637318659	-0.279653573236893
10.6942971485743	-0.45972097610635
10.7011305652826	-0.626757795364031
10.707963981991	-0.780438076967645
10.7147973986993	-0.9199593861906
10.7216308154077	-1.04530364133922
10.7284642321161	-1.15664113511995
10.7352976488244	-1.25410678154975
10.7421310655328	-1.33772096330762
10.7489644822411	-1.33297483177786
10.7557978989495	-1.26134773417959
10.7626313156578	-1.19331495838677
10.7694647323662	-1.12122083560804
10.7762981490745	-1.0345841673975
10.7831315657829	-0.933331717999679
10.7899649824912	-0.819842611678886
10.7967983991996	-0.702613258992912
10.803631815908	-0.582397263672973
10.8104652326163	-0.45918946383995
10.8172986493247	-0.332830965111019
10.824132066033	-0.203299904231528
10.8309654827414	-0.0706006721728437
10.8377988994497	0.0640457798885069
10.8446323161581	0.19976697343898
10.8514657328664	0.336583873923653
10.8582991495748	0.472339840144925
10.8651325662831	0.602267330967288
10.8719659829915	0.726189786010233
10.8787993996999	0.843682804345344
10.8856328164082	0.951777521245903
10.8924662331166	1.04987696945732
10.8992996498249	1.1379763738767
10.9061330665333	1.21245493512571
10.9129664832416	1.27026639281702
10.91979989995	1.31140364448428
10.9266333166583	1.33389608739708
10.9334667333667	1.32609995432772
10.940300150075	1.28605137862059
10.9471335667834	1.21352609392453
10.9539669834917	1.0945681235918
10.9608004002001	0.921164152803746
10.9676338169085	0.693339298358277
10.9744672336168	0.424308109152365
10.9813006503252	0.125628102364974
10.9881340670335	-0.202695800284268
10.9949674837419	-0.533571342562346
11.0018009004502	-0.835462293218064
11.0086343171586	-1.10832055141594
11.0154677338669	-1.34152781819332
11.0223011505753	-1.22064015571818
11.0291345672836	-1.08652400616564
11.035967983992	-1.00707938931229
11.0428014007004	-0.984668289815312
11.0496348174087	-1.01899735876702
11.0564682341171	-1.10795075242894
11.0633016508254	-1.25112172539464
11.0701350675338	-1.30619480137989
11.0769684842421	-1.09823974659204
11.0838019009505	-0.872645307966576
11.0906353176588	-0.637249015099787
11.0974687343672	-0.409264765799691
11.1043021510755	-0.189316665995671
11.1111355677839	0.0273050778026009
11.1179689844922	0.247150884682507
11.1248024012006	0.470198383743464
11.131635817909	0.685683821881696
11.1384692346173	0.885894216375697
11.1453026513257	1.06929237736772
11.152136068034	1.20797784596172
11.1589694847424	1.29161631892579
11.1658029014507	1.31997355065047
11.1726363181591	1.29199010085603
11.1794697348674	1.20750828516195
11.1863031515758	1.07443813196807
11.1931365682841	0.912375917456723
11.1999699849925	0.72221709330405
11.2068034017009	0.510966704682408
11.2136368184092	0.297748047571712
11.2204702351176	0.083653445554502
11.2273036518259	-0.130165356890436
11.2341370685343	-0.33899464100594
11.2409704852426	-0.542321151206243
11.247803901951	-0.739980810466927
11.2546373186593	-0.918003563692913
11.2614707353677	-1.06739606198035
11.268304152076	-1.18816042933981
11.2751375687844	-1.28199388601888
11.2819709854927	-1.35542892289731
11.2888044022011	-1.336823424947
11.2956378189095	-1.30292242597405
11.3024712356178	-1.2754796077446
11.3093046523262	-1.23635450225622
11.3161380690345	-1.18542017275141
11.3229714857429	-1.1227101599083
11.3298049024512	-1.04941436998117
11.3366383191596	-0.966224366955452
11.3434717358679	-0.873114866915931
11.3503051525763	-0.770112144232858
11.3571385692846	-0.657716741039951
11.363971985993	-0.537301425739297
11.3708054027014	-0.408909494542641
11.3776388194097	-0.272545139494865
11.3844722361181	-0.129865164411903
11.3913056528264	0.00329418427706274
11.3981390695348	0.122953049695958
11.4049724862431	0.229086163140775
11.4118059029515	0.321732872685932
11.4186393196598	0.413594803687663
11.4254727363682	0.518922685108983
11.4323061530765	0.637725332320382
11.4391395697849	0.770012498219383
11.4459729864932	0.911472388521201
11.4528064032016	1.04104311063814
11.45963981991	1.15589324258899
11.4664732366183	1.25602316754359
11.4733066533267	1.34143183007616
11.480140070035	1.41766555375236
11.4869734867434	1.49201272158477
11.4938069034517	1.56452045455833
11.5006403201601	1.63518557023567
11.5074737368684	1.70386996042882
11.5143071535768	1.76881493820758
11.5211405702851	1.82953277983181
11.5279739869935	1.88065398977023
11.5348074037019	1.91753869960071
11.5416408204102	1.93675403526422
11.5484742371186	1.93084899895406
11.5553076538269	1.89953379035105
11.5621410705353	1.84551419979102
11.5689744872436	1.7711677109937
11.575807903952	1.67732754894561
11.5826413206603	1.57508513689978
11.5894747373687	1.46799437271668
11.596308154077	1.3561108424086
11.6031415707854	1.23977345179185
11.6099749874937	1.11905468867479
11.6168084042021	0.994404549359658
11.6236418209105	0.868269007241572
11.6304752376188	0.741042799658073
11.6373086543272	0.612116174435993
11.6441420710355	0.48097836075456
11.6509754877439	0.347633247104069
11.6578089044522	0.212221428614194
11.6646423211606	0.0747549881777233
11.6714757378689	-0.063918823076937
11.6783091545773	-0.203001006106078
11.6851425712856	-0.342541987026385
11.691975987994	-0.483028611625022
11.6988094047024	-0.624576586869982
11.7056428214107	-0.764944481808945
11.7124762381191	-0.899428201546673
11.7193096548274	-1.02800488509631
11.7261430715358	-1.15402971219609
11.7329764882441	-1.27921646094789
11.7398099049525	-1.3423728343032
11.7466433216608	-1.2188830089892
11.7534767383692	-1.09581058212859
11.7603101550775	-0.972254266364548
11.7671435717859	-0.848220442362636
11.7739769884942	-0.723714053386338
11.7808104052026	-0.598735634940911
11.787643821911	-0.474123132272965
11.7944772386193	-0.350298942354335
11.8013106553277	-0.227296633314606
11.808144072036	-0.105088152500785
11.8149774887444	0.015977220916221
11.8218109054527	0.133936048727952
11.8286443221611	0.248515396257295
11.8354777388694	0.359704474299083
11.8423111555778	0.467514997860475
11.8491445722861	0.568287655354335
11.8559779889945	0.656135247582579
11.8628114057029	0.730945736275509
11.8696448224112	0.79275590459493
11.8764782391196	0.841537218401091
11.8833116558279	0.87730495665113
11.8901450725363	0.892820200561846
11.8969784892446	0.878562689615601
11.903811905953	0.834505230346307
11.9106453226613	0.760628746694047
11.9174787393697	0.656954757168816
11.924312156078	0.523468380065381
11.9311455727864	0.367173915219336
11.9379789894947	0.219277726108891
11.9448124062031	0.0835556368010491
11.9516458229115	-0.0400164919828317
11.9584792396198	-0.151423161665346
11.9653126563282	-0.250681919980506
11.9721460730365	-0.341103752314634
11.9789794897449	-0.429613352944377
11.9858129064532	-0.516448310151697
11.9926463231616	-0.601593448499882
11.9994797398699	-0.685045642352127
12.0063131565783	-0.767336759676031
12.0131465732866	-0.858554686685964
12.019979989995	-0.962652841565384
12.0268134067034	-1.07961337501779
12.0336468234117	-1.20944591918262
12.0404802401201	-1.35214595195347
12.0473136568284	-1.23830928613217
12.0541470735368	-1.08034823345471
12.0609804902451	-0.926879505690453
12.0678139069535	-0.777886441323005
12.0746473236618	-0.633373096007196
12.0814807403702	-0.493350462022021
12.0883141570785	-0.357800121017755
12.0951475737869	-0.225232298256641
12.1019809904952	-0.0910397651024902
12.1088144072036	0.0451325575672866
12.115647823912	0.183271604223
12.1224812406203	0.322853571907599
12.1293146573287	0.450849334126278
12.136148074037	0.561591506263115
12.1429814907454	0.655055182193195
12.1498149074537	0.733741304820986
12.1566483241621	0.807884284567977
12.1634817408704	0.878579780729739
12.1703151575788	0.945768953939624
12.1771485742871	0.996791209732389
12.1839819909955	1.02100132645872
12.1908154077039	1.01840771173575
12.1976488244122	0.98952749843399
12.2044822411206	0.937441883169702
12.2113156578289	0.862655580320715
12.2181490745373	0.765178841466041
12.2249824912456	0.650180722463816
12.231815907954	0.524709250139785
12.2386493246623	0.388810505989903
12.2454827413707	0.242452116783011
12.252316158079	0.0850498804681975
12.2591495747874	-0.0836178364427907
12.2659829914957	-0.263520947244238
12.2728164082041	-0.451631177570255
12.2796498249125	-0.642902405898198
12.2864832416208	-0.837255634542505
12.2933166583292	-1.0348973436567
12.3001500750375	-1.23732046487928
12.3069834917459	-1.30109220393509
12.3138169084542	-1.08926788165846
12.3206503251626	-0.878293100959776
12.3274837418709	-0.66916337639671
12.3343171585793	-0.46184246100823
12.3411505752876	-0.256306425690667
12.347983991996	-0.0525855864728989
12.3548174087044	0.145912026509401
12.3616508254127	0.336933674861206
12.3684842421211	0.520102666316669
12.3753176588294	0.690543563403887
12.3821510755378	0.846715920248898
12.3889844922461	0.987562282354948
12.3958179089545	1.10836643855778
12.4026513256628	1.20856936748034
12.4094847423712	1.2831263014713
12.4163181590795	1.32267843847555
12.4231515757879	1.32702892704436
12.4299849924962	1.28999301624655
12.4368184092046	1.20557053655269
12.443651825913	1.07381958586523
12.4504852426213	0.90504196974318
12.4573186593297	0.706368266069097
12.464152076038	0.479927754808894
12.4709854927464	0.24510119290049
12.4778189094547	0.00654614151106401
12.4846523261631	-0.235723807821253
12.4914857428714	-0.481733781829107
12.4983191595798	-0.731483556186757
12.5051525762881	-0.981072577009948
12.5119859929965	-1.2200975335617
12.5188194097049	-1.29793326815862
12.5256528264132	-1.08116968300136
12.5324862431216	-0.875122890464255
12.5393196598299	-0.678314715901808
12.5461530765383	-0.490565577512652
12.5529864932466	-0.311911926963107
12.559819909955	-0.142436431032016
12.5666533266633	0.0115787426959237
12.5734867433717	0.146357704981179
12.58032016008	0.261853149925706
12.5871535767884	0.358086428016296
12.5939869934967	0.43504991001394
12.6008204102051	0.492951493561834
12.6076538269135	0.532169003287818
12.6144872436218	0.552717546296193
12.6213206603302	0.554594776839523
12.6281540770385	0.5378012006618
12.6349874937469	0.503936268407911
12.6418209104552	0.456080887719636
12.6486543271636	0.394328859583241
12.6554877438719	0.318674040710592
12.6623211605803	0.229312042426221
12.6691545772886	0.133712174326442
12.675987993997	0.0355681283288373
12.6828214107054	-0.0651538947194918
12.6896548274137	-0.168434678830886
12.6964882441221	-0.274247403757183
12.7033216608304	-0.382648543136504
12.7101550775388	-0.493664454629425
12.7169884942471	-0.607632403404608
12.7238219109555	-0.724554320251951
12.7306553276638	-0.844436352048798
12.7374887443722	-0.967287510541893
12.7443221610805	-1.09308589329579
12.7511555777889	-1.22184694228481
12.7579889944972	-1.35358340026719
12.7648224112056	-1.25764637845322
12.771655827914	-1.11999364559135
12.7784892446223	-0.979368987753153
12.7853226613307	-0.837851274561506
12.792156078039	-0.697852203709191
12.7989894947474	-0.559392236786352
12.8058229114557	-0.422468445691638
12.8126563281641	-0.287080853368527
12.8194897448724	-0.153240119905012
12.8263231615808	-0.0209185474305277
12.8331565782891	0.10986080115344
12.8399899949975	0.239104086917936
12.8468234117059	0.364038966300221
12.8536568284142	0.477152966271607
12.8604902451226	0.578020530477994
12.8673236618309	0.666654220748697
12.8741570785393	0.743055357449999
12.8809904952476	0.807204006416993
12.887823911956	0.851156894557177
12.8946573286643	0.867763548480098
12.9014907453727	0.857039898928312
12.908324162081	0.818982148103522
12.9151575787894	0.753572434756636
12.9219909954977	0.65336878760531
12.9288244122061	0.509730175446324
12.9356578289145	0.322692978247628
12.9424912456228	0.0995757026457347
12.9493246623312	-0.135015093381557
12.9561580790395	-0.37908362023902
12.9629914957479	-0.632591154143259
12.9698249124562	-0.895289004581505
12.9766583291646	-1.16707325840103
12.9834917458729	-1.29799182620147
12.9903251625813	-1.01722955199298
12.9971585792896	-0.755024203561963
13.003991995998	-0.511901319051903
13.0108254127064	-0.288720137344121
13.0176588294147	-0.104726521984654
13.0244922461231	0.0322819601957987
13.0313256628314	0.122271935202798
13.0381590795398	0.166255963782909
13.0449924962481	0.180867664852055
13.0518259129565	0.172137210917138
13.0586593296648	0.140055329446838
13.0654927463732	0.0822261732660292
13.0723261630815	-0.0135662823675099
13.0791595797899	-0.149023015610474
13.0859929964983	-0.322860794191818
13.0928264132066	-0.525965391563581
13.099659829915	-0.756670507761163
13.1064932466233	-1.01322565296165
13.1133266633317	-1.27951122976239
13.12016008004	-1.1944063457732
13.1269934967484	-0.916767034010324
13.1338269134567	-0.637593775817907
13.1406603301651	-0.359272845513739
13.1474937468734	-0.0818240579085545
13.1543271635818	0.184552211766961
13.1611605802901	0.425574612944175
13.1679939969985	0.641131261225824
13.1748274137069	0.830591339440258
13.1816608304152	0.990791170204558
13.1884942471236	1.12131386309338
13.1953276638319	1.2218921291053
13.2021610805403	1.28389407163278
13.2089944972486	1.30306879997952
13.215827913957	1.27938508539209
13.2226613306653	1.21067343174752
13.2294947473737	1.09522702887494
13.236328164082	0.933021002080795
13.2431615807904	0.732012092163623
13.2499949974987	0.527252410633439
13.2568284142071	0.322895156073878
13.2636618309155	0.118938555830737
13.2704952476238	-0.0845852120775937
13.2773286643322	-0.287694495285639
13.2841620810405	-0.490407753530687
13.2909954977489	-0.692704022604135
13.2978289144572	-0.894572094603797
13.3046623311656	-1.09603495394935
13.3114957478739	-1.29709013866901
13.3183291645823	-1.24819549355812
13.3251625812906	-1.04831392481077
13.331995997999	-0.851489092029194
13.3388294147074	-0.658193776218842
13.3456628314157	-0.468410315649581
13.3524962481241	-0.282154425947388
13.3593296648324	-0.0994142439771285
13.3661630815408	0.0798050304806893
13.3729964982491	0.255497301025232
13.3798299149575	0.427677524730889
13.3866633316658	0.596335140715309
13.3934967483742	0.761475013356599
13.4003301650825	0.916852575275586
13.4071635817909	1.05120560362251
13.4139969984993	1.16430660140779
13.4208304152076	1.25582852943643
13.427663831916	1.31587559670473
13.4344972486243	1.33978085405406
13.4413306653327	1.32752458062002
13.448164082041	1.27954202526875
13.4549974987494	1.20718628584293
13.4618309154577	1.11574501321341
13.4686643321661	1.00498773514864
13.4754977488744	0.874104485562023
13.4823311655828	0.723002288307677
13.4891645822911	0.561890729830475
13.4959979989995	0.399209568611301
13.5028314157079	0.236148748204769
13.5096648324162	0.07902596856857
13.5164982491246	-0.0712503114376182
13.5233316658329	-0.214322402415422
13.5301650825413	-0.34990518981753
13.5369984992496	-0.475881224604707
13.543831915958	-0.58530216320919
13.5506653326663	-0.677937336473624
13.5574987493747	-0.757067079100092
13.564332166083	-0.823561187937099
13.5711655827914	-0.878660232080454
13.5779989994997	-0.924368242307842
13.5848324162081	-0.960610494585927
13.5916658329165	-0.985793996403961
13.5984992496248	-0.999349193473496
13.6053326663332	-1.0047692511251
13.6121660830415	-1.00743556128119
13.6189994997499	-1.00768669601289
13.6258329164582	-1.00755585375927
13.6326663331666	-1.00752596257973
13.6394997498749	-1.00753758674892
13.6463331665833	-1.00752166577795
13.6531665832916	-1.00753327775412
13.66	-1.00753027135128
13.67	0
14.0369696969697	0
14.4039393939394	0
14.7709090909091	0
15.1378787878788	0
15.5048484848485	0
15.8718181818182	0
16.2387878787879	0
16.6057575757576	0
16.9727272727273	0
17.339696969697	0
17.7066666666667	0
18.0736363636364	0
18.4406060606061	0
18.8075757575758	0
19.1745454545455	0
19.5415151515151	0
19.9084848484849	0
20.2754545454545	0
20.6424242424242	0
21.0093939393939	0
21.3763636363636	0
21.7433333333333	0
22.110303030303	0
22.4772727272727	0
22.8442424242424	0
23.2112121212121	0
23.5781818181818	0
23.9451515151515	0
24.3121212121212	0
24.6790909090909	0
25.0460606060606	0
25.4130303030303	0
25.78	0
26.1469696969697	0
26.5139393939394	0
26.8809090909091	0
27.2478787878788	0
27.6148484848485	0
27.9818181818182	0
28.3487878787879	0
28.7157575757576	0
29.0827272727273	0
29.449696969697	0
29.8166666666667	0
30.1836363636364	0
30.5506060606061	0
30.9175757575758	0
31.2845454545455	0
31.6515151515151	0
32.0184848484849	0
32.3854545454545	0
32.7524242424242	0
33.1193939393939	0
33.4863636363636	0
33.8533333333333	0
34.220303030303	0
34.5872727272727	0
34.9542424242424	0
35.3212121212121	0
35.6881818181818	0
36.0551515151515	0
36.4221212121212	0
36.7890909090909	0
37.1560606060606	0
37.5230303030303	0
37.89	0
38.2569696969697	0
38.6239393939394	0
38.9909090909091	0
39.3578787878788	0
39.7248484848485	0
40.0918181818182	0
40.4587878787879	0
40.8257575757576	0
41.1927272727273	0
41.559696969697	0
41.9266666666667	0
42.2936363636364	0
42.6606060606061	0
43.0275757575758	0
43.3945454545455	0
43.7615151515151	0
44.1284848484848	0
44.4954545454545	0
44.8624242424242	0
45.2293939393939	0
45.5963636363636	0
45.9633333333333	0
46.330303030303	0
46.6972727272727	0
47.0642424242424	0
47.4312121212121	0
47.7981818181818	0
48.1651515151515	0
48.5321212121212	0
48.8990909090909	0
49.2660606060606	0
49.6330303030303	0
50	0
