time	ArbPol
0	0.601743737599134
0.00683341670835418	0.600577934441781
0.0136668334167084	0.597969336179466
0.0205002501250625	0.592344016395935
0.0273336668334167	0.582583349564215
0.0341670835417709	0.567802580314347
0.0410005002501251	0.547166842728809
0.0478339169584792	0.520218560951198
0.0546673336668334	0.486681121532974
0.0615007503751876	0.446279064904138
0.0683341670835418	0.398741064605757
0.075167583791896	0.343943727724992
0.0820010005002501	0.281948509516312
0.0888344172086043	0.212828573735191
0.0956678339169585	0.136748630697487
0.102501250625313	0.0541512617263442
0.109334667333667	-0.0343871420003625
0.116168084042021	-0.128050419749997
0.123001500750375	-0.2259650610021
0.129834917458729	-0.327057636721095
0.136668334167084	-0.430100908597641
0.143501750875438	-0.533863079927321
0.150335167583792	-0.637062681791311
0.157168584292146	-0.738332422625675
0.1640020010005	-0.836333773942919
0.170835417708854	-0.929996495230015
0.177668834417209	-1.0186026078761
0.184502251125563	-1.10171049775464
0.191335667833917	-1.17905190145856
0.198169084542271	-1.25042494862449
0.205002501250625	-1.31565805039635
0.211835917958979	-1.3746014882992
0.218669334667334	-1.42711184130204
0.225502751375688	-1.47308924545465
0.232336168084042	-1.51252332097567
0.239169584792396	-1.54542577308639
0.24600300150075	-1.57195893900931
0.252836418209105	-1.59239383127713
0.259669834917459	-1.60702474239796
0.266503251625813	-1.61619720930833
0.273336668334167	-1.62026142869002
0.280170085042521	-1.61953835386467
0.287003501750875	-1.61433208138236
0.29383691845923	-1.60493896871756
0.300670335167584	-1.5916536296501
0.307503751875938	-1.57480519908821
0.314337168584292	-1.55479385377517
0.321170585292646	-1.53211117751414
0.328004002001	-1.50734526390919
0.334837418709355	-1.48110485487431
0.341670835417709	-1.45392262868228
0.348504252126063	-1.42628153269247
0.355337668834417	-1.3985280962924
0.362171085542771	-1.37084366413378
0.369004502251126	-1.34339329079366
0.37583791895948	-1.31626245487254
0.382671335667834	-1.28948217568517
0.389504752376188	-1.26305810805857
0.396338169084542	-1.23686959926804
0.403171585792896	-1.21069533905429
0.410005002501251	-1.1842855949767
0.416838419209605	-1.15745110144094
0.423671835917959	-1.13011414934974
0.430505252626313	-1.10241843167215
0.437338669334667	-1.07457263016294
0.444172086043022	-1.04685020725974
0.451005502751376	-1.01947652705531
0.45783891945973	-0.992423544813921
0.464672336168084	-0.965588659551308
0.471505752876438	-0.938850019240451
0.478339169584792	-0.912073393513407
0.485172586293147	-0.88527423065824
0.492006003001501	-0.858744404253168
0.498839419709855	-0.832850330911906
0.505672836418209	-0.808171399974559
0.512506253126563	-0.78535025429
0.519339669834918	-0.764999679441841
0.526173086543272	-0.747583942826739
0.533006503251626	-0.733521254791428
0.53983991995998	-0.723185355972905
0.546673336668334	-0.716685755078727
0.553506753376688	-0.714034563848002
0.560340170085043	-0.715188599580669
0.567173586793397	-0.71996767975599
0.574007003501751	-0.728166196505894
0.580840420210105	-0.739448926884091
0.587673836918459	-0.753334756920707
0.594507253626813	-0.769335753971281
0.601340670335168	-0.786989500778145
0.608174087043522	-0.805861234411368
0.615007503751876	-0.825512645340391
0.62184092046023	-0.845352659947434
0.628674337168584	-0.864611517765047
0.635507753876939	-0.88247130545583
0.642341170585293	-0.898009956024247
0.649174587293647	-0.910322203341032
0.656008004002001	-0.91868721213163
0.662841420710355	-0.922449455092542
0.669674837418709	-0.921091020350857
0.676508254127064	-0.914265450574108
0.683341670835418	-0.901668126896584
0.690175087543772	-0.88320617956373
0.697008504252126	-0.858877835442031
0.70384192096048	-0.82884433642535
0.710675337668834	-0.793516141191894
0.717508754377189	-0.753366509531802
0.724342171085543	-0.709157247738775
0.731175587793897	-0.661770909600695
0.738009004502251	-0.612024452150637
0.744842421210605	-0.560636291901305
0.75167583791896	-0.50827591111478
0.758509254627314	-0.455350853791965
0.765342671335668	-0.402165456387623
0.772176088044022	-0.349025517630562
0.779009504752376	-0.29623866208532
0.78584292146073	-0.244129856685778
0.792676338169085	-0.193066929980166
0.799509754877439	-0.143449812427977
0.806343171585793	-0.0957546649334967
0.813176588294147	-0.0504806849169584
0.820010005002501	-0.00815048604660091
0.826843421710855	0.0308354022840855
0.83367683841921	0.0664027693063059
0.840510255127564	0.0987296055740405
0.847343671835918	0.128519084935749
0.854177088544272	0.15660071571825
0.861010505252626	0.183997062186239
0.867843921960981	0.211772452887857
0.874677338669335	0.240764885269628
0.881510755377689	0.271632859866429
0.888344172086043	0.304747064739579
0.895177588794397	0.339858042971363
0.902011005502751	0.37657516181856
0.908844422211106	0.414038434479802
0.91567783891946	0.451163699540348
0.922511255627814	0.486960830996855
0.929344672336168	0.520808561286479
0.936178089044522	0.552174745535187
0.943011505752877	0.580579011614598
0.949844922461231	0.605779588359171
0.956678339169585	0.627603220588261
0.963511755877939	0.645843238516372
0.970345172586293	0.660218740474222
0.977178589294647	0.670466369997072
0.984012006003002	0.676567858617085
0.990845422711356	0.678634449034695
0.99767883941971	0.676902627946514
1.00451225612806	0.671856120674748
1.01134567283642	0.664023273268509
1.01817908954477	0.654102468947348
1.02501250625313	0.642898292741516
1.03184592296148	0.631234141551139
1.03867933966984	0.619958556124802
1.04551275637819	0.609793285380292
1.05234617308654	0.601216395615138
1.0591795897949	0.594643480448118
1.06601300650325	0.590410413051546
1.07284642321161	0.588885182490976
1.07967983991996	0.590573325892949
1.08651325662831	0.595990120175838
1.09334667333667	0.605336647074214
1.10018009004502	0.618543960864204
1.10701350675338	0.635520162894598
1.11384692346173	0.655823100016019
1.12068034017009	0.678646297191657
1.12751375687844	0.703166037318793
1.13434717358679	0.728509276005055
1.14118059029515	0.753695020578093
1.1480140070035	0.777727988126596
1.15484742371186	0.799627055414487
1.16168084042021	0.81861715878706
1.16851425712856	0.834079004278214
1.17534767383692	0.845397136572536
1.18218109054527	0.851981994580866
1.18901450725363	0.853382106962303
1.19584792396198	0.849191870052165
1.20268134067034	0.839005704954162
1.20951475737869	0.822430873630844
1.21634817408704	0.799136365978933
1.2231815907954	0.768809712208637
1.23001500750375	0.731138522254803
1.23684842421211	0.685905211994592
1.24368184092046	0.633170109294182
1.25051525762881	0.573044195681647
1.25734867433717	0.505641725921037
1.26418209104552	0.431362990896576
1.27101550775388	0.351112988865769
1.27784892446223	0.265848185434947
1.28468234117059	0.176536391263464
1.29151575787894	0.0843168508158715
1.29834917458729	-0.00953831023025551
1.30518259129565	-0.103756600930514
1.312016008004	-0.19729644971151
1.31884942471236	-0.289502725148649
1.32568284142071	-0.379757160212832
1.33251625812906	-0.467491681542473
1.33934967483742	-0.552281140971459
1.34618309154577	-0.633726609585246
1.35301650825413	-0.711508118725726
1.35984992496248	-0.785443132703702
1.36668334167084	-0.855373030995211
1.37351675837919	-0.921322626801707
1.38035017508754	-0.983476201171562
1.3871835917959	-1.04202612433032
1.39401700850425	-1.09717665344233
1.40085042521261	-1.14913399500668
1.40768384192096	-1.19804851425535
1.41451725862931	-1.24399271710597
1.42135067533767	-1.28702369462279
1.42818409204602	-1.32716023592133
1.43501750875438	-1.36441349233981
1.44185092546273	-1.39884043398999
1.44868434217109	-1.43054569375551
1.45551775887944	-1.45965197470134
1.46235117558779	-1.48631858893133
1.46918459229615	-1.51070707461417
1.4760180090045	-1.53294879685642
1.48285142571286	-1.55315770568601
1.48968484242121	-1.57146816333635
1.49651825912956	-1.58804563484864
1.50335167583792	-1.6030550619223
1.51018509254627	-1.61664965192118
1.51701850925463	-1.62894882563555
1.52385192596298	-1.63997990415183
1.53068534267134	-1.64972922228401
1.53751875937969	-1.65812464726135
1.54435217608804	-1.66506775860954
1.5511855927964	-1.67040655790693
1.55801900950475	-1.67397717084679
1.56485242621311	-1.67561655565063
1.57168584292146	-1.67521349990558
1.57851925962982	-1.67274818831949
1.58535267633817	-1.66829907650805
1.59218609304652	-1.66200801167779
1.59901950975488	-1.6540377244252
1.60585292646323	-1.64454677445877
1.61268634317159	-1.63368804656114
1.61951975987994	-1.62162537586106
1.62635317658829	-1.60856206461561
1.63318659329665	-1.59474862762009
1.640020010005	-1.58046169255528
1.64685342671336	-1.56596493113337
1.65368684342171	-1.55145803640997
1.66052026013007	-1.53707097085371
1.66735367683842	-1.52285687231868
1.67418709354677	-1.50879513038342
1.68102051025513	-1.49478070167312
1.68785392696348	-1.48059466066319
1.69468734367184	-1.46586585255153
1.70152076038019	-1.45009450738891
1.70835417708854	-1.43273646280668
1.7151875937969	-1.41332565591087
1.72202101050525	-1.39161039680257
1.72885442721361	-1.36756966749962
1.73568784392196	-1.34133870317952
1.74252126063032	-1.31310428889705
1.74935467733867	-1.28299818423125
1.75618809404702	-1.25106071208137
1.76302151075538	-1.21723924111045
1.76985492746373	-1.18141910871056
1.77668834417209	-1.14347345771279
1.78352176088044	-1.10330171886146
1.79035517758879	-1.06086313167344
1.79718859429715	-1.01619570924162
1.8040220110055	-0.969418525834084
1.81085542771386	-0.920706146219547
1.81768884442221	-0.8702413631483
1.82452226113057	-0.818200675908216
1.83135567783892	-0.764762866558355
1.83818909454727	-0.710195980078959
1.84502251125563	-0.654912856614504
1.85185592796398	-0.599574869118331
1.85868934467234	-0.545061003300076
1.86552276138069	-0.492301102362824
1.87235617808904	-0.442062503249997
1.8791895947974	-0.394681935387666
1.88602301150575	-0.350027888884858
1.89285642821411	-0.307519840533602
1.89968984492246	-0.266318223375532
1.90652326163082	-0.225627781549218
1.91335667833917	-0.184858250113603
1.92019009504752	-0.14374071789389
1.92702351175588	-0.102241285156976
1.93385692846423	-0.0604205160185059
1.94069034517259	-0.0183035609564115
1.94752376188094	0.0242271164948378
1.95435717858929	0.0674186523868424
1.96119059529765	0.11160895855548
1.968024012006	0.15713972412649
1.97485742871436	0.204262347951083
1.98169084542271	0.253034394093233
1.98852426213107	0.303276666691086
1.99535767883942	0.354508849247585
2.00219109554777	0.406086759161505
2.00902451225613	0.457276258160946
2.01585792896448	0.507461234481992
2.02269134567284	0.556186789422749
2.02952476238119	0.603201928900549
2.03635817908954	0.648317714294301
2.0431915957979	0.691287366697693
2.05002501250625	0.731655881514962
2.05685842921461	0.768774200971813
2.06369184592296	0.801805665926768
2.07052526263132	0.829945681845188
2.07735867933967	0.852448155313432
2.08419209604802	0.868571511913362
2.09102551275638	0.877752890992756
2.09785892946473	0.879915314792474
2.10469234617309	0.875063595753011
2.11152576288144	0.86326005328528
2.11835917958979	0.844787880060369
2.12519259629815	0.819984043788426
2.1320260130065	0.789218436608501
2.13885942971486	0.752906109687805
2.14569284642321	0.711483401312715
2.15252626313157	0.665603214763714
2.15935967983992	0.61606164111242
2.16619309654827	0.563659309893136
2.17302651325663	0.50932792086545
2.17985992996498	0.454209178943406
2.18669334667334	0.399463680964263
2.19352676338169	0.346180112023457
2.20036018009005	0.295132183469539
2.2071935967984	0.24700739122067
2.21402701350675	0.202492408903488
2.22086043021511	0.162142560938939
2.22769384692346	0.126238681932563
2.23452726363182	0.0950271800008989
2.24136068034017	0.0687455966379225
2.24819409704852	0.0474335257488644
2.25502751375688	0.0309359080395986
2.26186093046523	0.0190904017493147
2.26869434717359	0.0117376074468195
2.27552776388194	0.00869988815976862
2.2823611805903	0.00961899907506063
2.28919459729865	0.0140241634841864
2.296028014007	0.0213524349798193
2.30286143071536	0.0310089754251906
2.30969484742371	0.042464144761111
2.31652826413207	0.0551753709590949
2.32336168084042	0.0683335767450728
2.33019509754877	0.0809581806747727
2.33702851425713	0.0916524815014968
2.34386193096548	0.098851924959782
2.35069534767384	0.101060317318263
2.35752876438219	0.0968570129699193
2.36436218109055	0.0851974275528962
2.3711955977989	0.0652824413432754
2.37802901450725	0.0366172087997509
2.38486243121561	-0.00108300023242966
2.39169584792396	-0.0477026281233197
2.39852926463232	-0.102922480044182
2.40536268134067	-0.165767902720404
2.41219609804902	-0.234968538062386
2.41902951475738	-0.308874223636068
2.42586293146573	-0.385656570173592
2.43269634817409	-0.463570273225744
2.43952976488244	-0.541067868102818
2.4463631815908	-0.616949213600414
2.45319659829915	-0.69026325197564
2.4600300150075	-0.760344260237882
2.46686343171586	-0.826706604006329
2.47369684842421	-0.889059000281953
2.48053026513257	-0.947322043403186
2.48736368184092	-1.00158908490968
2.49419709854927	-1.05215650030533
2.50103051525763	-1.09940822531918
2.50786393196598	-1.14375000499745
2.51469734867434	-1.18560311196559
2.52153076538269	-1.22535656487444
2.52836418209105	-1.26335636020513
2.5351975987994	-1.29991406637835
2.54203101550775	-1.33521878823064
2.54886443221611	-1.36942451956456
2.55569784892446	-1.40259867264724
2.56253126563282	-1.43473844062082
2.56936468234117	-1.46584911686912
2.57619809904952	-1.49598362853239
2.58303151575788	-1.52520831741301
2.58986493246623	-1.5535107370747
2.59669834917459	-1.58072060889243
2.60353176588294	-1.60664615569879
2.6103651825913	-1.63099986493671
2.61719859929965	-1.65337448312681
2.624032016008	-1.67336213962243
2.63086543271636	-1.69068466126626
2.63769884942471	-1.70517885032071
2.64453226613307	-1.71671688756394
2.65136568284142	-1.72529119628371
2.65819909954977	-1.73092161607719
2.66503251625813	-1.73360749277081
2.67186593296648	-1.73333217863972
2.67869934967484	-1.73005097036726
2.68553276638319	-1.72366454265986
2.69236618309155	-1.714084457842
2.6991995997999	-1.70131514433804
2.70603301650825	-1.6853931848886
2.71286643321661	-1.66639505924506
2.71969984992496	-1.64444709775658
2.72653326663332	-1.61963664979477
2.73336668334167	-1.59189671422775
2.74020010005003	-1.56112054028983
2.74703351675838	-1.52715390104757
2.75386693346673	-1.48981410074511
2.76070035017509	-1.4489393916939
2.76753376688344	-1.40439732204375
2.7743671835918	-1.35604131237258
2.78120060030015	-1.30370059829661
2.7880340170085	-1.24723418295088
2.79486743371686	-1.18655130639775
2.80170085042521	-1.1216800351549
2.80853426713357	-1.05284971750072
2.81536768384192	-0.980412904325345
2.82220110055028	-0.904954978259973
2.82903451725863	-0.827144711634971
2.83586793396698	-0.747779106709455
2.84270135067534	-0.667719341241748
2.84953476738369	-0.587930176407027
2.85636818409205	-0.509414804070996
2.8632016008004	-0.433293032013355
2.87003501750875	-0.360719952757326
2.87686843421711	-0.292834928031106
2.88370185092546	-0.230757659922036
2.89053526763382	-0.175517723976095
2.89736868434217	-0.127660735962015
2.90420210105053	-0.0875553420269388
2.91103551775888	-0.0551293540843314
2.91786893446723	-0.0297739319787281
2.92470235117559	-0.0106988811283536
2.93153576788394	0.00333115848419804
2.9383691845923	0.0136365700669071
2.94520260130065	0.0215500055020115
2.952036018009	0.0283698880924285
2.95886943471736	0.034965614893192
2.96570285142571	0.0419297178629595
2.97253626813407	0.0496191083951405
2.97936968484242	0.0581454016157124
2.98620310155078	0.0677970296988205
2.99303651825913	0.0791070358693573
2.99986993496748	0.0928969658124287
3.00670335167584	0.110138886136238
3.01353676838419	0.131551745592135
3.02037018509255	0.157488310262869
3.0272036018009	0.187689979239695
3.03403701850925	0.221480111793678
3.04087043521761	0.257866023098545
3.04770385192596	0.295879669372486
3.05453726863432	0.334633967043406
3.06137068534267	0.373510457611857
3.06820410205103	0.412041276068452
3.07503751875938	0.450033745042429
3.08187093546773	0.48739241138954
3.08870435217609	0.524126673140449
3.09553776888444	0.560227202784341
3.1023711855928	0.595589585864541
3.10920460230115	0.62997477137501
3.1160380190095	0.662926254364498
3.12287143571786	0.693843135815598
3.12970485242621	0.722031826709776
3.13653826913457	0.746862794002189
3.14337168584292	0.767858708191278
3.15020510255128	0.784891527972131
3.15703851925963	0.798103796249043
3.16387193596798	0.807936979210156
3.17070535267634	0.814974930204731
3.17753876938469	0.819895695276477
3.18437218609305	0.823309508229873
3.1912056028014	0.825771937108582
3.19803901950976	0.827555651643196
3.20487243621811	0.82869210437746
3.21170585292646	0.828898578745393
3.21853926963482	0.827467879673108
3.22537268634317	0.823627268545495
3.23220610305153	0.816495094690284
3.23903951975988	0.805194982401311
3.24587293646823	0.789060465649247
3.25270635317659	0.767524196280442
3.25953976988494	0.740044767880517
3.2663731865933	0.706158652769618
3.27320660330165	0.665426798825658
3.28004002001001	0.617707501909418
3.28687343671836	0.563206855463845
3.29370685342671	0.502178111361573
3.30054027013507	0.435307735579822
3.30737368684342	0.363627855543598
3.31420710355178	0.288199141992864
3.32104052026013	0.210256782791266
3.32787393696848	0.13113016936458
3.33470735367684	0.0521047365184473
3.34154077038519	-0.0257603958424071
3.34837418709355	-0.101477353694373
3.3552076038019	-0.174145676405115
3.36204102051026	-0.243125579253978
3.36887443721861	-0.307825922919365
3.37570785392696	-0.367784242591256
3.38254127063532	-0.422875968936486
3.38937468734367	-0.473031492269017
3.39620810405203	-0.518222428046692
3.40304152076038	-0.55851591625992
3.40987493746873	-0.593992590672181
3.41670835417709	-0.624728703249364
3.42354177088544	-0.650781983847839
3.4303751875938	-0.672205271641413
3.43720860430215	-0.689060180467273
3.44404202101051	-0.701474977402134
3.45087543771886	-0.709608521944407
3.45770885442721	-0.713647480962187
3.46454227113557	-0.714060226113344
3.47137568784392	-0.71147965748143
3.47820910455228	-0.706538354052587
3.48504252126063	-0.699835371173416
3.49187593796898	-0.691945020595142
3.49870935467734	-0.683436378062706
3.50554277138569	-0.674831058589184
3.51237618809405	-0.666622963461835
3.5192096048024	-0.659266115599901
3.52604302151076	-0.652914404106245
3.53287643821911	-0.647584013112794
3.53970985492746	-0.643301049614013
3.54654327163582	-0.64017635864881
3.55337668834417	-0.638361276120202
3.56021010505253	-0.638028167303122
3.56704352176088	-0.639540759669151
3.57387693846923	-0.643365956324156
3.58071035517759	-0.649947088504405
3.58754377188594	-0.659340001207078
3.5943771885943	-0.671291778937641
3.60121060530265	-0.685540620659636
3.60804402201101	-0.701811113536744
3.61487743871936	-0.71980930448237
3.62171085542771	-0.739240256484131
3.62854427213607	-0.759850693687989
3.63537768884442	-0.78146816896274
3.64221110555278	-0.803929437401074
3.64904452226113	-0.827025509109254
3.65587793896948	-0.85042402281585
3.66271135567784	-0.87377053174044
3.66954477238619	-0.896688342820916
3.67637818909455	-0.918784800366734
3.6832116058029	-0.939785782205129
3.69004502251126	-0.9596418434156
3.69687843921961	-0.978333397063188
3.70371185592796	-0.996009949807426
3.71054527263632	-1.0130287533867
3.71737868934467	-1.02975726932329
3.72421210605303	-1.0464257553763
3.73104552276138	-1.06306000656072
3.73787893946974	-1.07966915682479
3.74471235617809	-1.09623437441236
3.75154577288644	-1.11247955820242
3.7583791895948	-1.12799002205748
3.76521260630315	-1.14234973918263
3.77204602301151	-1.15518071872966
3.77887943971986	-1.16636355504691
3.78571285642821	-1.17588647820026
3.79254627313657	-1.18373807246794
3.79937968984492	-1.18990663215193
3.80621310655328	-1.19433040975103
3.81304652326163	-1.19684104657032
3.81987993996999	-1.19725650840214
3.82671335667834	-1.19539476149301
3.83354677338669	-1.19107428800674
3.84038019009505	-1.1842082625331
3.8472136068034	-1.17491431926015
3.85404702351176	-1.16333673143179
3.86088044022011	-1.14961977154756
3.86771385692846	-1.13388071362769
3.87454727363682	-1.1158583348943
3.88138069034517	-1.09501255536844
3.88821410705353	-1.07079680881294
3.89504752376188	-1.04266506818063
3.90188094047024	-1.01015476604598
3.90871435717859	-0.972976301538141
3.91554777388694	-0.930861553115941
3.9223811905953	-0.883552906681207
3.92921460730365	-0.831040405437684
3.93604802401201	-0.773565130792984
3.94288144072036	-0.711380757525729
3.94971485742871	-0.644859400095852
3.95654827413707	-0.574579457051404
3.96338169084542	-0.501183489787081
3.97021510755378	-0.425618518830744
3.97704852426213	-0.348932097244429
3.98388194097049	-0.272025587580894
3.99071535767884	-0.19565936161059
3.99754877438719	-0.12006822705346
4.00438219109555	-0.0453069436313433
4.0112156078039	0.0285756542266528
4.01804902451226	0.101530112588596
4.02488244122061	0.173332714824264
4.03171585792896	0.243525823139551
4.03854927463732	0.311686103531527
4.04538269134567	0.377600711132136
4.05221610805403	0.441112974280199
4.05904952476238	0.502192866463065
4.06588294147074	0.561027927985049
4.07271635817909	0.617826966655611
4.07954977488744	0.672655124731599
4.0863831915958	0.725174209878958
4.09321660830415	0.774970832724363
4.10005002501251	0.821436710660128
4.10688344172086	0.863709197506849
4.11371685842921	0.900986217523872
4.12055027513757	0.932631114369214
4.12738369184592	0.958040115340466
4.13421710855428	0.976703772959649
4.14105052526263	0.988158195013046
4.14788394197099	0.991922921048809
4.15471735867934	0.987431556161814
4.16155077538769	0.974091562731834
4.16838419209605	0.951425641437358
4.1752176088044	0.919167920706382
4.18205102551276	0.877104826491347
4.18888444222111	0.825140484541557
4.19571785892946	0.763213571544411
4.20255127563782	0.691370408377061
4.20938469234617	0.609757002470266
4.21621810905453	0.518537451399259
4.22305152576288	0.418088078914115
4.22988494247124	0.308947448199008
4.23671835917959	0.19171144179075
4.24355177588794	0.0673423462989844
4.2503851925963	-0.0630377072062324
4.25721860930465	-0.198034641611377
4.26405202601301	-0.335866329645132
4.27088544272136	-0.474728538366366
4.27771885942972	-0.612879308733904
4.28455227613807	-0.748606736042043
4.29138569284642	-0.880282536564385
4.29821910955478	-1.00668481167254
4.30505252626313	-1.12671542729673
4.31188594297149	-1.23948616949037
4.31871935967984	-1.34471431584727
4.32555277638819	-1.44222705369989
4.33238619309655	-1.53188708552429
4.3392196098049	-1.61359492368639
4.34605302651326	-1.68725510996275
4.35288644322161	-1.7528940417381
4.35971985992996	-1.81072152712629
4.36655327663832	-1.86096253010228
4.37338669334667	-1.90384201426627
4.38022011005503	-1.93958510970891
4.38705352676338	-1.96845554942124
4.39388694347174	-1.99080485480112
4.40072036018009	-2.00699668878304
4.40755377688844	-2.01739471426199
4.4143871935968	-2.02236264778215
4.42122061030515	-2.02227520803977
4.42805402701351	-2.0175314544961
4.43488744372186	-2.00853370835483
4.44172086043022	-1.99568429064754
4.44855427713857	-1.97934884239659
4.45538769384692	-1.95975983428462
4.46222111055528	-1.93711952241303
4.46905452726363	-1.91163016269144
4.47588794397199	-1.88350025002895
4.48272136068034	-1.85297457185761
4.48955477738869	-1.82031100354224
4.49638819409705	-1.78576785385477
4.5032216108054	-1.74963812390839
4.51005502751376	-1.71227507504408
4.51688844422211	-1.67403799249986
4.52372186093047	-1.63528728374247
4.53055527763882	-1.59639663691529
4.53738869434717	-1.55774842156869
4.54422211105553	-1.5197251577555
4.55105552776388	-1.48272230213158
4.55788894447224	-1.44727799348811
4.56472236118059	-1.41401889114737
4.57155577788894	-1.38357297900875
4.5783891945973	-1.35650824758742
4.58522261130565	-1.3329539509733
4.59205602801401	-1.3128433008137
4.59888944472236	-1.29592456342267
4.60572286143072	-1.28156585413078
4.61255627813907	-1.26910433325118
4.61938969484742	-1.25804530581187
4.62622311155578	-1.24799500890103
4.63305652826413	-1.23865312913045
4.63988994497249	-1.22990449808261
4.64672336168084	-1.22163879201823
4.65355677838919	-1.21360190893061
4.66039019509755	-1.20546859251475
4.6672236118059	-1.19689876694846
4.67405702851426	-1.18745847248315
4.68089044522261	-1.17667591186641
4.68772386193097	-1.16406649207297
4.69455727863932	-1.14906962827786
4.70139069534767	-1.13109908224275
4.70822411205603	-1.10961981281402
4.71505752876438	-1.08414514757505
4.72189094547274	-1.05428076503033
4.72872436218109	-1.01983530594534
4.73555777888944	-0.980707069302552
4.7423911955978	-0.936935375346798
4.74922461230615	-0.888579612626734
4.75605802901451	-0.835700565850578
4.76289144572286	-0.778338710954333
4.76972486243122	-0.716458003555747
4.77655827913957	-0.650002005549977
4.78339169584792	-0.57889926951035
4.79022511255628	-0.503076255582412
4.79705852926463	-0.422512393889891
4.80389194597299	-0.337230392621526
4.81072536268134	-0.24735011872499
4.8175587793897	-0.15315823260762
4.82439219609805	-0.0551424432635794
4.8312256128064	0.0459870598259159
4.83805902951476	0.14931495887742
4.84489244622311	0.253805584581041
4.85172586293147	0.358457581644435
4.85855927963982	0.462304598899157
4.86539269634817	0.564494756726216
4.87222611305653	0.664383085315977
4.87905952976488	0.76137841730153
4.88589294647324	0.855015073281537
4.89272636318159	0.94486045343402
4.89955977988994	1.03049991574197
4.9063931965983	1.11152854729322
4.91322661330665	1.187581876601
4.92006003001501	1.25836540783304
4.92689344672336	1.3236139537305
4.93372686343172	1.3832803352359
4.94056028014007	1.43744050304905
4.94739369684843	1.48617393068518
4.95422711355678	1.52966309306343
4.96106053026513	1.56823724687262
4.96789394697349	1.6022368829429
4.97472736368184	1.63199766958447
4.9815607803902	1.65779836257444
4.98839419709855	1.67988059260385
4.9952276138069	1.69848535321091
5.00206103051526	1.71384455935024
5.00889444722361	1.72614339005249
5.01572786393197	1.73555202807168
5.02256128064032	1.74224064822041
5.02939469734867	1.74637835837166
5.03622811405703	1.74813120127175
5.04306153076538	1.74766467226784
5.04989494747374	1.7451442671705
5.05672836418209	1.7407354962158
5.06356178089045	1.73461266510399
5.0703951975988	1.72697362804716
5.07722861430715	1.71802013827843
5.08406203101551	1.70795394945781
5.09089544772386	1.69697681502634
5.09772886443222	1.68528698246928
5.10456228114057	1.67300273041556
5.11139569784893	1.66016273840058
5.11822911455728	1.64680225408793
5.12506253126563	1.6329565300234
5.13189594797399	1.6186640306582
5.13872936468234	1.60397206501901
5.1455627813907	1.58892945039901
5.15239619809905	1.57358246498411
5.1592296148074	1.55789787099934
5.16606303151576	1.54174905304116
5.17289644822411	1.52500396870097
5.17972986493247	1.50749608965557
5.18656328164082	1.4889728417243
5.19339669834917	1.46916838599324
5.20023011505753	1.44777416328645
5.20706353176588	1.42436569436357
5.21389694847424	1.3984990275535
5.22073036518259	1.36974677564059
5.22756378189095	1.33776799954638
5.2343971985993	1.3022498680231
5.24123061530765	1.2628814243727
5.24806403201601	1.21939407497885
5.25489744872436	1.17156136578139
5.26173086543272	1.11915867003704
5.26856428214107	1.06202403374144
5.27539769884943	1.00020314677272
5.28223111555778	0.933784644646667
5.28906453226613	0.862869492587801
5.29589794897449	0.787770891576531
5.30273136568284	0.708980888669644
5.3095647823912	0.627024825985965
5.31639819909955	0.542632987474612
5.3232316158079	0.456656023002276
5.33006503251626	0.370246499232037
5.33689844922461	0.284751973289645
5.34373186593297	0.20162517751157
5.35056528264132	0.122283078167906
5.35739869934967	0.0478953896994278
5.36423211605803	-0.0206353177361928
5.37106553276638	-0.0827169194008193
5.37789894947474	-0.13801326194876
5.38473236618309	-0.186365365395299
5.39156578289145	-0.227761923773855
5.3983991995998	-0.262627060828769
5.40523261630815	-0.291467255490482
5.41206603301651	-0.314796436949506
5.41889944972486	-0.333283506838984
5.42573286643322	-0.347743750673176
5.43256628314157	-0.35899721791967
5.43939969984993	-0.36771876315765
5.44623311655828	-0.374284609231782
5.45306653326663	-0.379032461644907
5.45989994997499	-0.382166130506161
5.46673336668334	-0.383663939972097
5.4735667833917	-0.383483729751777
5.48040020010005	-0.381683814153215
5.4872336168084	-0.378498520562115
5.49406703351676	-0.374179884852462
5.50090045022511	-0.368904403470039
5.50773386693347	-0.362631999535484
5.51456728364182	-0.355284027313012
5.52140070035018	-0.346784748383795
5.52823411705853	-0.337068768632565
5.53506753376688	-0.326072993103505
5.54190095047524	-0.313705150271794
5.54873436718359	-0.299749271342621
5.55556778389195	-0.283956613030433
5.5624012006003	-0.266120857276876
5.56923461730865	-0.246200416893323
5.57606803401701	-0.22419399560086
5.58290145072536	-0.200140981995062
5.58973486743372	-0.174161070955158
5.59656828414207	-0.146368967469862
5.60340170085043	-0.116599103015656
5.61023511755878	-0.0844313107047333
5.61706853426713	-0.0494626473378293
5.62390195097549	-0.0114201105846875
5.63073536768384	0.0299252823922287
5.6375687843922	0.0747067385757698
5.64440220110055	0.122966791971159
5.6512356178089	0.174846378769592
5.65806903451726	0.230585425379168
5.66490245122561	0.290354191448506
5.67173586793397	0.354224491025018
5.67856928464232	0.421800787787376
5.68540270135068	0.492292563485849
5.69223611805903	0.564365413206321
5.69906953476738	0.636376862108965
5.70590295147574	0.706611308198736
5.71273636818409	0.773334806698408
5.71956978489245	0.835136084848761
5.7264032016008	0.890838617407818
5.73323661830915	0.939459361284804
5.74007003501751	0.980213114806484
5.74690345172586	1.01237214899069
5.75373686843422	1.03528719762139
5.76057028514257	1.04845317123596
5.76740370185093	1.05168763121144
5.77423711855928	1.04497522097951
5.78107053526763	1.02872323375775
5.78790395197599	1.00348076655111
5.79473736868434	0.97005747416902
5.8015707853927	0.929388402631414
5.80840420210105	0.882715696220708
5.8152376188094	0.831465442950538
5.82207103551776	0.777296703622982
5.82890445222611	0.72192205164366
5.83573786893447	0.666933657031379
5.84257128564282	0.613803311092837
5.84940470235118	0.563639014469178
5.85623811905953	0.517329442928967
5.86307153576788	0.47521473218926
5.86990495247624	0.437472642924281
5.87673836918459	0.403877465157467
5.88357178589295	0.373731266540595
5.8904052026013	0.346317057967305
5.89723861930966	0.320960761631988
5.90407203601801	0.29702259641413
5.91090545272636	0.274128368457144
5.91773886943472	0.252100204196346
5.92457228614307	0.230942588929451
5.93140570285143	0.210882215738776
5.93823911955978	0.192207424353354
5.94507253626813	0.175477624135458
5.95190595297649	0.161347148350678
5.95873936968484	0.150432110311479
5.9655727863932	0.143292109799123
5.97240620310155	0.140477715794871
5.97923961980991	0.142388363148705
5.98607303651826	0.149239774387806
5.99290645322661	0.161232650856382
5.99973986993497	0.178445467019056
6.00657328664332	0.200813724581237
6.01340670335168	0.228256750749897
6.02024012006003	0.260649434613207
6.02707353676838	0.297846548477084
6.03390695347674	0.339519499224873
6.04074037018509	0.385105139834686
6.04757378689345	0.433899738624457
6.0544072036018	0.48478622223951
6.06124062031016	0.536560446892724
6.06807403701851	0.587995536441077
6.07490745372686	0.637849888149511
6.08174087043522	0.684927514621893
6.08857428714357	0.728173223967326
6.09540770385193	0.766557995444161
6.10224112056028	0.799036477917697
6.10907453726863	0.824547929003787
6.11590795397699	0.842079443412999
6.12274137068534	0.850713585443682
6.1295747873937	0.849644252352207
6.13640820410205	0.838395758933583
6.14324162081041	0.816608903005951
6.15007503751876	0.784199643545152
6.15690845422711	0.7412011100484
6.16374187093547	0.68785219302545
6.17057528764382	0.624522049152733
6.17740870435218	0.551858279260521
6.18424212106053	0.470812893402773
6.19107553776889	0.382487616047122
6.19790895447724	0.28827451583287
6.20474237118559	0.189621615011808
6.21157578789395	0.0880399683177809
6.2184092046023	-0.0149517219659859
6.22524262131066	-0.117865541948313
6.23207603801901	-0.219249139703318
6.23890945472736	-0.317905108217964
6.24574287143572	-0.412789291007813
6.25257628814407	-0.503207032626566
6.25940970485243	-0.588931708278805
6.26624312156078	-0.669839322371454
6.27307653826913	-0.745986197407789
6.27990995497749	-0.81742678468472
6.28674337168584	-0.884061149145402
6.2935767883942	-0.945745879910636
6.30041020510255	-1.00245643230953
6.30724362181091	-1.0542889717111
6.31407703851926	-1.10140112238195
6.32091045522761	-1.14420151369219
6.32774387193597	-1.18316897694343
6.33457728864432	-1.21877532270122
6.34141070535268	-1.25147367848917
6.34824412206103	-1.28171407294847
6.35507753876939	-1.30991845609298
6.36191095547774	-1.33642748773362
6.36874437218609	-1.36156561924748
6.37557778889445	-1.3856013320701
6.3824112056028	-1.40873343339157
6.38924462231116	-1.43110892554212
6.39607803901951	-1.45270922414934
6.40291145572786	-1.47347971840277
6.40974487243622	-1.49337142199098
6.41657828914457	-1.51234465462043
6.42341170585293	-1.53036061987504
6.43024512256128	-1.54738715883975
6.43707853926963	-1.5634100082801
6.44391195597799	-1.57841787414359
6.45074537268634	-1.59235019470815
6.4575787893947	-1.604988810029
6.46441220610305	-1.61608416548051
6.47124562281141	-1.62542883505863
6.47807903951976	-1.63293387684813
6.48491245622811	-1.63853130023005
6.49174587293647	-1.64221768852131
6.49857928964482	-1.64413694297959
6.50541270635318	-1.6444521977263
6.51224612306153	-1.64322837793542
6.51907953976989	-1.64036146528174
6.52591295647824	-1.6357279548064
6.53274637318659	-1.62917268177582
6.53957978989495	-1.62052436420714
6.5464132066033	-1.60971636570151
6.55324662331166	-1.596796947454
6.56008004002001	-1.5818259185734
6.56691345672836	-1.56490697153608
6.57374687343672	-1.54616417799759
6.58058029014507	-1.52572148032698
6.58741370685343	-1.50368671645951
6.59424712356178	-1.48014179101147
6.60108054027013	-1.45516626019316
6.60791395697849	-1.4288302583431
6.61474737368684	-1.40113253556397
6.6215807903952	-1.37203914797183
6.62841420710355	-1.34151595342576
6.63524762381191	-1.30949525411867
6.64208104052026	-1.27581095497926
6.64891445722861	-1.24027901812632
6.65574787393697	-1.2027289799922
6.66258129064532	-1.1632580756274
6.66941470735368	-1.12220861963186
6.67624812406203	-1.07993272716349
6.68308154077039	-1.03686946999875
6.68991495747874	-0.993624128430937
6.69674837418709	-0.95082071014073
6.70358179089545	-0.908982229605736
6.7104152076038	-0.868236215056888
6.71724862431216	-0.828613400542836
6.72408204102051	-0.790139253471633
6.73091545772886	-0.752800595525723
6.73774887443722	-0.716567035557143
6.74458229114557	-0.681397205298839
6.75141570785393	-0.647110632087207
6.75824912456228	-0.61343082930152
6.76508254127064	-0.580072700341663
6.77191595797899	-0.546685345056
6.77874937468734	-0.512880536526475
6.7855827913957	-0.478269620610764
6.79241620810405	-0.442517171102862
6.79924962481241	-0.405690628497074
6.80608304152076	-0.368041774600733
6.81291645822911	-0.329823344826773
6.81974987493747	-0.291288074794281
6.82658329164582	-0.252688699667274
6.83341670835418	-0.214277955345501
6.84025012506253	-0.176308576957509
6.84708354177089	-0.13903329970408
6.85391695847924	-0.102695055680095
6.8607503751876	-0.0675005968505049
6.86758379189595	-0.0336483303057627
6.8744172086043	-0.00133666354929792
6.88125062531266	0.029235995994968
6.88808404202101	0.0578712408971244
6.89491745872936	0.0843706640718162
6.90175087543772	0.108535122940146
6.90858429214607	0.130148963392265
6.91541770885443	0.148980233099753
6.92225112556278	0.164796287610674
6.92908454227114	0.177364482434429
6.93591795897949	0.186452173295841
6.94275137568784	0.191826820515541
6.9495847923962	0.19333255459821
6.95641820910455	0.19102557946096
6.96325162581291	0.184998460524176
6.97008504252126	0.175343763455076
6.97691845922962	0.162154053767758
6.98375187593797	0.145521755074624
6.99058529264632	0.125532145883977
6.99741870935468	0.102260156070638
7.00425212606303	0.0757799049544502
7.01108554277139	0.046154638792932
7.01791895947974	0.0133410305046355
7.02475237618809	-0.0227646283013877
7.03158579289645	-0.0622667350268524
7.0384192096048	-0.105179697633539
7.04525262631316	-0.151171269077123
7.05208604302151	-0.199825742627927
7.05891945972987	-0.250727411416684
7.06575287643822	-0.303489840916098
7.07258629314657	-0.357899582958819
7.07941970985493	-0.41380650585063
7.08625312656328	-0.471060572921701
7.09308654327164	-0.529493332720804
7.09991995997999	-0.588746539731494
7.10675337668834	-0.648350118167071
7.1135867933967	-0.707832552712839
7.12042021010505	-0.766721012062464
7.12725362681341	-0.82447437878977
7.13408704352176	-0.88045140774674
7.14092046023012	-0.934002874889908
7.14775387693847	-0.984479556709397
7.15458729364682	-1.03128215952179
7.16142071035518	-1.07407700321682
7.16825412706353	-1.11261838375434
7.17508754377189	-1.14666065381689
7.18192096048024	-1.17595816629817
7.18875437718859	-1.20028342419418
7.19558779389695	-1.21955038674594
7.2024212106053	-1.23373939484957
7.20925462731366	-1.24283117185389
7.21608804402201	-1.24680644077913
7.22292146073037	-1.2456608284089
7.22975487743872	-1.23947160775388
7.23658829414707	-1.22834506194808
7.24342171085543	-1.21248700314961
7.25025512756378	-1.19227608000804
7.25708854427214	-1.16810652575407
7.26392196098049	-1.14035219265083
7.27075537768884	-1.10937343446583
7.2775887943972	-1.07553072942323
7.28442221110555	-1.03920412389178
7.29125562781391	-1.00080271055094
7.29808904452226	-0.960737948557943
7.30492246123062	-0.919501759604599
7.31175587793897	-0.877857537393386
7.31858929464732	-0.836625869602427
7.32542271135568	-0.796605924537789
7.33225612806403	-0.758442665299724
7.33908954477239	-0.72271351195376
7.34592296148074	-0.68998293832881
7.35275637818909	-0.66056170570115
7.35958979489745	-0.634526078576135
7.3664232116058	-0.611943008352326
7.37325662831416	-0.592827534919649
7.38009004502251	-0.577098412111622
7.38692346173087	-0.564663939076797
7.39375687843922	-0.555468439367971
7.40059029514757	-0.549598858095535
7.40742371185593	-0.547143044855349
7.41425712856428	-0.547759768734904
7.42109054527264	-0.550814566969717
7.42792396198099	-0.555571376233506
7.43475737868935	-0.561153766579331
7.4415907953977	-0.566834608949307
7.44842421210605	-0.572159007973004
7.45525762881441	-0.576744848551453
7.46209104552276	-0.580299846394791
7.46892446223112	-0.582563613945442
7.47575787893947	-0.583399680856103
7.48259129564782	-0.582728115409443
7.48942471235618	-0.580783915133257
7.49625812906453	-0.578132396263365
7.50309154577289	-0.575289246398859
7.50992496248124	-0.572438719827507
7.51675837918959	-0.569654250738285
7.52359179589795	-0.566685673406156
7.5304252126063	-0.562796839459582
7.53725862931466	-0.557224680334957
7.54409204602301	-0.549246101349127
7.55092546273137	-0.538183943096922
7.55775887943972	-0.523601160267176
7.56459229614807	-0.505156413880026
7.57142571285643	-0.48258312003166
7.57825912956478	-0.455692891998671
7.58509254627314	-0.424333773361872
7.59192596298149	-0.38845640267361
7.59875937968985	-0.348042924044726
7.6055927963982	-0.303261728803055
7.61242621310655	-0.254432553754809
7.61925962981491	-0.201934350779219
7.62609304652326	-0.146336204107298
7.63292646323162	-0.088244489864331
7.63975987993997	-0.028113450608943
7.64659329664832	0.0338008252750884
7.65342671335668	0.0972486230891087
7.66026013006503	0.161920029676236
7.66709354677339	0.227473767424802
7.67392696348174	0.29342188670817
7.68076038019009	0.358910673270045
7.68759379689845	0.423030249259628
7.6944272136068	0.484871024250456
7.70126063031516	0.543523665038185
7.70809404702351	0.598098863769583
7.71492746373187	0.647818318562832
7.72176088044022	0.691942250234645
7.72859429714857	0.729835850291153
7.73542771385693	0.761130052857488
7.74226113056528	0.785497223057254
7.74909454727364	0.802610710132619
7.75592796398199	0.812155684932865
7.76276138069035	0.813825130522877
7.7695947973987	0.807312168099813
7.77642821410705	0.792340210772531
7.78326163081541	0.76886064378748
7.79009504752376	0.73692865588007
7.79692846423212	0.696599960851777
7.80376188094047	0.647936791400191
7.81059529764883	0.591181234827539
7.81742871435718	0.526773615811131
7.82426213106553	0.455164465170963
7.83109554777389	0.376804314671725
7.83792896448224	0.292160794783787
7.84476238119059	0.2018084264613
7.85159579789895	0.106362952875177
7.8584292146073	0.00644020494809295
7.86526263131566	-0.0972966412515121
7.87209604802401	-0.203636061341225
7.87892946473237	-0.311013727834793
7.88576288144072	-0.417859477185579
7.89259629814908	-0.522637698435128
7.89942971485743	-0.624205904202431
7.90626313156578	-0.721671231024127
7.91309654827414	-0.814149754676324
7.91992996498249	-0.900873124596447
7.92676338169085	-0.981189457212347
7.9335967983992	-1.0545112125803
7.94043021510755	-1.12056450001888
7.94726363181591	-1.17917889171626
7.95409704852426	-1.23018250600471
7.96093046523262	-1.2733831458847
7.96776388194097	-1.30857412226498
7.97459729864932	-1.33554843343578
7.98143071535768	-1.35411691583529
7.98826413206603	-1.36424523784721
7.99509754877439	-1.36597860884782
8.00193096548274	-1.35936289014815
8.0087643821911	-1.34446692117676
8.01559779889945	-1.32147253456798
8.0224312156078	-1.29059623613014
8.02926463231616	-1.25205465347916
8.03609804902451	-1.20617462463155
8.04293146573287	-1.15359928399391
8.04976488244122	-1.09502815511041
8.05659829914958	-1.03116050084154
8.06343171585793	-0.962632685334934
8.07026513256628	-0.889936734094305
8.07709854927464	-0.8135445075441
8.08393196598299	-0.733927928654005
8.09076538269135	-0.65166226976457
8.0975987993997	-0.567636734613999
8.10443221610806	-0.482799912739304
8.11126563281641	-0.398099687403488
8.11809904952476	-0.314445220168312
8.12493246623312	-0.232687676223264
8.13176588294147	-0.153673459010522
8.13859929964982	-0.078160122685256
8.14543271635818	-0.00657476630781637
8.15226613306653	0.0607323200292737
8.15909954977489	0.123448175287501
8.16593296648324	0.181496335085348
8.1727663831916	0.234892671592848
8.17959979989995	0.283663258565761
8.1864332166083	0.327900418632088
8.19326663331666	0.367723441377548
8.20010005002501	0.403290388952825
8.20693346673337	0.434938533018888
8.21376688344172	0.463056727214864
8.22060030015007	0.488004813468022
8.22743371685843	0.510087583153771
8.23426713356678	0.529576275041068
8.24110055027514	0.546470992928927
8.24793396698349	0.560616489361943
8.25476738369185	0.571835687820809
8.2616008004002	0.579927434911686
8.26843421710856	0.584812881799236
8.27526763381691	0.586866384732945
8.28210105052526	0.586568865486431
8.28893446723362	0.58455087444969
8.29576788394197	0.581664002764685
8.30260130065033	0.578776922616787
8.30943471735868	0.576493484828644
8.31626813406703	0.57475812223622
8.32310155077539	0.573414348086565
8.32993496748374	0.572305675931051
8.3367683841921	0.571331832247438
8.34360180090045	0.570770773629114
8.3504352176088	0.571056438569752
8.35726863431716	0.57262325374649
8.36410205102551	0.575905238879657
8.37093546773387	0.581081398053167
8.37776888444222	0.587640321480792
8.38460230115058	0.594954898691754
8.39143571785893	0.602398019535319
8.39826913456728	0.609342573815429
8.40510255127564	0.615163661440308
8.41193596798399	0.61944150518114
8.41876938469235	0.62212495004611
8.4256028014007	0.623201315168196
8.43243621810906	0.622657919687231
8.43926963481741	0.62048208316498
8.44610305152576	0.616665922506079
8.45293646823412	0.611321017556579
8.45976988494247	0.604683710574691
8.46660330165083	0.59699620029384
8.47343671835918	0.588500686799549
8.48027013506753	0.579439368871778
8.48710355177589	0.570002823209247
8.49393696848424	0.559854155191237
8.5007703851926	0.548347757639154
8.50760380190095	0.534834128693057
8.51443721860931	0.518663766258404
8.52127063531766	0.499187168077195
8.52810405202601	0.475782443912797
8.53493746873437	0.44801046356602
8.54177088544272	0.415506356644084
8.54860430215108	0.377905467559428
8.55543771885943	0.334843139988367
8.56227113556779	0.285954718433566
8.56910455227614	0.230937277334067
8.57593796898449	0.169896388715564
8.58277138569285	0.103103572026373
8.5896048024012	0.0308308247327389
8.59643821910956	-0.0466498548314605
8.60327163581791	-0.129066468971913
8.61010505252626	-0.216004339125026
8.61693846923462	-0.306261363583128
8.62377188594297	-0.398365284936181
8.63060530265133	-0.490843603650642
8.63743871935968	-0.582223819911416
8.64427213606803	-0.67103370071197
8.65110555277639	-0.756055032577676
8.65793896948474	-0.836796292971071
8.6647723861931	-0.912895078008781
8.67160580290145	-0.983988983984003
8.67843921960981	-1.04971560718182
8.68527263631816	-1.10973126016051
8.69210605302651	-1.1640128429775
8.69893946973487	-1.21280656956887
8.70577288644322	-1.25636701736241
8.71260630315158	-1.29496833142304
8.71943971985993	-1.32895720398126
8.72627313656828	-1.35869713792728
8.73310655327664	-1.38454349392047
8.73993996998499	-1.40673024529471
8.74677338669335	-1.42539815493643
8.7536068034017	-1.4406194216939
8.76044022011006	-1.45222091497336
8.76727363681841	-1.45997198762545
8.77410705352676	-1.46361847999833
8.78094047023512	-1.46287729276899
8.78777388694347	-1.45746447381593
8.79460730365183	-1.44717483764109
8.80144072036018	-1.43194079599473
8.80827413706854	-1.4117087874355
8.81510755377689	-1.38646879194606
8.82194097048524	-1.35631170913069
8.8287743871936	-1.32134342125697
8.83560780390195	-1.2817054661569
8.84244122061031	-1.23759057401682
8.84927463731866	-1.18920036224617
8.85610805402701	-1.13683195558166
8.86294147073537	-1.08086902568158
8.86977488744372	-1.02170781954189
8.87660830415208	-0.960002667164076
8.88344172086043	-0.896690950607555
8.89027513756879	-0.832722492446934
8.89710855427714	-0.768948135054313
8.90394197098549	-0.706076651000025
8.91077538769385	-0.644805827359759
8.9176088044022	-0.585833451022725
8.92444222111055	-0.529812037682974
8.93127563781891	-0.477085788285481
8.93810905452726	-0.427870366219389
8.94494247123562	-0.38238100914921
8.95177588794397	-0.340831770964809
8.95860930465233	-0.303322982934703
8.96544272136068	-0.269748426435807
8.97227613806903	-0.239980036568298
8.97910955477739	-0.213889747126243
8.98594297148574	-0.191349492722779
8.9927763881941	-0.172249144348049
8.99960980490245	-0.15665519175174
9.00644322161081	-0.14473455684636
9.01327663831916	-0.136655320656387
9.02011005502751	-0.132585564101834
9.02694347173587	-0.132693340513896
9.03377688844422	-0.13713117017085
9.04061030515258	-0.146010251345904
9.04744372186093	-0.159434986538717
9.05427713856928	-0.177509776612802
9.06111055527764	-0.200339023582711
9.06794397198599	-0.22800297177053
9.07477738869435	-0.260456554573687
9.0816108054027	-0.297614199596343
9.08844422211106	-0.339390313684954
9.09527763881941	-0.385699304521125
9.10211105552776	-0.436398248090541
9.10894447223612	-0.490789462028086
9.11577788894447	-0.547864119297483
9.12261130565283	-0.606609956094921
9.12944472236118	-0.666014707530258
9.13627813906954	-0.725066109404123
9.14311155577789	-0.782751896993734
9.14994497248624	-0.838131216126057
9.1567783891946	-0.890547409075092
9.16361180590295	-0.939414506126909
9.17044522261131	-0.98414653949848
9.17727863931966	-1.02415753965853
9.18411205602801	-1.05886153805111
9.19094547273637	-1.08767256590898
9.19777888944472	-1.11008788639679
9.20461230615308	-1.12593110830679
9.21144572286143	-1.13510581735899
9.21827913956979	-1.1375249444174
9.22511255627814	-1.13313218666678
9.23194597298649	-1.1218776563107
9.23877938969485	-1.10371207937059
9.2456128064032	-1.07859824373298
9.25244622311155	-1.04659749432633
9.25927963981991	-1.00782164108105
9.26611305652826	-0.962397398520934
9.27294647323662	-0.910456576039294
9.27977988994497	-0.852009253898972
9.28661330665333	-0.786908057649576
9.29344672336168	-0.715041395160327
9.30028014007004	-0.636481501277458
9.30711355677839	-0.551389883312747
9.31394697348674	-0.460419429133685
9.3207803901951	-0.364534462823629
9.32761380690345	-0.264786428103689
9.33444722361181	-0.16234927625769
9.34128064032016	-0.058322158321838
9.34811405702852	0.0465000414898591
9.35494747373687	0.151394163583156
9.36178089044522	0.255675667517678
9.36861430715358	0.358683582860049
9.37544772386193	0.459681319347263
9.38228114057029	0.55777267631011
9.38911455727864	0.652053287560885
9.39594797398699	0.741728810365202
9.40278139069535	0.826066967686931
9.4096148074037	0.904475425620461
9.41644822411206	0.976561436061823
9.42328164082041	1.04198485666455
9.43011505752876	1.10051783266798
9.43694847423712	1.15195125946545
9.44378189094547	1.19604386086413
9.45061530765383	1.23253099017524
9.45744872436218	1.26116107734927
9.46428214107054	1.28172076444278
9.47111555777889	1.29400976734021
9.47794897448724	1.29796579665978
9.4847823911956	1.29365944569839
9.49161580790395	1.28117907776693
9.49844922461231	1.26069837600641
9.50528264132066	1.23242761535074
9.51211605802902	1.19663715444135
9.51894947473737	1.15370595525663
9.52578289144572	1.10404767114001
9.53261630815408	1.04824642163793
9.53944972486243	0.986962230155116
9.54628314157079	0.92085741687858
9.55311655827914	0.850599261050063
9.55994997498749	0.7768574577888
9.56678339169585	0.700384311026357
9.5736168084042	0.622051862319478
9.58045022511256	0.542749603737917
9.58728364182091	0.463477767287411
9.59411705852927	0.385317035373032
9.60095047523762	0.309335056656463
9.60778389194597	0.236511663207553
9.61461730865433	0.167793986539041
9.62145072536268	0.104091561209986
9.62828414207104	0.0462519393238964
9.63511755877939	-0.00491995074763822
9.64195097548775	-0.0488124523609854
9.6487843921961	-0.0849104683522795
9.65561780890445	-0.113043276510633
9.66245122561281	-0.13327371220829
9.66928464232116	-0.146004343965769
9.67611805902952	-0.151867687280053
9.68295147573787	-0.151677999360238
9.68978489244622	-0.146332654354104
9.69661830915458	-0.136685391248759
9.70345172586293	-0.123512477928919
9.71028514257129	-0.107402476698224
9.71711855927964	-0.0888576733553342
9.72395197598799	-0.068278688094828
9.73078539269635	-0.046080820729864
9.7376188094047	-0.0227155549672268
9.74445222611306	0.00134799042917421
9.75128564282141	0.0256310918963887
9.75811905952976	0.0497922334021425
9.76495247623812	0.0736331266596441
9.77178589294647	0.0971612413671487
9.77861930965483	0.120535748208823
9.78545272636318	0.143922738257155
9.79228614307154	0.167451628942426
9.79911955977989	0.191025031881021
9.80595297648824	0.214395369128888
9.8127863931966	0.237146975536449
9.81961980990495	0.258858086190385
9.82645322661331	0.279140486819596
9.83328664332166	0.297696495602973
9.84012006003002	0.314240919508521
9.84695347673837	0.328418409132581
9.85378689344672	0.339835975242434
9.86062031015508	0.348009030386422
9.86745372686343	0.352428626711645
9.87428714357179	0.352674767731396
9.88112056028014	0.348595144978187
9.88795397698849	0.340087598760466
9.89478739369685	0.327083144555378
9.9016208104052	0.309689268180792
9.90845422711356	0.288071903005902
9.91528764382191	0.262397019723363
9.92212106053027	0.23283058934247
9.92895447723862	0.199599996620798
9.93578789394697	0.163222824808319
9.94262131065533	0.124302293453114
9.94945472736368	0.0834416351168521
9.95628814407204	0.0412440820638801
9.96312156078039	-0.00171860608763235
9.96995497748875	-0.0449905774586699
9.9767883941971	-0.0881426602919293
9.98362181090545	-0.130745683811591
9.99045522761381	-0.172370476270927
9.99728864432216	-0.212589001270807
10.0041220610305	-0.250983796887875
10.0109554777389	-0.287143149671388
10.0177888944472	-0.32065540346629
10.0246223111556	-0.351108902490343
10.0314557278639	-0.37810031249523
10.0382891445723	-0.401379508823367
10.0451225612806	-0.420830966310958
10.051955977989	-0.43634373977435
10.0587893946973	-0.447812418672648
10.0656228114057	-0.45537623371148
10.0724562281141	-0.459510362064295
10.0792896448224	-0.460714357879745
10.0861230615308	-0.459485654269363
10.0929564782391	-0.456152349795131
10.0997898949475	-0.450752432503563
10.1066233116558	-0.44328035034975
10.1134567283642	-0.433508388923018
10.1202901450725	-0.421039338054818
10.1271235617809	-0.405519631235687
10.1339569784892	-0.386815337628175
10.1407903951976	-0.364864657255906
10.147623811906	-0.339978776497982
10.1544572286143	-0.312961482164907
10.1612906453227	-0.284636928830529
10.168124062031	-0.255740160441218
10.1749574787394	-0.226968070720434
10.1817908954477	-0.198821155244186
10.1886243121561	-0.171426131344987
10.1954577288644	-0.144887989086016
10.2022911455728	-0.119512494117719
10.2091245622811	-0.0957204483576221
10.2159579789895	-0.0739976322024579
10.2227913956979	-0.0550322310306344
10.2296248124062	-0.0395487683180569
10.2364582291146	-0.028171111753994
10.2432916458229	-0.0214148217082537
10.2501250625313	-0.0196724459274495
10.2569584792396	-0.0228429724162275
10.263791895948	-0.0306910006059351
10.2706253126563	-0.0428559245702558
10.2774587293647	-0.058845819593562
10.284292146073	-0.0782254258442678
10.2911255627814	-0.100815581612197
10.2979589794897	-0.126501858863209
10.3047923961981	-0.155157973331868
10.3116258129065	-0.186644886605229
10.3184592296148	-0.220806099173054
10.3252926463232	-0.257453889699172
10.3321260630315	-0.296386364427526
10.3389594797399	-0.337365297900655
10.3457928964482	-0.380133697278114
10.3526263131566	-0.424207236352897
10.3594597298649	-0.46888904283856
10.3662931465733	-0.513482527248808
10.3731265632816	-0.557335890141964
10.37995997999	-0.599812131132678
10.3867933966983	-0.640271955058384
10.3936268134067	-0.678018282213222
10.4004602301151	-0.712293462592796
10.4072936468234	-0.742336983310926
10.4141270635318	-0.767407947183505
10.4209604802401	-0.786851356040173
10.4277938969485	-0.800035720153903
10.4346273136568	-0.806332024857581
10.4414607303652	-0.805267882489325
10.4482941470735	-0.796618517397994
10.4551275637819	-0.78018103211525
10.4619609804902	-0.755770393076432
10.4687943971986	-0.723459648675853
10.475627813907	-0.683515910979949
10.4824612306153	-0.63621102315574
10.4892946473237	-0.581858329881612
10.496128064032	-0.521088493282184
10.5029614807404	-0.454678658352645
10.5097948974487	-0.383406756337357
10.5166283141571	-0.307967213521765
10.5234617308654	-0.228637216155237
10.5302951475738	-0.145563900066817
10.5371285642821	-0.0588956859212542
10.5439619809905	0.0310999294665322
10.5507953976989	0.123943654206088
10.5576288144072	0.219134381702029
10.5644622311156	0.316168705784826
10.5712956478239	0.414515144856245
10.5781290645323	0.513623431558096
10.5849624812406	0.612932893647576
10.591795897949	0.711686303826414
10.5986293146573	0.808947490278455
10.6054627313657	0.903783371330231
10.612296148074	0.995372266563462
10.6191295647824	1.08296417409519
10.6259629814907	1.16587460362595
10.6327963981991	1.24364179348133
10.6396298149075	1.31586174621863
10.6464632316158	1.38228004502484
10.6532966483242	1.44276086195076
10.6601300650325	1.49724198488473
10.6669634817409	1.54582282270732
10.6737968984492	1.58863559458013
10.6806303151576	1.6258943273702
10.6874637318659	1.65785285416731
10.6942971485743	1.68479990886719
10.7011305652826	1.70708038814854
10.707963981991	1.7250468284676
10.7147973986993	1.73907124484011
10.7216308154077	1.74953475491417
10.7284642321161	1.75681699031194
10.7352976488244	1.76129201551174
10.7421310655328	1.76333263780557
10.7489644822411	1.76326081255003
10.7557978989495	1.76121468963424
10.7626313156578	1.75729090365821
10.7694647323662	1.7515232276565
10.7762981490745	1.74362235594453
10.7831315657829	1.73319548024513
10.7899649824912	1.71986332527099
10.7967983991996	1.7034216098307
10.803631815908	1.68378765324898
10.8104652326163	1.66088118654668
10.8172986493247	1.63461988186602
10.824132066033	1.60491843984113
10.8309654827414	1.57169133843806
10.8377988994497	1.53486544011199
10.8446323161581	1.49440468432517
10.8514657328664	1.45027992234328
10.8582991495748	1.40247683326928
10.8651325662831	1.35109974646349
10.8719659829915	1.29630993386513
10.8787993996999	1.23827069442973
10.8856328164082	1.17719349123135
10.8924662331166	1.11334415685312
10.8992996498249	1.04699143924312
10.9061330665333	0.978438111163334
10.9129664832416	0.908106297715556
10.91979989995	0.836444280953653
10.9266333166583	0.76390918708058
10.9334667333667	0.691159254176438
10.940300150075	0.619052564979923
10.9471335667834	0.548456133615491
10.9539669834917	0.48038743225743
10.9608004002001	0.416249333601232
10.9676338169085	0.357505547706567
10.9744672336168	0.30549691063451
10.9813006503252	0.261120654608457
10.9881340670335	0.225173938323914
10.9949674837419	0.198220485098709
11.0018009004502	0.179774542146018
11.0086343171586	0.169055552445003
11.0154677338669	0.165185878418757
11.0223011505753	0.166921845028345
11.0291345672836	0.172933192028658
11.035967983992	0.181830795806033
11.0428014007004	0.192097793155897
11.0496348174087	0.202201802135613
11.0564682341171	0.210644817799551
11.0633016508254	0.215967115345328
11.0701350675338	0.216765518599087
11.0769684842421	0.212214081281477
11.0838019009505	0.201833942510029
11.0906353176588	0.185205736651501
11.0974687343672	0.162340676182418
11.1043021510755	0.133453603706781
11.1111355677839	0.0987220718867453
11.1179689844922	0.0581231677060701
11.1248024012006	0.0115690009946701
11.131635817909	-0.0409214944358771
11.1384692346173	-0.0990006456662434
11.1453026513257	-0.162253919848336
11.152136068034	-0.229909635318665
11.1589694847424	-0.300554310385254
11.1658029014507	-0.37270645482969
11.1726363181591	-0.444865053118807
11.1794697348674	-0.515511585217308
11.1863031515758	-0.583179925959635
11.1931365682841	-0.646870345023234
11.1999699849925	-0.705825375274122
11.2068034017009	-0.759334676246587
11.2136368184092	-0.807125599527341
11.2204702351176	-0.849171728747471
11.2273036518259	-0.885455592533666
11.2341370685343	-0.916052247326623
11.2409704852426	-0.941107879406745
11.247803901951	-0.960770668924133
11.2546373186593	-0.975332823403122
11.2614707353677	-0.985493047953569
11.268304152076	-0.992021252744141
11.2751375687844	-0.995677865465036
11.2819709854927	-0.997092181595256
11.2888044022011	-0.996797762450877
11.2956378189095	-0.995325990316646
11.3024712356178	-0.993098914081365
11.3093046523262	-0.989978278891663
11.3161380690345	-0.985646828303398
11.3229714857429	-0.97978726246732
11.3298049024512	-0.9720953006227
11.3366383191596	-0.962299495637012
11.3434717358679	-0.95013349050118
11.3503051525763	-0.935330932551329
11.3571385692846	-0.917628946780891
11.363971985993	-0.896796283549412
11.3708054027014	-0.872618549169774
11.3776388194097	-0.84488150652508
11.3844722361181	-0.813376675274328
11.3913056528264	-0.778131595565161
11.3981390695348	-0.739487717499204
11.4049724862431	-0.697808221604938
11.4118059029515	-0.653456289360301
11.4186393196598	-0.606684194611173
11.4254727363682	-0.557261103867349
11.4323061530765	-0.504824673028678
11.4391395697849	-0.449012557330265
11.4459729864932	-0.389483677627237
11.4528064032016	-0.326284367613619
11.45963981991	-0.259799069068943
11.4664732366183	-0.190423572669373
11.4733066533267	-0.118553670933794
11.480140070035	-0.0445390741626035
11.4869734867434	0.0314995600399725
11.4938069034517	0.109512604747328
11.5006403201601	0.189450456319632
11.5074737368684	0.271263061488418
11.5143071535768	0.354876010829911
11.5211405702851	0.440178524485881
11.5279739869935	0.527007049353288
11.5348074037019	0.615018762705323
11.5416408204102	0.703806657185814
11.5484742371186	0.792776542605901
11.5553076538269	0.881245907392879
11.5621410705353	0.968556646707084
11.5689744872436	1.05414169351009
11.575807903952	1.1374570949201
11.5826413206603	1.2181101348839
11.5894747373687	1.2959490176566
11.596308154077	1.37084361545497
11.6031415707854	1.44266925537887
11.6099749874937	1.51130789644289
11.6168084042021	1.5766438888195
11.6236418209105	1.63860468236943
11.6304752376188	1.69715934047709
11.6373086543272	1.75227289587685
11.6441420710355	1.80389007169184
11.6509754877439	1.85195122791011
11.6578089044522	1.89639906126163
11.6646423211606	1.93717822540395
11.6714757378689	1.97424127792245
11.6783091545773	2.00757023694382
11.6851425712856	2.03715385173123
11.691975987994	2.06297362505462
11.6988094047024	2.08500167379788
11.7056428214107	2.10322552108747
11.7124762381191	2.11775249332583
11.7193096548274	2.12874397995462
11.7261430715358	2.13632308189637
11.7329764882441	2.14052483460594
11.7398099049525	2.14137203786426
11.7466433216608	2.13888748994738
11.7534767383692	2.1330907430672
11.7603101550775	2.1239785616547
11.7671435717859	2.11153794771734
11.7739769884942	2.09575586781561
11.7808104052026	2.07661931783764
11.787643821911	2.05412456737075
11.7944772386193	2.02828994809787
11.8013106553277	1.99913700241995
11.808144072036	1.96668727315067
11.8149774887444	1.93096396399249
11.8218109054527	1.89202458264
11.8286443221611	1.84995890052687
11.8354777388694	1.80485793882621
11.8423111555778	1.7568127187921
11.8491445722861	1.70594268301171
11.8559779889945	1.65253585458218
11.8628114057029	1.59694217759371
11.8696448224112	1.53951169027114
11.8764782391196	1.48059443218085
11.8833116558279	1.42054044205561
11.8901450725363	1.35975999380125
11.8969784892446	1.29896210091534
11.903811905953	1.2389482188551
11.9106453226613	1.18051983146303
11.9174787393697	1.12447842072486
11.924312156078	1.07162547020281
11.9311455727864	1.02272626063348
11.9379789894947	0.977952747912776
11.9448124062031	0.936992200108273
11.9516458229115	0.899517693153006
11.9584792396198	0.865202301286641
11.9653126563282	0.833719100886068
11.9721460730365	0.804764921581168
11.9789794897449	0.778213882070723
11.9858129064532	0.754020237349188
11.9926463231616	0.732138635264206
11.9994797398699	0.712523721818146
12.0063131565783	0.695131363780054
12.0131465732866	0.680044703460167
12.019979989995	0.667583904399684
12.0268134067034	0.658094995874614
12.0336468234117	0.651924007456634
12.0404802401201	0.649416967524477
12.0473136568284	0.650919817007852
12.0541470735368	0.656674109086942
12.0609804902451	0.666615216628978
12.0678139069535	0.68062266838915
12.0746473236618	0.698575994026001
12.0814807403702	0.720354720989741
12.0883141570785	0.745838377608724
12.0951475737869	0.774915584926878
12.1019809904952	0.807575650059921
12.1088144072036	0.843870541647124
12.115647823912	0.883853175955378
12.1224812406203	0.927575399765171
12.1293146573287	0.974932361899086
12.136148074037	1.02549886167076
12.1429814907454	1.07881055806015
12.1498149074537	1.13441662162684
12.1566483241621	1.19206669678253
12.1634817408704	1.25166387125807
12.1703151575788	1.31311511778444
12.1771485742871	1.37620767344001
12.1839819909955	1.4403115818707
12.1908154077039	1.50470607970068
12.1976488244122	1.568672769137
12.2044822411206	1.63154645973842
12.2113156578289	1.69271452002437
12.2181490745373	1.75156655376881
12.2249824912456	1.80753490965363
12.231815907954	1.86026991022668
12.2386493246623	1.90949117389159
12.2454827413707	1.95491824453793
12.252316158079	1.99626287705675
12.2591495747874	2.03322379834849
12.2659829914957	2.06549848946447
12.2728164082041	2.0928081702694
12.2796498249125	2.11501665086453
12.2864832416208	2.13204074468202
12.2933166583292	2.14379658358648
12.3001500750375	2.1501765581961
12.3069834917459	2.1510453949151
12.3138169084542	2.14626949859753
12.3206503251626	2.13580101248178
12.3274837418709	2.11968462797967
12.3343171585793	2.09796953316949
12.3411505752876	2.07070399978749
12.347983991996	2.03793582096482
12.3548174087044	1.99974795707065
12.3616508254127	1.95632348853893
12.3684842421211	1.90786432627732
12.3753176588294	1.85464003629249
12.3821510755378	1.7970247876886
12.3889844922461	1.73540735992029
12.3958179089545	1.67026686423144
12.4026513256628	1.60215511086634
12.4094847423712	1.5316636526332
12.4163181590795	1.45963567890294
12.4231515757879	1.38701744889915
12.4299849924962	1.31481138245765
12.4368184092046	1.24423829867978
12.443651825913	1.1765723243908
12.4504852426213	1.11298478710254
12.4573186593297	1.05433739699946
12.464152076038	1.0014261518173
12.4709854927464	0.954754007512311
12.4778189094547	0.914445981714417
12.4846523261631	0.880602159922684
12.4914857428714	0.853322942839918
12.4983191595798	0.832708844839871
12.5051525762881	0.818835016306401
12.5119859929965	0.811536250524758
12.5188194097049	0.810514734748734
12.5256528264132	0.81547126906355
12.5324862431216	0.826108915186602
12.5393196598299	0.842161194926618
12.5461530765383	0.863383448043733
12.5529864932466	0.889531490808273
12.559819909955	0.92036102746772
12.5666533266633	0.955561545407599
12.5734867433717	0.994644597503293
12.58032016008	1.0370921634742
12.5871535767884	1.08238621983416
12.5939869934967	1.13000874522182
12.6008204102051	1.17944319992014
12.6076538269135	1.2301832460638
12.6144872436218	1.2817268384691
12.6213206603302	1.33357194350309
12.6281540770385	1.38521653110664
12.6349874937469	1.43617024988507
12.6418209104552	1.48602434339224
12.6486543271636	1.53440484924945
12.6554877438719	1.58093793511264
12.6623211605803	1.62525013705031
12.6691545772886	1.66705292344503
12.675987993997	1.70625083772054
12.6828214107054	1.74277511231236
12.6896548274137	1.77655698051958
12.6964882441221	1.8075276729108
12.7033216608304	1.83561842198777
12.7101550775388	1.86075999117507
12.7169884942471	1.88287707518403
12.7238219109555	1.90189013294272
12.7306553276638	1.91771954162763
12.7374887443722	1.93028567307095
12.7443221610805	1.93950890189587
12.7511555777889	1.94530960263563
12.7579889944972	1.94760815029023
12.7648224112056	1.94632491804344
12.771655827914	1.9413802806639
12.7784892446223	1.9326946119882
12.7853226613307	1.92020581386229
12.792156078039	1.90393215698349
12.7989894947474	1.88391493457222
12.8058229114557	1.86019544198728
12.8126563281641	1.83281497283902
12.8194897448724	1.80181482473298
12.8263231615808	1.76723629086685
12.8331565782891	1.72912066831762
12.8399899949975	1.68750925008286
12.8468234117059	1.64246126961709
12.8536568284142	1.59420846274689
12.8604902451226	1.5430788389151
12.8673236618309	1.48940145689662
12.8741570785393	1.43350537462502
12.8809904952476	1.37571964962437
12.887823911956	1.31644682437362
12.8946573286643	1.2563598020021
12.9014907453727	1.19619365429612
12.908324162081	1.13668344932215
12.9151575787894	1.07856425973142
12.9219909954977	1.02263580017864
12.9288244122061	0.969985433526127
12.9356578289145	0.921780497152133
12.9424912456228	0.879145147202314
12.9493246623312	0.842683984833727
12.9561580790395	0.812657881003307
12.9629914957479	0.789321527651956
12.9698249124562	0.772925831983521
12.9766583291646	0.763715640203629
12.9834917458729	0.76193525106901
12.9903251625813	0.767762285580894
12.9971585792896	0.78089485145654
13.003991995998	0.800821240856812
13.0108254127064	0.82702684674454
13.0176588294147	0.858759186689058
13.0244922461231	0.894806946388237
13.0313256628314	0.933906534115212
13.0381590795398	0.974796854537316
13.0449924962481	1.01643252390822
13.0518259129565	1.05814721466402
13.0586593296648	1.09931304611732
13.0654927463732	1.13929059265163
13.0723261630815	1.17721909262254
13.0791595797899	1.21203860029888
13.0859929964983	1.24268760146747
13.0928264132066	1.26825393004889
13.099659829915	1.28798808249527
13.1064932466233	1.30115476385029
13.1133266633317	1.3072600999463
13.12016008004	1.30612872265934
13.1269934967484	1.29760713620818
13.1338269134567	1.28158575056202
13.1406603301651	1.25806935057337
13.1474937468734	1.22708110777006
13.1543271635818	1.18872761787102
13.1611605802901	1.14355145745987
13.1679939969985	1.0922371521082
13.1748274137069	1.035472383177
13.1816608304152	0.974002503834985
13.1884942471236	0.908624085262675
13.1953276638319	0.840135911225543
13.2021610805403	0.769435398198939
13.2089944972486	0.697643581819464
13.215827913957	0.625912319343402
13.2226613306653	0.555414454459969
13.2294947473737	0.487392452527079
13.236328164082	0.423103199457624
13.2431615807904	0.363762402046488
13.2499949974987	0.309917334035573
13.2568284142071	0.261572572088338
13.2636618309155	0.218717006445264
13.2704952476238	0.181339528381873
13.2773286643322	0.149429028929583
13.2841620810405	0.122974397729547
13.2909954977489	0.101964525206012
13.2978289144572	0.0863883039839481
13.3046623311656	0.0762346228157814
13.3114957478739	0.0714923732428341
13.3183291645823	0.0721504454626757
13.3251625812906	0.078196350389004
13.331995997999	0.0895795353327764
13.3388294147074	0.106207507682693
13.3456628314157	0.127985615050291
13.3524962481241	0.154819204784895
13.3593296648324	0.18661362542795
13.3661630815408	0.223274226324994
13.3729964982491	0.264706353610342
13.3798299149575	0.310815355663769
13.3866633316658	0.361506582491634
13.3934967483742	0.416685379382691
13.4003301650825	0.476210234544751
13.4071635817909	0.53963315914936
13.4139969984993	0.606382986619929
13.4208304152076	0.675887602360875
13.427663831916	0.747459371532909
13.4344972486243	0.820159554746692
13.4413306653327	0.893016443177426
13.448164082041	0.965059076399702
13.4549974987494	1.03545020886599
13.4618309154577	1.10363927137376
13.4686643321661	1.16911160130108
13.4754977488744	1.23133606021791
13.4823311655828	1.28976914778925
13.4891645822911	1.34396337637299
13.4959979989995	1.39380451392214
13.5028314157079	1.4392560216633
13.5096648324162	1.48039434735236
13.5164982491246	1.51740003442162
13.5233316658329	1.55046043089433
13.5301650825413	1.57977456285782
13.5369984992496	1.60555665909388
13.543831915958	1.62816815437098
13.5506653326663	1.64806653176869
13.5574987493747	1.66566274914035
13.564332166083	1.68130090133091
13.5711655827914	1.69531094645872
13.5779989994997	1.70796616269563
13.5848324162081	1.71951857334999
13.5916658329165	1.7302412334041
13.5984992496248	1.74044316859431
13.6053326663332	1.7504093411519
13.6121660830415	1.76026746913137
13.6189994997499	1.7700886869039
13.6258329164582	1.77991201877563
13.6326663331666	1.78973744172041
13.6394997498749	1.79956312839538
13.6463331665833	1.80938881623629
13.6531665832916	1.8192145041041
13.66	1.8290401910982
13.67	0
14.0369696969697	0
14.4039393939394	0
14.7709090909091	0
15.1378787878788	0
15.5048484848485	0
15.8718181818182	0
16.2387878787879	0
16.6057575757576	0
16.9727272727273	0
17.339696969697	0
17.7066666666667	0
18.0736363636364	0
18.4406060606061	0
18.8075757575758	0
19.1745454545455	0
19.5415151515151	0
19.9084848484849	0
20.2754545454545	0
20.6424242424242	0
21.0093939393939	0
21.3763636363636	0
21.7433333333333	0
22.110303030303	0
22.4772727272727	0
22.8442424242424	0
23.2112121212121	0
23.5781818181818	0
23.9451515151515	0
24.3121212121212	0
24.6790909090909	0
25.0460606060606	0
25.4130303030303	0
25.78	0
26.1469696969697	0
26.5139393939394	0
26.8809090909091	0
27.2478787878788	0
27.6148484848485	0
27.9818181818182	0
28.3487878787879	0
28.7157575757576	0
29.0827272727273	0
29.449696969697	0
29.8166666666667	0
30.1836363636364	0
30.5506060606061	0
30.9175757575758	0
31.2845454545455	0
31.6515151515151	0
32.0184848484849	0
32.3854545454545	0
32.7524242424242	0
33.1193939393939	0
33.4863636363636	0
33.8533333333333	0
34.220303030303	0
34.5872727272727	0
34.9542424242424	0
35.3212121212121	0
35.6881818181818	0
36.0551515151515	0
36.4221212121212	0
36.7890909090909	0
37.1560606060606	0
37.5230303030303	0
37.89	0
38.2569696969697	0
38.6239393939394	0
38.9909090909091	0
39.3578787878788	0
39.7248484848485	0
40.0918181818182	0
40.4587878787879	0
40.8257575757576	0
41.1927272727273	0
41.559696969697	0
41.9266666666667	0
42.2936363636364	0
42.6606060606061	0
43.0275757575758	0
43.3945454545455	0
43.7615151515151	0
44.1284848484848	0
44.4954545454545	0
44.8624242424242	0
45.2293939393939	0
45.5963636363636	0
45.9633333333333	0
46.330303030303	0
46.6972727272727	0
47.0642424242424	0
47.4312121212121	0
47.7981818181818	0
48.1651515151515	0
48.5321212121212	0
48.8990909090909	0
49.2660606060606	0
49.6330303030303	0
50	0
