time	Ca
0	-0.196199546297923
0.00683341670835418	0.0140168752302376
0.0136668334167084	0.244420431589558
0.0205002501250625	0.514116833198363
0.0273336668334167	0.808613320787749
0.0341670835417709	1.06190905287512
0.0410005002501251	1.21825195057752
0.0478339169584792	1.24654485712821
0.0546673336668334	1.1174412372456
0.0615007503751876	0.813228156309017
0.0683341670835418	0.388327164645645
0.075167583791896	-0.0626024205687518
0.0820010005002501	-0.424496312258686
0.0888344172086043	-0.610738850286713
0.0956678339169585	-0.648263200004716
0.102501250625313	-0.625518888121247
0.109334667333667	-0.625743743400297
0.116168084042021	-0.674058683958794
0.123001500750375	-0.754568335302066
0.129834917458729	-0.828436103337743
0.136668334167084	-0.866177666844111
0.143501750875438	-0.873645220175217
0.150335167583792	-0.864511823377735
0.157168584292146	-0.852452410700222
0.1640020010005	-0.8502345449115
0.170835417708854	-0.862496936165522
0.177668834417209	-0.877145830435163
0.184502251125563	-0.877769948608992
0.191335667833917	-0.865119921571761
0.198169084542271	-0.852386299155817
0.205002501250625	-0.848491508506188
0.211835917958979	-0.855994673214739
0.218669334667334	-0.869524033923224
0.225502751375688	-0.880888767557344
0.232336168084042	-0.880702801278694
0.239169584792396	-0.866471527896795
0.24600300150075	-0.850030446760475
0.252836418209105	-0.846224252826761
0.259669834917459	-0.855405959256261
0.266503251625813	-0.868242533281133
0.273336668334167	-0.873219164440846
0.280170085042521	-0.867351848648784
0.287003501750875	-0.856360309102284
0.29383691845923	-0.848243971236428
0.300670335167584	-0.849763363540462
0.307503751875938	-0.860129595441182
0.314337168584292	-0.86870404938645
0.321170585292646	-0.866780362208597
0.328004002001	-0.856649053645329
0.334837418709355	-0.847102239552471
0.341670835417709	-0.846332451665269
0.348504252126063	-0.854760511749893
0.355337668834417	-0.866658858473815
0.362171085542771	-0.873819196192418
0.369004502251126	-0.870268384775906
0.37583791895948	-0.855608253572401
0.382671335667834	-0.841637328419531
0.389504752376188	-0.841354142075933
0.396338169084542	-0.855458561545108
0.403171585792896	-0.870871432553854
0.410005002501251	-0.874707269240016
0.416838419209605	-0.863283395725785
0.423671835917959	-0.846815084727032
0.430505252626313	-0.841321017394914
0.437338669334667	-0.851155982075917
0.444172086043022	-0.866990257742493
0.451005502751376	-0.878398216101819
0.45783891945973	-0.876850608430622
0.464672336168084	-0.864044651353526
0.471505752876438	-0.849480361987483
0.478339169584792	-0.842786680333288
0.485172586293147	-0.849327304563835
0.492006003001501	-0.864402891359646
0.498839419709855	-0.878784922740113
0.505672836418209	-0.885240944457413
0.512506253126563	-0.881705670154153
0.519339669834918	-0.87085447906423
0.526173086543272	-0.85837165350154
0.533006503251626	-0.850053106180231
0.53983991995998	-0.850835635602445
0.546673336668334	-0.859224044391657
0.553506753376688	-0.87075375296552
0.560340170085043	-0.880094843226056
0.567173586793397	-0.881235002689387
0.574007003501751	-0.869971817255962
0.580840420210105	-0.852884066854994
0.587673836918459	-0.840504689920125
0.594507253626813	-0.838721746762178
0.601340670335168	-0.844725775057421
0.608174087043522	-0.854323835646979
0.615007503751876	-0.862752029930812
0.62184092046023	-0.863677641058254
0.628674337168584	-0.854565040977449
0.635507753876939	-0.842080180936888
0.642341170585293	-0.835645285393838
0.649174587293647	-0.839170455200198
0.656008004002001	-0.849391752154026
0.662841420710355	-0.859772142059952
0.669674837418709	-0.863845359450385
0.676508254127064	-0.860865404566057
0.683341670835418	-0.854291659279333
0.690175087543772	-0.849061922187277
0.697008504252126	-0.848630875339936
0.70384192096048	-0.851982549377361
0.710675337668834	-0.855899171852049
0.717508754377189	-0.858148714352058
0.724342171085543	-0.859734079362629
0.731175587793897	-0.863529468409328
0.738009004502251	-0.868610053570131
0.744842421210605	-0.869701782432192
0.75167583791896	-0.861848853368557
0.758509254627314	-0.843105146262916
0.765342671335668	-0.828040963577334
0.772176088044022	-0.836492789552485
0.779009504752376	-0.87649960938673
0.78584292146073	-0.907273171323397
0.792676338169085	-0.853985290310339
0.799509754877439	-0.639808646691727
0.806343171585793	-0.248279898194199
0.813176588294147	0.259290589823964
0.820010005002501	0.746519073927792
0.826843421710855	1.06799748720823
0.83367683841921	1.13622842037503
0.840510255127564	0.959594468288114
0.847343671835918	0.603502431921708
0.854177088544272	0.166368400567293
0.861010505252626	-0.236371774845555
0.867843921960981	-0.506233345406926
0.874677338669335	-0.573570602333807
0.881510755377689	-0.488355424839761
0.888344172086043	-0.357910453642869
0.895177588794397	-0.2820856657759
0.902011005502751	-0.30911131344912
0.908844422211106	-0.413307108476654
0.91567783891946	-0.526969557060014
0.922511255627814	-0.59151965515616
0.929344672336168	-0.596802180196135
0.936178089044522	-0.552314105692377
0.943011505752877	-0.479861524233901
0.949844922461231	-0.401392302069051
0.956678339169585	-0.323894284466649
0.963511755877939	-0.248475058436342
0.970345172586293	-0.163420140284918
0.977178589294647	-0.0531825991061655
0.984012006003002	0.0925973053909238
0.990845422711356	0.266723010736741
0.99767883941971	0.438165491778443
1.00451225612806	0.571375919560374
1.01134567283642	0.64172613437417
1.01817908954477	0.645456133939507
1.02501250625313	0.586107775645633
1.03184592296148	0.485621108470664
1.03867933966984	0.372600988100172
1.04551275637819	0.274751370733193
1.05234617308654	0.198359163103472
1.0591795897949	0.125763448979964
1.06601300650325	0.0459916245261817
1.07284642321161	-0.0345646527037784
1.07967983991996	-0.0928324303361261
1.08651325662831	-0.10189457637641
1.09334667333667	-0.0503240713990838
1.10018009004502	0.0499603559834276
1.10701350675338	0.17134794574042
1.11384692346173	0.281995662533657
1.12068034017009	0.350000524491156
1.12751375687844	0.34345974836128
1.13434717358679	0.23050040471295
1.14118059029515	0.00850414962983025
1.1480140070035	-0.223398810491626
1.15484742371186	-0.371091892770662
1.16168084042021	-0.403969626618223
1.16851425712856	-0.345713804659631
1.17534767383692	-0.246010628498102
1.18218109054527	-0.147479346459499
1.18901450725363	-0.0522444014947134
1.19584792396198	0.0501169456568407
1.20268134067034	0.170414606826185
1.20951475737869	0.334909832176592
1.21634817408704	0.583524809281418
1.2231815907954	0.905556650588411
1.23001500750375	1.26188697917287
1.23684842421211	1.59850081279341
1.24368184092046	1.84019365978146
1.25051525762881	1.93227781201449
1.25734867433717	1.84663640121241
1.26418209104552	1.59070609377042
1.27101550775388	1.204790006659
1.27784892446223	0.749631647006276
1.28468234117059	0.287709456990478
1.29151575787894	-0.118498838108588
1.29834917458729	-0.407301613725785
1.30518259129565	-0.560368395493912
1.312016008004	-0.624450995162523
1.31884942471236	-0.651598739839358
1.32568284142071	-0.681895929379758
1.33251625812906	-0.723101145575693
1.33934967483742	-0.77697311100622
1.34618309154577	-0.841026596561986
1.35301650825413	-0.891446501238281
1.35984992496248	-0.905587247174581
1.36668334167084	-0.888633744550105
1.37351675837919	-0.858024986493167
1.38035017508754	-0.831131206171752
1.3871835917959	-0.821782869946282
1.39401700850425	-0.831814176222263
1.40085042521261	-0.852212094809363
1.40768384192096	-0.871577837447177
1.41451725862931	-0.87957936067476
1.42135067533767	-0.871865241508825
1.42818409204602	-0.854086559238049
1.43501750875438	-0.839618215218717
1.44185092546273	-0.838607919780246
1.44868434217109	-0.85219038876512
1.45551775887944	-0.870550311753918
1.46235117558779	-0.881229507883447
1.46918459229615	-0.874674370307195
1.4760180090045	-0.8577502787607
1.48285142571286	-0.844347025159395
1.48968484242121	-0.844229630294289
1.49651825912956	-0.857665621111035
1.50335167583792	-0.875062145212243
1.51018509254627	-0.884134695794158
1.51701850925463	-0.876154641391248
1.52385192596298	-0.8538994708029
1.53068534267134	-0.83488070189696
1.53751875937969	-0.833793450613901
1.54435217608804	-0.853206676190188
1.5511855927964	-0.876397988084283
1.55801900950475	-0.878031914468447
1.56485242621311	-0.853642990973199
1.57168584292146	-0.830664079542408
1.57851925962982	-0.833343408218981
1.58535267633817	-0.854117354889481
1.59218609304652	-0.86702276552352
1.59901950975488	-0.860509101841718
1.60585292646323	-0.841908684406815
1.61268634317159	-0.830673461822494
1.61951975987994	-0.842499192592111
1.62635317658829	-0.867936532416983
1.63318659329665	-0.881330025736419
1.640020010005	-0.870210638867625
1.64685342671336	-0.845574986254011
1.65368684342171	-0.83160424005618
1.66052026013007	-0.839198805953842
1.66735367683842	-0.864565114304083
1.67418709354677	-0.886007204699019
1.68102051025513	-0.879856923219043
1.68785392696348	-0.850437387791605
1.69468734367184	-0.831273528996858
1.70152076038019	-0.840693423126948
1.70835417708854	-0.865257920441172
1.7151875937969	-0.885332595431864
1.72202101050525	-0.885639836593889
1.72885442721361	-0.864776943903829
1.73568784392196	-0.841600563150301
1.74252126063032	-0.83999890559129
1.74935467733867	-0.860447317020586
1.75618809404702	-0.880240424753037
1.76302151075538	-0.884393751836464
1.76985492746373	-0.87280484499431
1.77668834417209	-0.850083048347916
1.78352176088044	-0.831909525432931
1.79035517758879	-0.833797345843168
1.79718859429715	-0.857344441192265
1.8040220110055	-0.877921836224695
1.81085542771386	-0.873993052449518
1.81768884442221	-0.853660215777057
1.82452226113057	-0.832860197684248
1.83135567783892	-0.827301741978396
1.83818909454727	-0.842028437107257
1.84502251125563	-0.859824093343847
1.85185592796398	-0.858402197354104
1.85868934467234	-0.837757631537123
1.86552276138069	-0.82307319261853
1.87235617808904	-0.829212643053054
1.8791895947974	-0.851469690801755
1.88602301150575	-0.871118746120966
1.89285642821411	-0.872343217582133
1.89968984492246	-0.85056148604464
1.90652326163082	-0.823694202757082
1.91335667833917	-0.823144014422056
1.92019009504752	-0.856690644438479
1.92702351175588	-0.888021194355387
1.93385692846423	-0.885158431719954
1.94069034517259	-0.831300480322974
1.94752376188094	-0.721527707196179
1.95435717858929	-0.627985789447445
1.96119059529765	-0.629438469102157
1.968024012006	-0.693343817175854
1.97485742871436	-0.707026233166442
1.98169084542271	-0.551416508315774
1.98852426213107	-0.183107754233274
1.99535767883942	0.310555903938087
2.00219109554777	0.789453795693874
2.00902451225613	1.09365344743799
2.01585792896448	1.14597680897105
2.02269134567284	0.943660528668481
2.02952476238119	0.56096546799692
2.03635817908954	0.139678935249707
2.0431915957979	-0.184408206547576
2.05002501250625	-0.340728648393967
2.05685842921461	-0.374602529739324
2.06369184592296	-0.342680161070859
2.07052526263132	-0.268306567654553
2.07735867933967	-0.163836435628214
2.08419209604802	-0.0362737592366508
2.09102551275638	0.113387223200206
2.09785892946473	0.284476377682554
2.10469234617309	0.476323382128997
2.11152576288144	0.688258042230014
2.11835917958979	0.918488131013403
2.12519259629815	1.15305214169577
2.1320260130065	1.36394084442036
2.13885942971486	1.52022010931618
2.14569284642321	1.59084288705668
2.15252626313157	1.5435717951659
2.15935967983992	1.35125432801236
2.16619309654827	1.00286185340362
2.17302651325663	0.533786233130056
2.17985992996498	0.033695314537143
2.18669334667334	-0.405110740380237
2.19352676338169	-0.720436892875694
2.20036018009005	-0.895864954881728
2.2071935967984	-0.954796436139499
2.21402701350675	-0.93005048535812
2.22086043021511	-0.87019208806887
2.22769384692346	-0.819956396365379
2.23452726363182	-0.79407598839978
2.24136068034017	-0.798351976692201
2.24819409704852	-0.83215813975321
2.25502751375688	-0.872918756989126
2.26186093046523	-0.893186820210094
2.26869434717359	-0.875265859033074
2.27552776388194	-0.835092425660077
2.2823611805903	-0.805550405944348
2.28919459729865	-0.813515859082527
2.296028014007	-0.855821157013327
2.30286143071536	-0.897083566946184
2.30969484742371	-0.896745844094708
2.31652826413207	-0.857403247419751
2.32336168084042	-0.817138439733151
2.33019509754877	-0.811906649534816
2.33702851425713	-0.862922519046573
2.34386193096548	-0.932512506181244
2.35069534767384	-0.902597712563152
2.35752876438219	-0.686025454608562
2.36436218109055	-0.271886851382267
2.3711955977989	0.222667815956599
2.37802901450725	0.651047628317607
2.38486243121561	0.911598590512103
2.39169584792396	0.954462460763715
2.39852926463232	0.813703314315986
2.40536268134067	0.543531840029449
2.41219609804902	0.198158759234361
2.41902951475738	-0.169936355967623
2.42586293146573	-0.516070125148147
2.43269634817409	-0.797753033248163
2.43952976488244	-0.972495767234215
2.4463631815908	-1.00985211542272
2.45319659829915	-0.947173625895869
2.4600300150075	-0.857252148942437
2.46686343171586	-0.793761232576465
2.47369684842421	-0.792712851323428
2.48053026513257	-0.834232406363651
2.48736368184092	-0.876591330794789
2.49419709854927	-0.898024584270473
2.50103051525763	-0.886961297811426
2.50786393196598	-0.857161441498832
2.51469734867434	-0.835265863428146
2.52153076538269	-0.835158913437973
2.52836418209105	-0.853048724125074
2.5351975987994	-0.874540790868722
2.54203101550775	-0.886100754649179
2.54886443221611	-0.877031689131601
2.55569784892446	-0.85264578370545
2.56253126563282	-0.830526535298486
2.56936468234117	-0.829458093143584
2.57619809904952	-0.858422328525571
2.58303151575788	-0.892267749931039
2.58986493246623	-0.901229079325369
2.59669834917459	-0.875103794337698
2.60353176588294	-0.838292228352521
2.6103651825913	-0.819618900274012
2.61719859929965	-0.830583795555755
2.624032016008	-0.858333661018583
2.63086543271636	-0.883558235905081
2.63769884942471	-0.891118622247446
2.64453226613307	-0.878628128992931
2.65136568284142	-0.854391291451294
2.65819909954977	-0.834693066754836
2.66503251625813	-0.832857538204142
2.67186593296648	-0.845926168290028
2.67869934967484	-0.863000385838252
2.68553276638319	-0.871204131432064
2.69236618309155	-0.867706861536264
2.6991995997999	-0.854520261968681
2.70603301650825	-0.839224571601166
2.71286643321661	-0.830599466511986
2.71969984992496	-0.832515943504464
2.72653326663332	-0.846301223166
2.73336668334167	-0.86494768426609
2.74020010005003	-0.878105061323046
2.74703351675838	-0.875534494269845
2.75386693346673	-0.855417129239362
2.76070035017509	-0.833510500491116
2.76753376688344	-0.825761541428778
2.7743671835918	-0.836262055500128
2.78120060030015	-0.857473031757186
2.7880340170085	-0.879259957014488
2.79486743371686	-0.884498575171934
2.80170085042521	-0.858787962818223
2.80853426713357	-0.811560330303266
2.81536768384192	-0.769482587366297
2.82220110055028	-0.75065825592013
2.82903451725863	-0.758672591061615
2.83586793396698	-0.776889890252192
2.84270135067534	-0.763405237477616
2.84953476738369	-0.668350853863601
2.85636818409205	-0.468631427199196
2.8632016008004	-0.197632141962028
2.87003501750875	0.101055189195302
2.87686843421711	0.382805639046234
2.88370185092546	0.604095239999991
2.89053526763382	0.731691714672166
2.89736868434217	0.745811477108749
2.90420210105053	0.648483543124247
2.91103551775888	0.459996059138431
2.91786893446723	0.210824450117217
2.92470235117559	-0.0683526971297571
2.93153576788394	-0.345853508170095
2.9383691845923	-0.584857289134998
2.94520260130065	-0.752702105061173
2.952036018009	-0.833771387285793
2.95886943471736	-0.834945805437331
2.96570285142571	-0.785349815713618
2.97253626813407	-0.731002899312862
2.97936968484242	-0.705102638760515
2.98620310155078	-0.712599197160383
2.99303651825913	-0.73755591081714
2.99986993496748	-0.757024698942508
3.00670335167584	-0.754712682160015
3.01353676838419	-0.733363112326632
3.02037018509255	-0.70490978106865
3.0272036018009	-0.682848897091158
3.03403701850925	-0.680311660831815
3.04087043521761	-0.695949846598764
3.04770385192596	-0.705084621089481
3.05453726863432	-0.676422652157963
3.06137068534267	-0.600737216567817
3.06820410205103	-0.505679387541232
3.07503751875938	-0.431587750061386
3.08187093546773	-0.405565256345503
3.08870435217609	-0.402573198415593
3.09553776888444	-0.359857342370555
3.1023711855928	-0.218297716597619
3.10920460230115	0.0140448577470098
3.1160380190095	0.272664092091241
3.12287143571786	0.489383880369848
3.12970485242621	0.637982624569928
3.13653826913457	0.736649833339907
3.14337168584292	0.809318739836911
3.15020510255128	0.855465759583326
3.15703851925963	0.854538536704926
3.16387193596798	0.774131598016824
3.17070535267634	0.590215663212047
3.17753876938469	0.325847693740377
3.18437218609305	0.0446416733182717
3.1912056028014	-0.191822038432188
3.19803901950976	-0.351254119855141
3.20487243621811	-0.412996437741022
3.21170585292646	-0.375043576773677
3.21853926963482	-0.240754876905675
3.22537268634317	-0.0262121888299975
3.23220610305153	0.240555919262232
3.23903951975988	0.531833460409932
3.24587293646823	0.823126026723959
3.25270635317659	1.09377251991596
3.25953976988494	1.32368478994286
3.2663731865933	1.49823266301234
3.27320660330165	1.61239514949079
3.28004002001001	1.66558760413795
3.28687343671836	1.65428299385716
3.29370685342671	1.57096430514451
3.30054027013507	1.4115471668976
3.30737368684342	1.18523409360597
3.31420710355178	0.906330330324523
3.32104052026013	0.595420261020631
3.32787393696848	0.283244432900945
3.33470735367684	-0.0024799755599472
3.34154077038519	-0.246115721458425
3.34837418709355	-0.436467707059375
3.3552076038019	-0.575603553220319
3.36204102051026	-0.672814533879152
3.36887443721861	-0.737744185290076
3.37570785392696	-0.778917606164715
3.38254127063532	-0.804460298727203
3.38937468734367	-0.822497889097078
3.39620810405203	-0.840480370892615
3.40304152076038	-0.85890636734664
3.40987493746873	-0.874184246871325
3.41670835417709	-0.8826701992217
3.42354177088544	-0.880720883495418
3.4303751875938	-0.867041083405031
3.43720860430215	-0.85066409381215
3.44404202101051	-0.842307208665479
3.45087543771886	-0.843162126506752
3.45770885442721	-0.851129501045985
3.46454227113557	-0.864043505965731
3.47137568784392	-0.876828403731643
3.47820910455228	-0.881097247944516
3.48504252126063	-0.872615213694536
3.49187593796898	-0.856377659167093
3.49870935467734	-0.840513794424783
3.50554277138569	-0.833181071308013
3.51237618809405	-0.842224187810041
3.5192096048024	-0.865055037193124
3.52604302151076	-0.886163704488744
3.53287643821911	-0.893074151732229
3.53970985492746	-0.887206559309368
3.54654327163582	-0.873196280996768
3.55337668834417	-0.85567880907506
3.56021010505253	-0.839805243438167
3.56704352176088	-0.833880583456484
3.57387693846923	-0.841422913961353
3.58071035517759	-0.853348779627358
3.58754377188594	-0.859275790739701
3.5943771885943	-0.859216325389107
3.60121060530265	-0.855728443611888
3.60804402201101	-0.852813565102474
3.61487743871936	-0.852760402832194
3.62171085542771	-0.855352681024819
3.62854427213607	-0.860277655074007
3.63537768884442	-0.866326402152051
3.64221110555278	-0.869148803058196
3.64904452226113	-0.865487990238818
3.65587793896948	-0.855327610374756
3.66271135567784	-0.846449077020374
3.66954477238619	-0.84897786736087
3.67637818909455	-0.86246293721644
3.6832116058029	-0.877996413360655
3.69004502251126	-0.886334280132154
3.69687843921961	-0.879293971995076
3.70371185592796	-0.857256790361461
3.71054527263632	-0.832612337794975
3.71737868934467	-0.814740565863559
3.72421210605303	-0.810885820565793
3.73104552276138	-0.822130202622435
3.73787893946974	-0.838235550297041
3.74471235617809	-0.846898228711034
3.75154577288644	-0.835868768734668
3.7583791895948	-0.802374366433015
3.76521260630315	-0.769227256265047
3.77204602301151	-0.764358026527178
3.77887943971986	-0.798774731329366
3.78571285642821	-0.831833368335084
3.79254627313657	-0.811200740588779
3.79937968984492	-0.721703303911196
3.80621310655328	-0.583990082802554
3.81304652326163	-0.43027418463933
3.81987993996999	-0.32259796309177
3.82671335667834	-0.317886697561371
3.83354677338669	-0.408498988981116
3.84038019009505	-0.528315896541856
3.8472136068034	-0.567077866922726
3.85404702351176	-0.459824887696277
3.86088044022011	-0.254894889046809
3.86771385692846	-0.0165781765489427
3.87454727363682	0.19083476135097
3.88138069034517	0.307302460646314
3.88821410705353	0.304433456539996
3.89504752376188	0.205255378717278
3.90188094047024	0.0424644231645938
3.90871435717859	-0.151208244360761
3.91554777388694	-0.343389597845864
3.9223811905953	-0.509021832695513
3.92921460730365	-0.627534693791643
3.93604802401201	-0.67697964739508
3.94288144072036	-0.632176757443542
3.94971485742871	-0.467988523244355
3.95654827413707	-0.17649925027205
3.96338169084542	0.202142057460706
3.97021510755378	0.577715802705808
3.97704852426213	0.828226113316844
3.98388194097049	0.848922610218749
3.99071535767884	0.614641236257253
3.99754877438719	0.256037523204167
4.00438219109555	0.0103743919907149
4.0112156078039	0.0383282566329246
4.01804902451226	0.312638954213866
4.02488244122061	0.66459987916561
4.03171585792896	0.88549766681151
4.03854927463732	0.799867252875047
4.04538269134567	0.441739465447988
4.05221610805403	-0.0260641534302486
4.05904952476238	-0.434559502234499
4.06588294147074	-0.67020343222178
4.07271635817909	-0.684913897449998
4.07954977488744	-0.490850027479871
4.0863831915958	-0.147567490533914
4.09321660830415	0.281846702490381
4.10005002501251	0.750155053676988
4.10688344172086	1.21971615963521
4.11371685842921	1.65369105952087
4.12055027513757	2.01569408780507
4.12738369184592	2.28429633903984
4.13421710855428	2.45720815937557
4.14105052526263	2.54859217481521
4.14788394197099	2.57391546360708
4.15471735867934	2.54886688847414
4.16155077538769	2.49069386084436
4.16838419209605	2.41181090361148
4.1752176088044	2.31635722430616
4.18205102551276	2.20717130306847
4.18888444222111	2.08746886842888
4.19571785892946	1.9626487586217
4.20255127563782	1.83793099380551
4.20938469234617	1.71520340777774
4.21621810905453	1.59571118695128
4.22305152576288	1.4730267287398
4.22988494247124	1.31694978828488
4.23671835917959	1.0880129064439
4.24355177588794	0.764566459068808
4.2503851925963	0.368600729973343
4.25721860930465	-0.0461370621266808
4.26405202601301	-0.413552934466287
4.27088544272136	-0.681401770170075
4.27771885942972	-0.837973416495298
4.28455227613807	-0.896580350756981
4.29138569284642	-0.892080478287357
4.29821910955478	-0.8622794785917
4.30505252626313	-0.841007975234449
4.31188594297149	-0.848470852612855
4.31871935967984	-0.871060759650534
4.32555277638819	-0.889474675653922
4.33238619309655	-0.891057296776871
4.3392196098049	-0.880933878592725
4.34605302651326	-0.867170922654266
4.35288644322161	-0.857526313706065
4.35971985992996	-0.855756689466428
4.36655327663832	-0.862827194760308
4.37338669334667	-0.87835183412623
4.38022011005503	-0.893943303844381
4.38705352676338	-0.899400081241693
4.39388694347174	-0.890969559597394
4.40072036018009	-0.873880151973571
4.40755377688844	-0.855907907721843
4.4143871935968	-0.844485216477462
4.42122061030515	-0.84183766996058
4.42805402701351	-0.846192047244315
4.43488744372186	-0.855672818307854
4.44172086043022	-0.868181614052771
4.44855427713857	-0.880141705982202
4.45538769384692	-0.887372059116499
4.46222111055528	-0.885690347143999
4.46905452726363	-0.872727866706495
4.47588794397199	-0.855620511659905
4.48272136068034	-0.846172565176971
4.48955477738869	-0.849539323594855
4.49638819409705	-0.862842128297635
4.5032216108054	-0.873484194059576
4.51005502751376	-0.873893313359787
4.51688844422211	-0.86584783582325
4.52372186093047	-0.852316007221494
4.53055527763882	-0.839437793842834
4.53738869434717	-0.835040637530456
4.54422211105553	-0.840304044704067
4.55105552776388	-0.850835183344284
4.55788894447224	-0.861842071137394
4.56472236118059	-0.868892697207751
4.57155577788894	-0.870386341638346
4.5783891945973	-0.867802471692005
4.58522261130565	-0.863629448370498
4.59205602801401	-0.860535924422489
4.59888944472236	-0.861190535118331
4.60572286143072	-0.868253860160371
4.61255627813907	-0.881326632828303
4.61938969484742	-0.891202818114398
4.62622311155578	-0.889320321329484
4.63305652826413	-0.873839256612274
4.63988994497249	-0.850995268235632
4.64672336168084	-0.837309803193264
4.65355677838919	-0.841961698342095
4.66039019509755	-0.858347522966878
4.6672236118059	-0.872040531286659
4.67405702851426	-0.867987715709115
4.68089044522261	-0.843658440714092
4.68772386193097	-0.817646515188525
4.69455727863932	-0.822191346534673
4.70139069534767	-0.866108064744747
4.70822411205603	-0.915539742566647
4.71505752876438	-0.922993777952498
4.72189094547274	-0.844816476766841
4.72872436218109	-0.677067590181245
4.73555777888944	-0.484679037697434
4.7423911955978	-0.344447910643573
4.74922461230615	-0.299317696113437
4.75605802901451	-0.357952414760705
4.76289144572286	-0.481770893945999
4.76972486243122	-0.60361280537984
4.77655827913957	-0.654896960744897
4.78339169584792	-0.572070789600821
4.79022511255628	-0.364487189852645
4.79705852926463	-0.107038562796666
4.80389194597299	0.0795243262229257
4.81072536268134	0.0905709314815758
4.8175587793897	-0.0505764143003379
4.82439219609805	-0.161446454296987
4.8312256128064	-0.054099031494147
4.83805902951476	0.30142809300463
4.84489244622311	0.795594680672142
4.85172586293147	1.30962855798132
4.85855927963982	1.71514365201365
4.86539269634817	1.9056243885766
4.87222611305653	1.85886580422638
4.87905952976488	1.65396918305105
4.88589294647324	1.40563031908127
4.89272636318159	1.2084145567295
4.89955977988994	1.13861529673526
4.9063931965983	1.20861444297445
4.91322661330665	1.36632951982798
4.92006003001501	1.52457085382181
4.92689344672336	1.61515180542244
4.93372686343172	1.62469284170516
4.94056028014007	1.56345992442299
4.94739369684843	1.4425071834476
4.95422711355678	1.27575610834887
4.96106053026513	1.09579397860467
4.96789394697349	0.944181342365681
4.97472736368184	0.859444958348764
4.9815607803902	0.862438809186034
4.98839419709855	0.950369669197548
4.9952276138069	1.09888372230789
5.00206103051526	1.27476081768447
5.00889444722361	1.44158701008163
5.01572786393197	1.56255346393679
5.02256128064032	1.60917558281855
5.02939469734867	1.58137537394796
5.03622811405703	1.48797067425667
5.04306153076538	1.35303229777083
5.04989494747374	1.20572690281409
5.05672836418209	1.07522482526888
5.06356178089045	0.990696357584398
5.0703951975988	0.971671445401844
5.07722861430715	0.991761330436212
5.08406203101551	1.0110615786103
5.09089544772386	0.999584114038714
5.09772886443222	0.945809053263416
5.10456228114057	0.867269187142617
5.11139569784893	0.786992466317498
5.11822911455728	0.727608234519734
5.12506253126563	0.69204677485232
5.13189594797399	0.651323267438884
5.13872936468234	0.574568075589523
5.1455627813907	0.455844386820191
5.15239619809905	0.310658075576183
5.1592296148074	0.155214597051546
5.16606303151576	0.00652622700010413
5.17289644822411	-0.119233008381928
5.17972986493247	-0.208267967659677
5.18656328164082	-0.253170041287586
5.19339669834917	-0.256973151361003
5.20023011505753	-0.217423699136361
5.20706353176588	-0.118374788365457
5.21389694847424	0.0652652246073014
5.22073036518259	0.349849794212809
5.22756378189095	0.714871516263152
5.2343971985993	1.10927115496092
5.24123061530765	1.47755604478853
5.24806403201601	1.76423344319449
5.25489744872436	1.91404657528281
5.26173086543272	1.90112216532443
5.26856428214107	1.77152278334609
5.27539769884943	1.59522146974931
5.28223111555778	1.44110439247536
5.28906453226613	1.33959333487677
5.29589794897449	1.26519925469967
5.30273136568284	1.18454238118365
5.3095647823912	1.05645587683498
5.31639819909955	0.833700113784261
5.3232316158079	0.500373864475639
5.33006503251626	0.103166496436303
5.33689844922461	-0.284926362344085
5.34373186593297	-0.597623338962055
5.35056528264132	-0.799049327368279
5.35739869934967	-0.885499925089784
5.36423211605803	-0.883457577534379
5.37106553276638	-0.830376629256315
5.37789894947474	-0.747161414084822
5.38473236618309	-0.639638889780701
5.39156578289145	-0.516149543322089
5.3983991995998	-0.387856227751303
5.40523261630815	-0.265983442020981
5.41206603301651	-0.161755763557458
5.41889944972486	-0.0863849924155389
5.42573286643322	-0.0501341334220117
5.43256628314157	-0.0604557976326427
5.43939969984993	-0.113009550604131
5.44623311655828	-0.189206551768467
5.45306653326663	-0.263749565434953
5.45989994997499	-0.31874700193106
5.46673336668334	-0.349556281340953
5.4735667833917	-0.358516966542963
5.48040020010005	-0.350665668075127
5.4872336168084	-0.339636061913683
5.49406703351676	-0.339328230248621
5.50090045022511	-0.358248592181297
5.50773386693347	-0.388627388307294
5.51456728364182	-0.411250112254463
5.52140070035018	-0.40846324465265
5.52823411705853	-0.378861044824137
5.53506753376688	-0.336654488741555
5.54190095047524	-0.301695727036731
5.54873436718359	-0.288472330020345
5.55556778389195	-0.282058080196621
5.5624012006003	-0.252993051627675
5.56923461730865	-0.177894947422408
5.57606803401701	-0.0514200779850352
5.58290145072536	0.125980636579778
5.58973486743372	0.331994597423274
5.59656828414207	0.51460746589391
5.60340170085043	0.6324199665822
5.61023511755878	0.658421425927348
5.61706853426713	0.591512589866662
5.62390195097549	0.455033743984905
5.63073536768384	0.27713167445794
5.6375687843922	0.0972034696138723
5.64440220110055	-0.0519015443677018
5.6512356178089	-0.151683480426197
5.65806903451726	-0.199015641401241
5.66490245122561	-0.206726154064563
5.67173586793397	-0.190401890284711
5.67856928464232	-0.161197272041788
5.68540270135068	-0.123804531431836
5.69223611805903	-0.0796290270074256
5.69906953476738	-0.0276440121890868
5.70590295147574	0.0352058696404463
5.71273636818409	0.112531504915587
5.71956978489245	0.207784086261002
5.7264032016008	0.321676995110722
5.73323661830915	0.451958838451199
5.74007003501751	0.593718357132704
5.74690345172586	0.742531740158496
5.75373686843422	0.895138915866942
5.76057028514257	1.04726629968582
5.76740370185093	1.18513384445839
5.77423711855928	1.28881255353319
5.78107053526763	1.33565219060943
5.78790395197599	1.29228138645549
5.79473736868434	1.12413811299252
5.8015707853927	0.817315374958163
5.80840420210105	0.414874692391238
5.8152376188094	-0.00403830456047973
5.82207103551776	-0.357991583316172
5.82890445222611	-0.583857688442598
5.83573786893447	-0.666117032515122
5.84257128564282	-0.632150618498873
5.84940470235118	-0.518614426984577
5.85623811905953	-0.363242224982383
5.86307153576788	-0.201703177832528
5.86990495247624	-0.05236787153754
5.87673836918459	0.0760634807634928
5.88357178589295	0.177206253503146
5.8904052026013	0.252037989237108
5.89723861930966	0.30431867879002
5.90407203601801	0.337782257697119
5.91090545272636	0.353316604228581
5.91773886943472	0.349143358611053
5.92457228614307	0.322943953172879
5.93140570285143	0.272383587647875
5.93823911955978	0.195677494705845
5.94507253626813	0.097449199380017
5.95190595297649	-0.00360432685247803
5.95873936968484	-0.0776930896912331
5.9655727863932	-0.0916404453487955
5.97240620310155	-0.0132294586185234
5.97923961980991	0.174241471606479
5.98607303651826	0.447524509765505
5.99290645322661	0.741073912458763
5.99973986993497	0.968903919372541
6.00657328664332	1.06131357762079
6.01340670335168	0.99725461618135
6.02024012006003	0.815826196099625
6.02707353676838	0.593183756694726
6.03390695347674	0.405739523913712
6.04074037018509	0.318719496523384
6.04757378689345	0.353726974100975
6.0544072036018	0.514974881906024
6.06124062031016	0.763925527522811
6.06807403701851	1.02354553183648
6.07490745372686	1.21991678494388
6.08174087043522	1.309568197482
6.08857428714357	1.30441395600403
6.09540770385193	1.24960188972553
6.10224112056028	1.19590837421739
6.10907453726863	1.18094576200011
6.11590795397699	1.19735960711047
6.12274137068534	1.22634099062359
6.1295747873937	1.25183596688287
6.13640820410205	1.27437496905113
6.14324162081041	1.30540407406472
6.15007503751876	1.35132737710027
6.15690845422711	1.40921320463741
6.16374187093547	1.47788564167318
6.17057528764382	1.55857797736283
6.17740870435218	1.64540886379571
6.18424212106053	1.71274555253955
6.19107553776889	1.71109779651762
6.19790895447724	1.59000008218849
6.20474237118559	1.328058076084
6.21157578789395	0.960963898947678
6.2184092046023	0.534872974244433
6.22524262131066	0.0963275667412814
6.23207603801901	-0.304914817069802
6.23890945472736	-0.617502921964779
6.24574287143572	-0.797115920396425
6.25257628814407	-0.859680571716777
6.25940970485243	-0.865765140746025
6.26624312156078	-0.866049824527615
6.27307653826913	-0.875200419799194
6.27990995497749	-0.886800291957944
6.28674337168584	-0.891892346765516
6.2935767883942	-0.891538312071526
6.30041020510255	-0.888233788796976
6.30724362181091	-0.884480331578808
6.31407703851926	-0.882818650258928
6.32091045522761	-0.883562092358179
6.32774387193597	-0.885464499164193
6.33457728864432	-0.887253941281613
6.34141070535268	-0.887644890606347
6.34824412206103	-0.885676415075757
6.35507753876939	-0.882064231693131
6.36191095547774	-0.878734295799677
6.36874437218609	-0.877515094126347
6.37557778889445	-0.878326239471019
6.3824112056028	-0.879865758399239
6.38924462231116	-0.880075860045898
6.39607803901951	-0.878322339149504
6.40291145572786	-0.875625707322048
6.40974487243622	-0.873130450875651
6.41657828914457	-0.871981072939612
6.42341170585293	-0.873205724553553
6.43024512256128	-0.876393362046089
6.43707853926963	-0.880161647478585
6.44391195597799	-0.883109918599432
6.45074537268634	-0.883859924483169
6.4575787893947	-0.881970084960292
6.46441220610305	-0.878359377312561
6.47124562281141	-0.874849668319446
6.47807903951976	-0.873674946399093
6.48491245622811	-0.875503713024602
6.49174587293647	-0.879119014921444
6.49857928964482	-0.88317665591836
6.50541270635318	-0.886163870078136
6.51224612306153	-0.886218560541424
6.51907953976989	-0.882435850291646
6.52591295647824	-0.875602665694722
6.53274637318659	-0.869071161575791
6.53957978989495	-0.866728993811515
6.5464132066033	-0.86991362972553
6.55324662331166	-0.875696062791357
6.56008004002001	-0.878426941136334
6.56691345672836	-0.872626398560444
6.57374687343672	-0.852917950098222
6.58058029014507	-0.813925121417748
6.58741370685343	-0.752788315240288
6.59424712356178	-0.679562528079932
6.60108054027013	-0.611136403828224
6.60791395697849	-0.565160220740516
6.61474737368684	-0.559284303392606
6.6215807903952	-0.606353664662364
6.62841420710355	-0.687692520842354
6.63524762381191	-0.771900785101549
6.64208104052026	-0.827542124489686
6.64891445722861	-0.823472211661002
6.65574787393697	-0.73930092478611
6.66258129064532	-0.577425054669575
6.66941470735368	-0.379370878845022
6.67624812406203	-0.196833700505602
6.68308154077039	-0.0788320827898436
6.68991495747874	-0.0455502276279486
6.69674837418709	-0.0857198413206174
6.70358179089545	-0.183237688255761
6.7104152076038	-0.320225932611454
6.71724862431216	-0.467837583035106
6.72408204102051	-0.59603633026526
6.73091545772886	-0.689383441361753
6.73774887443722	-0.745832445182433
6.74458229114557	-0.773330928366095
6.75141570785393	-0.784550044698264
6.75824912456228	-0.793576362399898
6.76508254127064	-0.808537268517078
6.77191595797899	-0.827034920240106
6.77874937468734	-0.839145478158364
6.7855827913957	-0.833595073605233
6.79241620810405	-0.799109702247203
6.79924962481241	-0.725650748481601
6.80608304152076	-0.614543210982656
6.81291645822911	-0.473608535759773
6.81974987493747	-0.316088120551998
6.82658329164582	-0.159097850969116
6.83341670835418	-0.017688140657632
6.84025012506253	0.0962790265487869
6.84708354177089	0.173852322879729
6.85391695847924	0.212581697504256
6.8607503751876	0.218662947918121
6.86758379189595	0.204512922385572
6.8744172086043	0.183320259073038
6.88125062531266	0.173677382100422
6.88808404202101	0.198259958584385
6.89491745872936	0.279844044787184
6.90175087543772	0.433201825600569
6.90858429214607	0.644115948076601
6.91541770885443	0.891807944430404
6.92225112556278	1.15549937941125
6.92908454227114	1.41441181610175
6.93591795897949	1.64772379078104
6.94275137568784	1.83155570459788
6.9495847923962	1.9376876423034
6.95641820910455	1.95624080972656
6.96325162581291	1.90815385287169
6.97008504252126	1.82461881362442
6.97691845922962	1.73640570348937
6.98375187593797	1.66246350421509
6.99058529264632	1.59853542783633
6.99741870935468	1.52944202645678
7.00425212606303	1.43652457840971
7.01108554277139	1.30392894384233
7.01791895947974	1.13063946843176
7.02475237618809	0.925429500259236
7.03158579289645	0.719057996392846
7.0384192096048	0.564256845032868
7.04525262631316	0.504669550316849
7.05208604302151	0.55633680240671
7.05891945972987	0.715720611783821
7.06575287643822	0.921089439944418
7.07258629314657	1.09664559407776
7.07941970985493	1.16832929711773
7.08625312656328	1.1096872812158
7.09308654327164	0.946542177008486
7.09991995997999	0.70739114300427
7.10675337668834	0.42073133223615
7.1135867933967	0.115059906102223
7.12042021010505	-0.18118252973825
7.12725362681341	-0.442165804740147
7.13408704352176	-0.651800253085481
7.14092046023012	-0.798105255958805
7.14775387693847	-0.879548784319265
7.15458729364682	-0.908823241440412
7.16142071035518	-0.902711922526773
7.16825412706353	-0.878194497635455
7.17508754377189	-0.850273205241941
7.18192096048024	-0.829274955787874
7.18875437718859	-0.823583375636718
7.19558779389695	-0.833218589851801
7.2024212106053	-0.854554964246957
7.20925462731366	-0.881163441988081
7.21608804402201	-0.904360584626922
7.22292146073037	-0.915398672047251
7.22975487743872	-0.905632809817633
7.23658829414707	-0.874321413656416
7.24342171085543	-0.839850777416196
7.25025512756378	-0.821643902644485
7.25708854427214	-0.829685678893902
7.26392196098049	-0.86521053828771
7.27075537768884	-0.911189927573315
7.2775887943972	-0.944846753204524
7.28442221110555	-0.942272997582822
7.29125562781391	-0.888048707510169
7.29808904452226	-0.784164942373408
7.30492246123062	-0.642085839930341
7.31175587793897	-0.476100371257114
7.31858929464732	-0.300548188450201
7.32542271135568	-0.12976898787157
7.33225612806403	0.0221598209522866
7.33908954477239	0.151127528938793
7.34592296148074	0.268867966187709
7.35275637818909	0.379669647373648
7.35958979489745	0.465843212630067
7.3664232116058	0.500297733103321
7.37325662831416	0.454969499699285
7.38009004502251	0.32873881779126
7.38692346173087	0.186645626979833
7.39375687843922	0.102174491026878
7.40059029514757	0.124721897086861
7.40742371185593	0.238814753285474
7.41425712856428	0.358396476585903
7.42109054527264	0.37676285140344
7.42792396198099	0.198298053144422
7.43475737868935	-0.162788186703139
7.4415907953977	-0.576116054975625
7.44842421210605	-0.881705972353225
7.45525762881441	-0.997913337323299
7.46209104552276	-0.975537205973354
7.46892446223112	-0.888595221343026
7.47575787893947	-0.807118228817573
7.48259129564782	-0.778675007325324
7.48942471235618	-0.833318215575545
7.49625812906453	-0.92695649009628
7.50309154577289	-0.970380253660529
7.50992496248124	-0.909659384638846
7.51675837918959	-0.800058357860713
7.52359179589795	-0.744411358685905
7.5304252126063	-0.806022634350322
7.53725862931466	-0.931930457232023
7.54409204602301	-1.03344192551921
7.55092546273137	-1.03105108531808
7.55775887943972	-0.9002641827589
7.56459229614807	-0.694087788131851
7.57142571285643	-0.485948012060435
7.57825912956478	-0.344341139453932
7.58509254627314	-0.299920491303092
7.59192596298149	-0.357660851569841
7.59875937968985	-0.447832028620869
7.6055927963982	-0.485687771833648
7.61242621310655	-0.411115684510398
7.61925962981491	-0.239339845163659
7.62609304652326	-0.0582153831885833
7.63292646323162	0.0471297327620601
7.63975987993997	0.043405608002262
7.64659329664832	-0.0525319527145959
7.65342671335668	-0.159331493853132
7.66026013006503	-0.190745826622457
7.66709354677339	-0.0813774030820835
7.67392696348174	0.181881678380112
7.68076038019009	0.53140907169615
7.68759379689845	0.857405406082636
7.6944272136068	1.04823390321368
7.70126063031516	1.02464679217298
7.70809404702351	0.830823984387812
7.71492746373187	0.571050213817298
7.72176088044022	0.384096656696493
7.72859429714857	0.372436735220989
7.73542771385693	0.548455175739651
7.74226113056528	0.841307782174613
7.74909454727364	1.16236279352871
7.75592796398199	1.4254404107894
7.76276138069035	1.58673418706262
7.7695947973987	1.66958330258043
7.77642821410705	1.72144806956844
7.78326163081541	1.77303517791637
7.79009504752376	1.83442048319228
7.79692846423212	1.91443424077026
7.80376188094047	2.02047320392056
7.81059529764883	2.13389170047185
7.81742871435718	2.21653822529094
7.82426213106553	2.25224891977612
7.83109554777389	2.23435300432199
7.83792896448224	2.15621114096517
7.84476238119059	2.01118410533841
7.85159579789895	1.79263249649033
7.8584292146073	1.49413920287302
7.86526263131566	1.12424361492681
7.87209604802401	0.716025582233593
7.87892946473237	0.304874419422698
7.88576288144072	-0.0739844932497718
7.89259629814908	-0.393075029398769
7.89942971485743	-0.63766982035777
7.90626313156578	-0.80485874497413
7.91309654827414	-0.900977950537072
7.91992996498249	-0.935391593735198
7.92676338169085	-0.922680249519903
7.9335967983992	-0.882220536195982
7.94043021510755	-0.836932818598618
7.94726363181591	-0.810227854954307
7.95409704852426	-0.818283667295822
7.96093046523262	-0.852400010947857
7.96776388194097	-0.891380006653238
7.97459729864932	-0.915977953765128
7.98143071535768	-0.92020448213221
7.98826413206603	-0.906645570199702
7.99509754877439	-0.878368731901121
8.00193096548274	-0.845876370449814
8.0087643821911	-0.82532387522673
8.01559779889945	-0.83133383496304
8.0224312156078	-0.863182756094002
8.02926463231616	-0.902459582214968
8.03609804902451	-0.929844900330236
8.04293146573287	-0.929427762046226
8.04976488244122	-0.900368166272191
8.05659829914958	-0.857840463845131
8.06343171585793	-0.818078635627684
8.07026513256628	-0.787422216030164
8.07709854927464	-0.761172229056089
8.08393196598299	-0.721345024183526
8.09076538269135	-0.646486508359641
8.0975987993997	-0.525999734763027
8.10443221610806	-0.38691531567644
8.11126563281641	-0.275946570621735
8.11809904952476	-0.234984754714003
8.12493246623312	-0.277250521558764
8.13176588294147	-0.361797332217254
8.13859929964982	-0.406307319431066
8.14543271635818	-0.326985624278935
8.15226613306653	-0.0787993550333352
8.15909954977489	0.341084578949661
8.16593296648324	0.867019389763878
8.1727663831916	1.38801891533959
8.17959979989995	1.80748769319125
8.1864332166083	2.03949100607259
8.19326663331666	2.04758423709234
8.20010005002501	1.86759476037766
8.20693346673337	1.57409571703936
8.21376688344172	1.24332221198332
8.22060030015007	0.951509081613652
8.22743371685843	0.766475806318099
8.23426713356678	0.724775685208058
8.24110055027514	0.826441444950363
8.24793396698349	0.994321918782558
8.25476738369185	1.12328505006751
8.2616008004002	1.12165663480268
8.26843421710856	0.948380793067755
8.27526763381691	0.631456642271578
8.28210105052526	0.25023440811641
8.28893446723362	-0.0960014411197275
8.29576788394197	-0.312385226890053
8.30260130065033	-0.331196917352251
8.30943471735868	-0.11208698645703
8.31626813406703	0.269984447889553
8.32310155077539	0.692046461329208
8.32993496748374	1.03584666379433
8.3367683841921	1.25161020718406
8.34360180090045	1.33690691195879
8.3504352176088	1.29376328435321
8.35726863431716	1.1545322794517
8.36410205102551	0.966326796967044
8.37093546773387	0.776082875330182
8.37776888444222	0.630736237423256
8.38460230115058	0.577222723214151
8.39143571785893	0.661102122995981
8.39826913456728	0.878104019686879
8.40510255127564	1.16126924922381
8.41193596798399	1.44048523323134
8.41876938469235	1.66076388736791
8.4256028014007	1.79829592325488
8.43243621810906	1.85232372242374
8.43926963481741	1.84073041441451
8.44610305152576	1.7860852013334
8.45293646823412	1.70992408737112
8.45976988494247	1.62174127894596
8.46660330165083	1.52024741144229
8.47343671835918	1.40349280898862
8.48027013506753	1.26952775923167
8.48710355177589	1.11887785718882
8.49393696848424	0.967311883791305
8.5007703851926	0.842123880305282
8.50760380190095	0.765690322364819
8.51443721860931	0.747847170325058
8.52127063531766	0.786938325630665
8.52810405202601	0.872574657256072
8.53493746873437	0.992889191380578
8.54177088544272	1.13589635605461
8.54860430215108	1.28961059192302
8.55543771885943	1.44204624317394
8.56227113556779	1.58121777773872
8.56910455227614	1.69517938105221
8.57593796898449	1.77866884106588
8.58277138569285	1.83924318581634
8.5896048024012	1.88049768800454
8.59643821910956	1.90454257347927
8.60327163581791	1.91348802014745
8.61010505252626	1.90944429036238
8.61693846923462	1.89452158295097
8.62377188594297	1.87083009877192
8.63060530265133	1.84048012366078
8.63743871935968	1.80558178842528
8.64427213606803	1.7642888117382
8.65110555277639	1.68804933159889
8.65793896948474	1.55028765937971
8.6647723861931	1.34315025879376
8.67160580290145	1.06020779799622
8.67843921960981	0.695030839266329
8.68527263631816	0.243877444288556
8.69210605302651	-0.245524647339322
8.69893946973487	-0.679144305777938
8.70577288644322	-0.961625581197954
8.71260630315158	-1.03481022374444
8.71943971985993	-0.958494143122664
8.72627313656828	-0.846879161161785
8.73310655327664	-0.790371305257559
8.73993996998499	-0.809577014439021
8.74677338669335	-0.864094019882803
8.7536068034017	-0.91807991561028
8.76044022011006	-0.952037778406192
8.76727363681841	-0.94707328017056
8.77410705352676	-0.898545103253402
8.78094047023512	-0.836510327495872
8.78777388694347	-0.798150376671578
8.79460730365183	-0.79176435929305
8.80144072036018	-0.811165008395003
8.80827413706854	-0.850015838880333
8.81510755377689	-0.895587556060138
8.82194097048524	-0.9241548833708
8.8287743871936	-0.929053019755116
8.83560780390195	-0.916612411451172
8.84244122061031	-0.893433574326558
8.84927463731866	-0.866116937066967
8.85610805402701	-0.841263054533111
8.86294147073537	-0.825513650049777
8.86977488744372	-0.826311590693757
8.87660830415208	-0.846490439229995
8.88344172086043	-0.876172196121676
8.89027513756879	-0.902120533151641
8.89710855427714	-0.913708472937201
8.90394197098549	-0.909887145750734
8.91077538769385	-0.894942429319982
8.9176088044022	-0.873325281759176
8.92444222111055	-0.849486706439643
8.93127563781891	-0.827877762304822
8.93810905452726	-0.813623034752697
8.94494247123562	-0.813651298168468
8.95177588794397	-0.827615281842035
8.95860930465233	-0.847678287134783
8.96544272136068	-0.865670518115816
8.97227613806903	-0.873095931319136
8.97910955477739	-0.859541072728107
8.98594297148574	-0.81726464905607
8.9927763881941	-0.74338448298293
8.99960980490245	-0.639063334058746
9.00644322161081	-0.51468524698226
9.01327663831916	-0.382095475811055
9.02011005502751	-0.253139053005154
9.02694347173587	-0.138374128488244
9.03377688844422	-0.0385643326801208
9.04061030515258	0.0580150264583334
9.04744372186093	0.167804856493229
9.05427713856928	0.291924634316167
9.06111055527764	0.414125238799818
9.06794397198599	0.516972568374856
9.07477738869435	0.576661987100392
9.0816108054027	0.562943424369374
9.08844422211106	0.454016409387349
9.09527763881941	0.257164473336782
9.10211105552776	5.23298674593081e-06
9.10894447223612	-0.281878073942326
9.11577788894447	-0.547096228166742
9.12261130565283	-0.756013249047416
9.12944472236118	-0.887970626003746
9.13627813906954	-0.93814217099328
9.14311155577789	-0.928394226049264
9.14994497248624	-0.888821741131355
9.1567783891946	-0.849172226075899
9.16361180590295	-0.827690477542188
9.17044522261131	-0.823803319435721
9.17727863931966	-0.834571095539621
9.18411205602801	-0.85705436761587
9.19094547273637	-0.887764469025581
9.19777888944472	-0.914317024086877
9.20461230615308	-0.915985221967749
9.21144572286143	-0.882833720172801
9.21827913956979	-0.841178794275346
9.22511255627814	-0.827899117068337
9.23194597298649	-0.854741805048323
9.23877938969485	-0.900672630345608
9.2456128064032	-0.9235118275327
9.25244622311155	-0.901636881500987
9.25927963981991	-0.851312079968346
9.26611305652826	-0.799420229461195
9.27294647323662	-0.780379461077648
9.27977988994497	-0.813744782657923
9.28661330665333	-0.873301745755566
9.29344672336168	-0.905742330462221
9.30028014007004	-0.858458424123195
9.30711355677839	-0.737113700226989
9.31394697348674	-0.587396974570427
9.3207803901951	-0.457039920299981
9.32761380690345	-0.398991528083878
9.33444722361181	-0.437667526774358
9.34128064032016	-0.530773364619469
9.34811405702852	-0.609730937820981
9.35494747373687	-0.597404202516165
9.36178089044522	-0.441760033846622
9.36861430715358	-0.108570997292177
9.37544772386193	0.343452067023764
9.38228114057029	0.779946100719459
9.38911455727864	1.06571470704745
9.39594797398699	1.13681321043577
9.40278139069535	1.03470645834206
9.4096148074037	0.84159649716635
9.41644822411206	0.630552140642041
9.42328164082041	0.434413479134868
9.43011505752876	0.261644501487323
9.43694847423712	0.117432014273994
9.44378189094547	0.0307481952013111
9.45061530765383	0.0381126894302588
9.45744872436218	0.174653733736325
9.46428214107054	0.442242963544949
9.47111555777889	0.794200747955355
9.47794897448724	1.15058299733253
9.4847823911956	1.42326943814137
9.49161580790395	1.55724791833104
9.49844922461231	1.57724899085494
9.50528264132066	1.52938983399402
9.51211605802902	1.45978791760404
9.51894947473737	1.41232267521672
9.52578289144572	1.4089804055587
9.53261630815408	1.44214852742984
9.53944972486243	1.48209037438363
9.54628314157079	1.49206920591381
9.55311655827914	1.44615285883254
9.55994997498749	1.33265890739691
9.56678339169585	1.15779878871782
9.5736168084042	0.937320233991155
9.58045022511256	0.703357238665945
9.58728364182091	0.490034535978518
9.59411705852927	0.324984005295352
9.60095047523762	0.213113755983945
9.60778389194597	0.149407353052981
9.61461730865433	0.099708645389881
9.62145072536268	0.0122597908055106
9.62828414207104	-0.147972123906314
9.63511755877939	-0.375788228178922
9.64195097548775	-0.614653358809989
9.6487843921961	-0.802967717524277
9.65561780890445	-0.905857394779772
9.66245122561281	-0.923888502193001
9.66928464232116	-0.883481920004975
9.67611805902952	-0.832635031430207
9.68295147573787	-0.811078829727007
9.68978489244622	-0.830001408595019
9.69661830915458	-0.861127574412712
9.70345172586293	-0.862191879056363
9.71028514257129	-0.795631445255227
9.71711855927964	-0.656528349369253
9.72395197598799	-0.466096321081439
9.73078539269635	-0.257808818294172
9.7376188094047	-0.0654808347441402
9.74445222611306	0.0816695935980329
9.75128564282141	0.160248084357435
9.75811905952976	0.164648656956442
9.76495247623812	0.104028316152212
9.77178589294647	0.000322385173167635
9.77861930965483	-0.117818044283877
9.78545272636318	-0.223943560782111
9.79228614307154	-0.305145864172262
9.79911955977989	-0.371854854823796
9.80595297648824	-0.442866314971651
9.8127863931966	-0.532675952532867
9.81961980990495	-0.640472290761994
9.82645322661331	-0.750711224607943
9.83328664332166	-0.83608309476041
9.84012006003002	-0.869328597864218
9.84695347673837	-0.834039468666052
9.85378689344672	-0.731641743582905
9.86062031015508	-0.57028658207027
9.86745372686343	-0.387964178195316
9.87428714357179	-0.235633331081783
9.88112056028014	-0.152724328193358
9.88795397698849	-0.131164421312559
9.89478739369685	-0.123508881711499
9.9016208104052	-0.0763582842010977
9.90845422711356	0.0539601155709627
9.91528764382191	0.271519847791113
9.92212106053027	0.568351917316264
9.92895447723862	0.898043150093712
9.93578789394697	1.16147145949527
9.94262131065533	1.29979202263021
9.94945472736368	1.32382435129418
9.95628814407204	1.28464010531384
9.96312156078039	1.24317875685701
9.96995497748875	1.25054693230108
9.9767883941971	1.29237974026581
9.98362181090545	1.31492827862808
9.99045522761381	1.263189536881
9.99728864432216	1.09916812621731
10.0041220610305	0.841277048354076
10.0109554777389	0.527025126951961
10.0177888944472	0.194062073633786
10.0246223111556	-0.120421610113656
10.0314557278639	-0.386341529205254
10.0382891445723	-0.589500119371669
10.0451225612806	-0.732434322674857
10.051955977989	-0.824113030646419
10.0587893946973	-0.870231155036553
10.0656228114057	-0.872166338659638
10.0724562281141	-0.832952932357168
10.0792896448224	-0.764879231095917
10.0861230615308	-0.697146439644645
10.0929564782391	-0.661346137559916
10.0997898949475	-0.672476426793123
10.1066233116558	-0.72955333726462
10.1134567283642	-0.826523333633016
10.1202901450725	-0.91948884669205
10.1271235617809	-0.939786592110501
10.1339569784892	-0.842963950859643
10.1407903951976	-0.63051489976411
10.147623811906	-0.365510336437913
10.1544572286143	-0.129605527959274
10.1612906453227	0.00488391376119264
10.168124062031	-0.00454761039554931
10.1749574787394	-0.142059523629025
10.1817908954477	-0.358543390595442
10.1886243121561	-0.551246541324006
10.1954577288644	-0.622305038119369
10.2022911455728	-0.509843205498469
10.2091245622811	-0.220054189501824
10.2159579789895	0.16749182723555
10.2227913956979	0.557527514029808
10.2296248124062	0.855200511828868
10.2364582291146	0.990473082251043
10.2432916458229	0.98964371650489
10.2501250625313	0.905427869611008
10.2569584792396	0.795395778596924
10.263791895948	0.705419156764112
10.2706253126563	0.657439016716903
10.2774587293647	0.647253982594818
10.284292146073	0.63873153802582
10.2911255627814	0.580200659696908
10.2979589794897	0.4351426404592
10.3047923961981	0.208074389490489
10.3116258129065	-0.0692671507825743
10.3184592296148	-0.351840954104246
10.3252926463232	-0.59524840817493
10.3321260630315	-0.776119484314872
10.3389594797399	-0.885292806506622
10.3457928964482	-0.923737428963116
10.3526263131566	-0.912121973323141
10.3594597298649	-0.877112925346589
10.3662931465733	-0.846578119216077
10.3731265632816	-0.842728590340656
10.37995997999	-0.860662879257063
10.3867933966983	-0.878584964031125
10.3936268134067	-0.87928020188874
10.4004602301151	-0.860346395753889
10.4072936468234	-0.839673014365476
10.4141270635318	-0.835489953390178
10.4209604802401	-0.846972167461137
10.4277938969485	-0.860919753895148
10.4346273136568	-0.859042007614303
10.4414607303652	-0.83630377235513
10.4482941470735	-0.810450987210676
10.4551275637819	-0.803192399525025
10.4619609804902	-0.820163692741797
10.4687943971986	-0.851428747210612
10.475627813907	-0.880008722591388
10.4824612306153	-0.884006552402747
10.4892946473237	-0.849542539138293
10.496128064032	-0.78790088449103
10.5029614807404	-0.737615729533012
10.5097948974487	-0.726291572374356
10.5166283141571	-0.747388527796565
10.5234617308654	-0.77527266797747
10.5302951475738	-0.779399126384838
10.5371285642821	-0.750943391362798
10.5439619809905	-0.716490453080095
10.5507953976989	-0.710315289005342
10.5576288144072	-0.749125102017986
10.5644622311156	-0.83097847238443
10.5712956478239	-0.913653694206806
10.5781290645323	-0.933720671811705
10.5849624812406	-0.844453495913513
10.591795897949	-0.663263307874176
10.5986293146573	-0.434777773293002
10.6054627313657	-0.194653314441841
10.612296148074	0.0410150768582294
10.6191295647824	0.265218784199518
10.6259629814907	0.484024488428861
10.6327963981991	0.704666176904625
10.6396298149075	0.933927335468605
10.6464632316158	1.17110821841622
10.6532966483242	1.40120378777709
10.6601300650325	1.60389210446338
10.6669634817409	1.76483349394171
10.6737968984492	1.88077031293206
10.6806303151576	1.96572524652775
10.6874637318659	2.0443907855139
10.6942971485743	2.14026907611969
10.7011305652826	2.26564057145313
10.707963981991	2.40508574777085
10.7147973986993	2.52904976460007
10.7216308154077	2.60860640120919
10.7284642321161	2.62609043472227
10.7352976488244	2.58306807367919
10.7421310655328	2.49300064466094
10.7489644822411	2.37037014617227
10.7557978989495	2.23882390459015
10.7626313156578	2.13376653784355
10.7694647323662	2.08053242856255
10.7762981490745	2.07011990585299
10.7831315657829	2.06878065710433
10.7899649824912	2.02424002243378
10.7967983991996	1.90143573878841
10.803631815908	1.71541778276954
10.8104652326163	1.51632797331849
10.8172986493247	1.36500031599808
10.824132066033	1.29828482866571
10.8309654827414	1.29919847513724
10.8377988994497	1.32090670390326
10.8446323161581	1.32098898999018
10.8514657328664	1.28640937308653
10.8582991495748	1.21187718918697
10.8651325662831	1.09210193614538
10.8719659829915	0.927792843388952
10.8787993996999	0.756025955585432
10.8856328164082	0.626501799532929
10.8924662331166	0.570962288689088
10.8992996498249	0.581940676543485
10.9061330665333	0.614726579646389
10.9129664832416	0.620369539594456
10.91979989995	0.552768509100026
10.9266333166583	0.382917331745971
10.9334667333667	0.118002956699634
10.940300150075	-0.193130637021943
10.9471335667834	-0.49256330792403
10.9539669834917	-0.72342366183833
10.9608004002001	-0.859648531907753
10.9676338169085	-0.91011903825227
10.9744672336168	-0.886419879462476
10.9813006503252	-0.816534136894879
10.9881340670335	-0.74680701730623
10.9949674837419	-0.723416286090085
11.0018009004502	-0.760070736109998
11.0086343171586	-0.837233762944027
11.0154677338669	-0.906144764878254
11.0223011505753	-0.904170167093879
11.0291345672836	-0.786545231995647
11.035967983992	-0.564327645580759
11.0428014007004	-0.278443374897397
11.0496348174087	0.0291899631120683
11.0564682341171	0.316655387597907
11.0633016508254	0.544379336947825
11.0701350675338	0.681463140432022
11.0769684842421	0.722566962701198
11.0838019009505	0.711777210980781
11.0906353176588	0.713923729740237
11.0974687343672	0.778994404802611
11.1043021510755	0.899956275382503
11.1111355677839	1.02731739989055
11.1179689844922	1.1021056518854
11.1248024012006	1.07537722498869
11.131635817909	0.930266740185642
11.1384692346173	0.686991739619806
11.1453026513257	0.374947500612752
11.152136068034	0.0269901790486803
11.1589694847424	-0.31589566501766
11.1658029014507	-0.620033923257316
11.1726363181591	-0.85892651351274
11.1794697348674	-1.00632553942158
11.1863031515758	-1.04789264130235
11.1931365682841	-1.00788412627627
11.1999699849925	-0.924670011845433
11.2068034017009	-0.83718165114032
11.2136368184092	-0.783109283962968
11.2204702351176	-0.776442446931346
11.2273036518259	-0.803440654197096
11.2341370685343	-0.848273547571288
11.2409704852426	-0.895037980988664
11.247803901951	-0.92620324264402
11.2546373186593	-0.928940341538744
11.2614707353677	-0.90700113910858
11.268304152076	-0.871504696330737
11.2751375687844	-0.835786512988075
11.2819709854927	-0.813369177162294
11.2888044022011	-0.81771789111721
11.2956378189095	-0.851110797583448
11.3024712356178	-0.891148241248872
11.3093046523262	-0.912326412258936
11.3161380690345	-0.900481577181885
11.3229714857429	-0.866834334079719
11.3298049024512	-0.82872561373792
11.3366383191596	-0.804545355590572
11.3434717358679	-0.808131435207333
11.3503051525763	-0.832371755102525
11.3571385692846	-0.864057825677089
11.363971985993	-0.886504837596534
11.3708054027014	-0.88475613752626
11.3776388194097	-0.861501100127376
11.3844722361181	-0.830214417811115
11.3913056528264	-0.804680405773122
11.3981390695348	-0.797133067550271
11.4049724862431	-0.815698811268694
11.4118059029515	-0.850199647683065
11.4186393196598	-0.883183953115336
11.4254727363682	-0.897181797430159
11.4323061530765	-0.874726275149209
11.4391395697849	-0.802695380352237
11.4459729864932	-0.68080511524858
11.4528064032016	-0.514082864433969
11.45963981991	-0.332127324000755
11.4664732366183	-0.176100855859406
11.4733066533267	-0.0770862380649187
11.480140070035	-0.0579482797017603
11.4869734867434	-0.141316442122638
11.4938069034517	-0.339976936266767
11.5006403201601	-0.594465119324009
11.5074737368684	-0.787488317741764
11.5143071535768	-0.775701193146196
11.5211405702851	-0.474098216995278
11.5279739869935	-0.000530448719359169
11.5348074037019	0.458128829256513
11.5416408204102	0.747249891299133
11.5484742371186	0.837318410947211
11.5553076538269	0.770180134783033
11.5621410705353	0.619461034145441
11.5689744872436	0.474135417768478
11.575807903952	0.408829257752037
11.5826413206603	0.458564416542178
11.5894747373687	0.615044862843469
11.596308154077	0.845832654125038
11.6031415707854	1.1121384281132
11.6099749874937	1.37170264160779
11.6168084042021	1.58403907877247
11.6236418209105	1.71951624494323
11.6304752376188	1.7723269511741
11.6373086543272	1.75420315359174
11.6441420710355	1.69285893946943
11.6509754877439	1.61375724499666
11.6578089044522	1.53516374398072
11.6646423211606	1.46710566555665
11.6714757378689	1.40173776048325
11.6783091545773	1.33008165929481
11.6851425712856	1.24899457074567
11.691975987994	1.15702286636212
11.6988094047024	1.05420619541399
11.7056428214107	0.961129555422591
11.7124762381191	0.909641343722934
11.7193096548274	0.893348387299642
11.7261430715358	0.883745202904725
11.7329764882441	0.852362375077238
11.7398099049525	0.771733779157822
11.7466433216608	0.643441324777864
11.7534767383692	0.503000751739183
11.7603101550775	0.386496395426715
11.7671435717859	0.31622906572651
11.7739769884942	0.306452949838455
11.7808104052026	0.371236703462656
11.787643821911	0.504386531955676
11.7944772386193	0.641642403994313
11.8013106553277	0.715417863895598
11.808144072036	0.662039900225275
11.8149774887444	0.472874849408209
11.8218109054527	0.233547348295837
11.8286443221611	0.0389340412294763
11.8354777388694	-0.019387243625174
11.8423111555778	0.0705710215719743
11.8491445722861	0.239082441404731
11.8559779889945	0.412697106209344
11.8628114057029	0.517965230350628
11.8696448224112	0.484247710820885
11.8764782391196	0.303044193828634
11.8833116558279	0.026629966274786
11.8901450725363	-0.290181783606279
11.8969784892446	-0.592577810489409
11.903811905953	-0.825744797437001
11.9106453226613	-0.943895661448381
11.9174787393697	-0.962062195160518
11.924312156078	-0.920389382308266
11.9311455727864	-0.859101512353314
11.9379789894947	-0.816242153877387
11.9448124062031	-0.810756057688073
11.9516458229115	-0.833144656788922
11.9584792396198	-0.86708393522673
11.9653126563282	-0.893635459711655
11.9721460730365	-0.904814676297212
11.9789794897449	-0.900789089410441
11.9858129064532	-0.88242875693968
11.9926463231616	-0.85714453346818
11.9994797398699	-0.838615220846772
12.0063131565783	-0.840287627957212
12.0131465732866	-0.864392250311392
12.019979989995	-0.897090235968436
12.0268134067034	-0.92129134597234
12.0336468234117	-0.924524233780349
12.0404802401201	-0.906509115136008
12.0473136568284	-0.869806499647499
12.0541470735368	-0.826753839043578
12.0609804902451	-0.795926946749873
12.0678139069535	-0.795108280597965
12.0746473236618	-0.831266572144358
12.0814807403702	-0.895674164578546
12.0883141570785	-0.96002014773662
12.0951475737869	-0.990849962961404
12.1019809904952	-0.966933399780736
12.1088144072036	-0.886272640409585
12.115647823912	-0.765907157410234
12.1224812406203	-0.634572498656182
12.1293146573287	-0.521382399749688
12.136148074037	-0.454911585907125
12.1429814907454	-0.448622593195842
12.1498149074537	-0.496412463221166
12.1566483241621	-0.582965663055107
12.1634817408704	-0.689119351493959
12.1703151575788	-0.79388970743533
12.1771485742871	-0.876724363952134
12.1839819909955	-0.917885433215568
12.1908154077039	-0.896787882663994
12.1976488244122	-0.792494417520354
12.2044822411206	-0.587413346190318
12.2113156578289	-0.279102654875332
12.2181490745373	0.116914926073255
12.2249824912456	0.577118102348398
12.231815907954	1.06186170582866
12.2386493246623	1.51434518406043
12.2454827413707	1.87141915662344
12.252316158079	2.08440077236761
12.2591495747874	2.16539284125188
12.2659829914957	2.18003016957122
12.2728164082041	2.18189161683014
12.2796498249125	2.19147133305526
12.2864832416208	2.22343707490374
12.2933166583292	2.2918605251742
12.3001500750375	2.37921088517621
12.3069834917459	2.42457577740436
12.3138169084542	2.39368287588029
12.3206503251626	2.28404152063908
12.3274837418709	2.1323448799392
12.3343171585793	2.01479947856151
12.3411505752876	1.99142705740783
12.347983991996	2.04968765438828
12.3548174087044	2.12108583172273
12.3616508254127	2.14187153343993
12.3684842421211	2.06944465033432
12.3753176588294	1.94432479167308
12.3821510755378	1.85101007587368
12.3889844922461	1.85482176658061
12.3958179089545	1.94408675072811
12.4026513256628	2.01505334390693
12.4094847423712	1.93065303249049
12.4163181590795	1.62234173553696
12.4231515757879	1.15198806717789
12.4299849924962	0.599867363634477
12.4368184092046	0.0462552539991202
12.443651825913	-0.426705106970578
12.4504852426213	-0.74244323936545
12.4573186593297	-0.895988765515733
12.464152076038	-0.926961242579327
12.4709854927464	-0.898678301921525
12.4778189094547	-0.867267882862695
12.4846523261631	-0.847107067926134
12.4914857428714	-0.840839855255683
12.4983191595798	-0.850870886668017
12.5051525762881	-0.872017322618997
12.5119859929965	-0.888194376260641
12.5188194097049	-0.887938273915786
12.5256528264132	-0.874455504895915
12.5324862431216	-0.854642540773907
12.5393196598299	-0.840912414014168
12.5461530765383	-0.840359401445123
12.5529864932466	-0.848904233141449
12.559819909955	-0.860580594778812
12.5666533266633	-0.869058790930289
12.5734867433717	-0.870157418155052
12.58032016008	-0.865603883481217
12.5871535767884	-0.858633548252084
12.5939869934967	-0.85249594284089
12.6008204102051	-0.850440913637946
12.6076538269135	-0.855696428818796
12.6144872436218	-0.865349828729485
12.6213206603302	-0.861957095682499
12.6281540770385	-0.826000213722341
12.6349874937469	-0.745441575275258
12.6418209104552	-0.62785854893739
12.6486543271636	-0.501432163226566
12.6554877438719	-0.406642944222005
12.6623211605803	-0.37074620035505
12.6691545772886	-0.398786176301058
12.675987993997	-0.467480723654519
12.6828214107054	-0.549277942387807
12.6896548274137	-0.610399937477049
12.6964882441221	-0.628990652885956
12.7033216608304	-0.602010463259372
12.7101550775388	-0.528500297657372
12.7169884942471	-0.407501153421066
12.7238219109555	-0.238061619511428
12.7306553276638	-0.0271055596598677
12.7374887443722	0.195886619166968
12.7443221610805	0.400795853003313
12.7511555777889	0.564222700117952
12.7579889944972	0.679127618244322
12.7648224112056	0.743430409772637
12.771655827914	0.766419503286146
12.7784892446223	0.764376426102139
12.7853226613307	0.754052725473811
12.792156078039	0.752199615012083
12.7989894947474	0.775568438071131
12.8058229114557	0.839985433963317
12.8126563281641	0.943436590305464
12.8194897448724	1.06778371490837
12.8263231615808	1.19259472604267
12.8331565782891	1.2936630104888
12.8399899949975	1.34627889016462
12.8468234117059	1.32663033252549
12.8536568284142	1.22798222826501
12.8604902451226	1.05890516344478
12.8673236618309	0.828551759431697
12.8741570785393	0.550991963888214
12.8809904952476	0.25013973657522
12.887823911956	-0.0474747624128876
12.8946573286643	-0.315086472727708
12.9014907453727	-0.535435915739103
12.908324162081	-0.703385045019041
12.9151575787894	-0.81627261730023
12.9219909954977	-0.876445023692777
12.9288244122061	-0.889523695756513
12.9356578289145	-0.865280552361897
12.9424912456228	-0.819577644007141
12.9493246623312	-0.770720741837549
12.9561580790395	-0.736271727259066
12.9629914957479	-0.732607914230998
12.9698249124562	-0.763319235443824
12.9766583291646	-0.815965333590299
12.9834917458729	-0.859969478254131
12.9903251625813	-0.853465225559625
12.9971585792896	-0.752633465456939
13.003991995998	-0.525789648207418
13.0108254127064	-0.190271290947249
13.0176588294147	0.224089295490611
13.0244922461231	0.670766311549158
13.0313256628314	1.05580901495065
13.0381590795398	1.27582431866875
13.0449924962481	1.3191043718171
13.0518259129565	1.26737552971678
13.0586593296648	1.23562102205917
13.0654927463732	1.35990850212671
13.0723261630815	1.68609296470809
13.0791595797899	2.1816253615085
13.0859929964983	2.78807948737954
13.0928264132066	3.40330516899693
13.099659829915	3.91921563446661
13.1064932466233	4.22772439274404
13.1133266633317	4.22150158080544
13.12016008004	3.84869364063658
13.1269934967484	3.21492393959006
13.1338269134567	2.50020727748748
13.1406603301651	1.88427952795925
13.1474937468734	1.52178488494785
13.1543271635818	1.4541785039595
13.1611605802901	1.61170772468209
13.1679939969985	1.87065436028799
13.1748274137069	2.09809067452218
13.1816608304152	2.21616280675354
13.1884942471236	2.20811702934588
13.1953276638319	2.07336402220649
13.2021610805403	1.84884823810792
13.2089944972486	1.57859544424936
13.215827913957	1.29932672171514
13.2226613306653	1.04004496748951
13.2294947473737	0.804997401906334
13.236328164082	0.589391564443442
13.2431615807904	0.390743250551211
13.2499949974987	0.208980861297803
13.2568284142071	0.0440702739419507
13.2636618309155	-0.104022770149383
13.2704952476238	-0.23533251149345
13.2773286643322	-0.349893089956227
13.2841620810405	-0.447738636582151
13.2909954977489	-0.528903466973296
13.2978289144572	-0.593421540411393
13.3046623311656	-0.641327073151794
13.3114957478739	-0.672654152323319
13.3183291645823	-0.687437187769123
13.3251625812906	-0.685710303509253
13.331995997999	-0.667507528179498
13.3388294147074	-0.632863200630055
13.3456628314157	-0.58181136689976
13.3524962481241	-0.514385975192214
13.3593296648324	-0.43062173299053
13.3661630815408	-0.330552358617691
13.3729964982491	-0.214212404477095
13.3798299149575	-0.0816357115668015
13.3866633316658	0.0671434917079086
13.3934967483742	0.232090910051553
13.4003301650825	0.413172538877351
13.4071635817909	0.610235042591726
13.4139969984993	0.822093867205444
13.4208304152076	1.0470349904306
13.427663831916	1.28334066588625
13.4344972486243	1.52929227933657
13.4413306653327	1.78249833576649
13.448164082041	2.02872269555317
13.4549974987494	2.24149902207014
13.4618309154577	2.39390001254995
13.4686643321661	2.47520737388265
13.4754977488744	2.49834016606459
13.4823311655828	2.48436516830587
13.4891645822911	2.46143178757701
13.4959979989995	2.45081564652337
13.5028314157079	2.46176160993804
13.5096648324162	2.49716903107209
13.5164982491246	2.55391787021771
13.5233316658329	2.62229256882784
13.5301650825413	2.6905447257717
13.5369984992496	2.74600072479804
13.543831915958	2.77552777778276
13.5506653326663	2.76772546967264
13.5574987493747	2.72556106861695
13.564332166083	2.65939614044782
13.5711655827914	2.58315142833783
13.5779989994997	2.53014430257894
13.5848324162081	2.54069854816707
13.5916658329165	2.61499575246197
13.5984992496248	2.71234525677229
13.6053326663332	2.767580190393
13.6121660830415	2.71860378688028
13.6189994997499	2.54347122362638
13.6258329164582	2.25253669614532
13.6326663331666	1.88879799982252
13.6394997498749	1.49979131698196
13.6463331665833	1.10977606488821
13.6531665832916	0.71976068788663
13.66	0.329745574732271
13.67	0
14.0369696969697	0
14.4039393939394	0
14.7709090909091	0
15.1378787878788	0
15.5048484848485	0
15.8718181818182	0
16.2387878787879	0
16.6057575757576	0
16.9727272727273	0
17.339696969697	0
17.7066666666667	0
18.0736363636364	0
18.4406060606061	0
18.8075757575758	0
19.1745454545455	0
19.5415151515151	0
19.9084848484849	0
20.2754545454545	0
20.6424242424242	0
21.0093939393939	0
21.3763636363636	0
21.7433333333333	0
22.110303030303	0
22.4772727272727	0
22.8442424242424	0
23.2112121212121	0
23.5781818181818	0
23.9451515151515	0
24.3121212121212	0
24.6790909090909	0
25.0460606060606	0
25.4130303030303	0
25.78	0
26.1469696969697	0
26.5139393939394	0
26.8809090909091	0
27.2478787878788	0
27.6148484848485	0
27.9818181818182	0
28.3487878787879	0
28.7157575757576	0
29.0827272727273	0
29.449696969697	0
29.8166666666667	0
30.1836363636364	0
30.5506060606061	0
30.9175757575758	0
31.2845454545455	0
31.6515151515151	0
32.0184848484849	0
32.3854545454545	0
32.7524242424242	0
33.1193939393939	0
33.4863636363636	0
33.8533333333333	0
34.220303030303	0
34.5872727272727	0
34.9542424242424	0
35.3212121212121	0
35.6881818181818	0
36.0551515151515	0
36.4221212121212	0
36.7890909090909	0
37.1560606060606	0
37.5230303030303	0
37.89	0
38.2569696969697	0
38.6239393939394	0
38.9909090909091	0
39.3578787878788	0
39.7248484848485	0
40.0918181818182	0
40.4587878787879	0
40.8257575757576	0
41.1927272727273	0
41.559696969697	0
41.9266666666667	0
42.2936363636364	0
42.6606060606061	0
43.0275757575758	0
43.3945454545455	0
43.7615151515151	0
44.1284848484848	0
44.4954545454545	0
44.8624242424242	0
45.2293939393939	0
45.5963636363636	0
45.9633333333333	0
46.330303030303	0
46.6972727272727	0
47.0642424242424	0
47.4312121212121	0
47.7981818181818	0
48.1651515151515	0
48.5321212121212	0
48.8990909090909	0
49.2660606060606	0
49.6330303030303	0
50	0
