time	Caabschange
0	0.884685242912838
0.00683341670835418	0.96305038982506
0.0136668334167084	1.22881220120864
0.0205002501250625	1.59736145139474
0.0273336668334167	1.55908927438078
0.0341670835417709	0.911017200871089
0.0410005002501251	-0.0617994010198684
0.0478339169584792	-0.50511937636336
0.0546673336668334	0.97147099968757
0.0615007503751876	2.34958925631063
0.0683341670835418	3.0215997948662
0.075167583791896	2.7586466800301
0.0820010005002501	1.49805437100687
0.0888344172086043	-0.0437527021556763
0.0956678339169585	-0.823452466516198
0.102501250625313	-0.710945796826275
0.109334667333667	-0.68099048463203
0.116168084042021	-0.297778154728706
0.123001500750375	-0.173596802785483
0.129834917458729	-0.40347428018481
0.136668334167084	-0.721339589682376
0.143501750875438	-0.869412824669065
0.150335167583792	-0.785354137430649
0.157168584292146	-0.818746608822028
0.1640020010005	-0.849937478957599
0.170835417708854	-0.752709721168903
0.177668834417209	-0.813920550164022
0.184502251125563	-0.827655005139533
0.191335667833917	-0.767916182676863
0.198169084542271	-0.816179507706411
0.205002501250625	-0.876106163847408
0.211835917958979	-0.795977970479054
0.218669334667334	-0.775569378698307
0.225502751375688	-0.835357120491762
0.232336168084042	-0.827118637830706
0.239169584792396	-0.73940425365741
0.24600300150075	-0.795775925378171
0.252836418209105	-0.864797638561435
0.259669834917459	-0.784438762073823
0.266503251625813	-0.805455658559534
0.273336668334167	-0.888311242719614
0.280170085042521	-0.812013700138542
0.287003501750875	-0.802505264400609
0.29383691845923	-0.861141948316709
0.300670335167584	-0.834300060807758
0.307503751875938	-0.797648403411551
0.314337168584292	-0.860056040466684
0.321170585292646	-0.831932482189015
0.328004002001	-0.798088220985705
0.334837418709355	-0.843086070433856
0.341670835417709	-0.85794694089051
0.348504252126063	-0.796938027642636
0.355337668834417	-0.803699630842684
0.362171085542771	-0.87284967855192
0.369004502251126	-0.80721891282656
0.37583791895948	-0.752849633277617
0.382671335667834	-0.819380994978426
0.389504752376188	-0.822865943062463
0.396338169084542	-0.747064677381401
0.403171585792896	-0.800146767745286
0.410005002501251	-0.85975480097183
0.416838419209605	-0.752538176829999
0.423671835917959	-0.780893914804663
0.430505252626313	-0.867104005540585
0.437338669334667	-0.770621398874743
0.444172086043022	-0.764301800929048
0.451005502751376	-0.845660114296294
0.45783891945973	-0.822467305591893
0.464672336168084	-0.763925520671106
0.471505752876438	-0.792454228915671
0.478339169584792	-0.892293682270621
0.485172586293147	-0.789898182558503
0.492006003001501	-0.756763045777307
0.498839419709855	-0.79989564867184
0.505672836418209	-0.883226537893243
0.512506253126563	-0.826455353860306
0.519339669834918	-0.787687887272148
0.526173086543272	-0.798228067153193
0.533006503251626	-0.858837514887955
0.53983991995998	-0.850475784554348
0.546673336668334	-0.804070721398098
0.553506753376688	-0.798026155599298
0.560340170085043	-0.842288519339823
0.567173586793397	-0.853206162675673
0.574007003501751	-0.758898680999117
0.580840420210105	-0.755142374110608
0.587673836918459	-0.835663299624651
0.594507253626813	-0.872159273115314
0.601340670335168	-0.823344103186812
0.608174087043522	-0.810301076505158
0.615007503751876	-0.846711687574263
0.62184092046023	-0.857899162310925
0.628674337168584	-0.788576765683796
0.635507753876939	-0.804165236365795
0.642341170585293	-0.884900593911986
0.649174587293647	-0.829629000682678
0.656008004002001	-0.797233594335456
0.662841420710355	-0.82708460652427
0.669674837418709	-0.895128388278352
0.676508254127064	-0.848318058381617
0.683341670835418	-0.838198449719461
0.690175087543772	-0.869944048082109
0.697008504252126	-0.878900808031523
0.70384192096048	-0.859997451943455
0.710675337668834	-0.868445356063792
0.717508754377189	-0.884069822972721
0.724342171085543	-0.875918865541414
0.731175587793897	-0.852554037273137
0.738009004502251	-0.861416963562163
0.744842421210605	-0.873431422099036
0.75167583791896	-0.77708204094154
0.758509254627314	-0.719076707100545
0.765342671335668	-0.841772257062663
0.772176088044022	-0.671851467231237
0.779009504752376	-0.504809981987508
0.78584292146073	-0.86975117819066
0.792676338169085	0.167223164517401
0.799509754877439	1.72666194225642
0.806343171585793	3.1217912586188
0.813176588294147	3.59392684022129
0.820010005002501	2.76062358377337
0.826843421710855	0.818403288854578
0.83367683841921	-0.372689753648357
0.840510255127564	1.50501075434526
0.847343671835918	2.66967810625407
0.854177088544272	2.87034523372122
0.861010505252626	2.11449604944503
0.867843921960981	0.601628615554832
0.874677338669335	-0.672515429916109
0.881510755377689	0.187816432127987
0.888344172086043	0.114669856780888
0.895177588794397	-0.673408361120322
0.902011005502751	-0.245124197569858
0.908844422211106	0.142156047366424
0.91567783891946	-0.0789268846352005
0.922511255627814	-0.60671071773462
0.929344672336168	-0.70883159887297
0.936178089044522	-0.355872053206028
0.943011505752877	-0.228241508015996
0.949844922461231	-0.221948892515758
0.956678339169585	-0.244980063302061
0.963511755877939	-0.230695936383056
0.970345172586293	-0.0788741644969624
0.977178589294647	0.193138274887374
0.984012006003002	0.507510484652946
0.990845422711356	0.64250318296378
0.99767883941971	0.456112260377595
1.00451225612806	-0.00503929453671623
1.01134567283642	-0.578767946579042
1.01817908954477	-0.643639875272151
1.02501250625313	-0.169142872841067
1.03184592296148	0.0607502212331563
1.03867933966984	0.0459314424054983
1.04551275637819	-0.169889310394014
1.05234617308654	-0.281692143571962
1.0591795897949	-0.246413969250202
1.06601300650325	-0.188396928472828
1.07284642321161	-0.259235340710615
1.07967983991996	-0.573465756129593
1.08651325662831	-0.713357136795486
1.09334667333667	-0.213109567711883
1.10018009004502	0.100292790889487
1.10701350675338	0.145335697977373
1.11384692346173	-0.0838620040310835
1.12068034017009	-0.586259369374834
1.12751375687844	-0.428564598564098
1.13434717358679	0.615928282740139
1.14118059029515	1.22650781710776
1.1480140070035	0.821000071652518
1.15484742371186	-0.119481042250511
1.16168084042021	-0.719060017024128
1.16851425712856	-0.145499901472502
1.17534767383692	-0.00773728453653536
1.18218109054527	-0.0795229049058925
1.18901450725363	-0.0632515556901432
1.19584792396198	0.042934630649078
1.20268134067034	0.26342796044594
1.20951475737869	0.837524066128983
1.21634817408704	1.6065907940626
1.2231815907954	2.07207996490467
1.23001500750375	2.18066510095276
1.23684842421211	1.69293526936796
1.24368184092046	0.584467102073528
1.25051525762881	-0.839417055131888
1.25734867433717	0.608775776175075
1.26418209104552	1.94000151346921
1.27101550775388	2.80222094125131
1.27784892446223	3.1283555500816
1.28468234117059	2.91825952127808
1.29151575787894	2.17220134859499
1.29834917458729	0.948542776695431
1.30518259129565	-0.0384393826518646
1.312016008004	-0.578750517256666
1.31884942471236	-0.677834608169811
1.32568284142071	-0.59181592240579
1.33251625812906	-0.490431740357645
1.33934967483742	-0.374706000103771
1.34618309154577	-0.362262252053652
1.35301650825413	-0.600358248984046
1.35984992496248	-0.859866725639586
1.36668334167084	-0.666701910457485
1.37351675837919	-0.624869481375668
1.38035017508754	-0.725704072946541
1.3871835917959	-0.882786522495412
1.39401700850425	-0.750038200873494
1.40085042521261	-0.709110233203382
1.40768384192096	-0.76678776059781
1.41451725862931	-0.893266115513976
1.42135067533767	-0.768912492021765
1.42818409204602	-0.737738049254047
1.43501750875438	-0.821531238230457
1.44185092546273	-0.834243353434057
1.44868434217109	-0.741185802197232
1.45551775887944	-0.753764340867494
1.46235117558779	-0.873088578140001
1.46918459229615	-0.776791161517519
1.4760180090045	-0.745220418127445
1.48285142571286	-0.830213299004158
1.48968484242121	-0.831522452123249
1.49651825912956	-0.744192189003793
1.50335167583792	-0.767796857322879
1.51018509254627	-0.88303046111352
1.51701850925463	-0.748423283026909
1.52385192596298	-0.690037051121532
1.53068534267134	-0.797977043054318
1.53751875937969	-0.809302777079663
1.54435217608804	-0.677526045613716
1.5511855927964	-0.75448248105572
1.55801900950475	-0.771314907870364
1.56485242621311	-0.645842886485814
1.57168584292146	-0.790831253403381
1.57851925962982	-0.758186286692449
1.58535267633817	-0.72108090436541
1.59218609304652	-0.867567795247198
1.59901950975488	-0.765841121673463
1.60585292646323	-0.73539404110247
1.61268634317159	-0.891182585480456
1.61951975987994	-0.702415696135446
1.62635317658829	-0.696189842701443
1.63318659329665	-0.884131851163155
1.640020010005	-0.70813938555842
1.64685342671336	-0.700433106017768
1.65368684342171	-0.865346140048168
1.66052026013007	-0.735899234408607
1.66735367683842	-0.651634133783188
1.67418709354677	-0.811614867373107
1.68102051025513	-0.705929965145681
1.68785392696348	-0.636691845054571
1.69468734367184	-0.856295779281315
1.70152076038019	-0.720336099466003
1.70835417708854	-0.679424840822408
1.7151875937969	-0.789482813622192
1.72202101050525	-0.790490089153032
1.72885442721361	-0.669745737411763
1.73568784392196	-0.761919996675175
1.74252126063032	-0.787910312245167
1.74935467733867	-0.690064355974771
1.75618809404702	-0.784664714294238
1.76302151075538	-0.859754707789836
1.76985492746373	-0.737329551969672
1.77668834417209	-0.691973470025024
1.78352176088044	-0.810871663308997
1.79035517758879	-0.770177531036839
1.79718859429715	-0.659784483626917
1.8040220110055	-0.816561805037207
1.81085542771386	-0.769215223644924
1.81768884442221	-0.696512671737817
1.82452226113057	-0.761120383157263
1.83135567783892	-0.844771267158713
1.83818909454727	-0.720660567782049
1.84502251125563	-0.801210868223673
1.85185592796398	-0.778450939308202
1.85868934467234	-0.706027247084046
1.86552276138069	-0.854510228877322
1.87235617808904	-0.755624574383451
1.8791895947974	-0.683353053606204
1.88602301150575	-0.792666551596834
1.89285642821411	-0.802010569609869
1.89968984492246	-0.643428388540074
1.90652326163082	-0.734217440122972
1.91335667833917	-0.724130369966729
1.92019009504752	-0.554867076578739
1.92702351175588	-0.747281662779459
1.93385692846423	-0.675259171795133
1.94069034517259	-0.169471535403211
1.94752376188094	0.133763180226099
1.95435717858929	-0.461570714806499
1.96119059529765	-0.484583351530819
1.968024012006	-0.383587790993178
1.97485742871436	-0.447719730256945
1.98169084542271	1.41984712954729
1.98852426213107	2.95917216359907
1.99535767883942	3.5217976694575
2.00219109554777	2.65489528194392
2.00902451225613	0.690513677168881
2.01585792896448	-0.213246879527581
2.02269134567284	1.79336135139451
2.02952476238119	2.767486940015
2.03635817908954	2.47929610424777
2.0431915957979	1.14985990433701
2.05002501250625	-0.173274694813215
2.05685842921461	-0.845122711742228
2.06369184592296	-0.421883118339067
2.07052526263132	-0.111726975007337
2.07735867933967	0.101981240085291
2.08419209604802	0.294445259702278
2.09102551275638	0.48097345188257
2.09785892946473	0.661989607921576
2.10469234617309	0.837422630469564
2.11152576288144	1.00691351983908
2.11835917958979	1.13073658041886
2.12519259629815	1.05973183924897
2.1320260130065	0.723559821207945
2.13885942971486	0.122262899455397
2.14569284642321	-0.74917510890632
2.15252626313157	0.100531193197497
2.15935967983992	1.42953514059324
2.16619309654827	2.71718644678748
2.17302651325663	3.40042496284526
2.17985992996498	3.25657798983028
2.18669334667334	2.40075225510857
2.19352676338169	1.18568014610643
2.20036018009005	0.0713606355941813
2.2071935967984	-0.811654538350913
2.21402701350675	-0.460064649694836
2.22086043021511	-0.377887024725004
2.22769384692346	-0.561039440154736
2.23452726363182	-0.795007932406688
2.24136068034017	-0.714078346163659
2.24819409704852	-0.535462253215916
2.25502751375688	-0.599508908227289
2.26186093046523	-0.877222852325499
2.26869434717359	-0.601778253465403
2.27552776388194	-0.54896614203782
2.2823611805903	-0.783414730173227
2.28919459729865	-0.648663855687765
2.296028014007	-0.475224480256625
2.30286143071536	-0.670978743843777
2.30969484742371	-0.675063604971562
2.31652826413207	-0.498078720682301
2.32336168084042	-0.659507013895381
2.33019509754877	-0.71881398547632
2.33702851425713	-0.235178844295274
2.34386193096548	-0.552042440532457
2.35069534767384	0.0918052220973739
2.35752876438219	1.88306547064139
2.36436218109055	3.21991024960913
2.3711955977989	3.25979456064559
2.37802901450725	2.16458611697002
2.38486243121561	0.414885946752039
2.39169584792396	-0.398326518148771
2.39852926463232	0.944752009834501
2.40536268134067	1.82265772892237
2.41219609804902	2.23544421202356
2.41902951475738	2.229273319225
2.42586293146573	1.85859918164473
2.43269634817409	1.12291633547356
2.43952976488244	0.0232399781843261
2.4463631815908	-0.691036823149047
2.45319659829915	-0.144633779137874
2.4600300150075	-0.17157554982251
2.46686343171586	-0.596759622419713
2.47369684842421	-0.659709176025935
2.48053026513257	-0.48841921634846
2.48736368184092	-0.600043939666109
2.49419709854927	-0.84623418995117
2.50103051525763	-0.681198994149763
2.50786393196598	-0.641307864454431
2.51469734867434	-0.796908304747047
2.52153076538269	-0.803282526387722
2.52836418209105	-0.70490037628834
2.5351975987994	-0.736590411085471
2.54203101550775	-0.874602897860764
2.54886443221611	-0.729631423132673
2.55569784892446	-0.669735013975965
2.56253126563282	-0.769798376973839
2.56936468234117	-0.765293309384578
2.57619809904952	-0.57552563278926
2.58303151575788	-0.679948970496027
2.58986493246623	-0.805429695850323
2.59669834917459	-0.581914320782551
2.60353176588294	-0.622022520927319
2.6103651825913	-0.866141799381256
2.61719859929965	-0.702315150618558
2.624032016008	-0.64098254136724
2.63086543271636	-0.741508002375181
2.63769884942471	-0.87161040022903
2.64453226613307	-0.716632888724766
2.65136568284142	-0.683493079335491
2.65819909954977	-0.794495402562971
2.66503251625813	-0.83650839714354
2.67186593296648	-0.745493762755139
2.67869934967484	-0.775238611442676
2.68553276638319	-0.877634257473894
2.69236618309155	-0.819782744250664
2.6991995997999	-0.758887365980893
2.70603301650825	-0.78491470534058
2.71286643321661	-0.863308520184806
2.71969984992496	-0.826247575665981
2.72653326663332	-0.742180282265303
2.73336668334167	-0.744559473342013
2.74020010005003	-0.836358975221685
2.74703351675838	-0.785263330200446
2.75386693346673	-0.686316279223484
2.76070035017509	-0.75112820639453
2.76753376688344	-0.875954277868391
2.7743671835918	-0.747941592566171
2.78120060030015	-0.691962371188388
2.7880340170085	-0.753238525707329
2.79486743371686	-0.818896695789957
2.80170085042521	-0.547143760033996
2.80853426713357	-0.475775713086557
2.81536768384192	-0.618514786036371
2.82220110055028	-0.859212306394679
2.82903451725863	-0.738716712790888
2.83586793396698	-0.804545272904858
2.84270135067534	-0.500666580928134
2.84953476738369	0.388525676624302
2.85636818409205	1.18591794825326
2.8632016008004	1.61083828243494
2.87003501750875	1.65981156141762
2.87686843421711	1.31846546952697
2.88370185092546	0.643943108145469
2.89053526763382	-0.282080471692025
2.89736868434217	-0.528370832201857
2.90420210105053	0.3733930438893
2.91103551775888	1.02563664740087
2.91786893446723	1.41487157329507
2.92470235117559	1.54064735772279
2.93153576788394	1.37466275935544
2.9383691845923	0.888594304700065
2.94520260130065	0.178209642170529
2.952036018009	-0.573539952732953
2.95886943471736	-0.631485850449882
2.96570285142571	-0.383800614443535
2.97253626813407	-0.521329507681503
2.97936968484242	-0.828527447332479
2.98620310155078	-0.724970730104689
2.99303651825913	-0.672347974333346
2.99986993496748	-0.812912892974329
3.00670335167584	-0.781142259673113
3.01353676838419	-0.663056423737201
3.02037018509255	-0.65988418912941
3.0272036018009	-0.772789631453411
3.03403701850925	-0.814445196355905
3.04087043521761	-0.743190829633324
3.04770385192596	-0.852914325487355
3.05453726863432	-0.423844127894115
3.06137068534267	-0.108529637150989
3.06820410205103	-0.11441138087452
3.07503751875938	-0.456923486016557
3.08187093546773	-0.843595911027922
3.08870435217609	-0.803778023660775
3.09553776888444	-0.158185917619
3.1023711855928	0.775326782129004
3.10920460230115	1.32031620985914
3.1160380190095	1.21730581280793
3.12287143571786	0.671806651142065
3.12970485242621	0.122035127225134
3.13653826913457	-0.177854455213561
3.14337168584292	-0.373419512440529
3.15020510255128	-0.660255301451831
3.15703851925963	-0.596707161853029
3.16387193596798	0.233480419729278
3.17070535267634	1.09737542630829
3.17753876938469	1.54773268504733
3.18437218609305	1.38998949367436
3.1912056028014	0.839006020327514
3.19803901950976	0.0688076636506444
3.20487243621811	-0.797624874765847
3.21170585292646	-0.1497364311013
3.21853926963482	0.638556248409579
3.22537268634317	1.21021935214257
3.23220610305153	1.53686664953967
3.23903951975988	1.63426758931442
3.24587293646823	1.54418831353131
3.25270635317659	1.27982223015867
3.25953976988494	0.852709943282984
3.2663731865933	0.344951780208518
3.27320660330165	-0.17735169954008
3.28004002001001	-0.706639943906802
3.28687343671836	-0.50113652461567
3.29370685342671	0.147929362971713
3.30054027013507	0.779253898015716
3.30737368684342	1.29254282162672
3.31420710355178	1.67616456194035
3.32104052026013	1.82263165278464
3.32787393696848	1.69977920991981
3.33470735367684	1.39348562113296
3.34154077038519	0.978097242868188
3.34837418709355	0.504555657307009
3.3552076038019	0.104639056993678
3.36204102051026	-0.213633609581239
3.36887443721861	-0.452317247941235
3.37570785392696	-0.621476851184104
3.38254127063532	-0.720741905163975
3.38937468734367	-0.750145059590556
3.39620810405203	-0.734799486343516
3.40304152076038	-0.746277345496859
3.40987493746873	-0.788911193541748
3.41670835417709	-0.862601329361102
3.42354177088544	-0.824496811275358
3.4303751875938	-0.7480525991464
3.43720860430215	-0.780592569771837
3.44404202101051	-0.86671269474842
3.45087543771886	-0.855084462471037
3.45770885442721	-0.803268825321446
3.46454227113557	-0.772911026657665
3.47137568784392	-0.812954300159008
3.47820910455228	-0.877645355606304
3.48504252126063	-0.778491563504842
3.49187593796898	-0.746684133639073
3.49870935467734	-0.784806712434431
3.50554277138569	-0.893068598126531
3.51237618809405	-0.739328060347325
3.5192096048024	-0.684337988601783
3.52604302151076	-0.768585870276545
3.53287643821911	-0.893872006770068
3.53970985492746	-0.804108717692836
3.54654327163582	-0.75407449243108
3.55337668834417	-0.743944304827637
3.56021010505253	-0.789744437949205
3.56704352176088	-0.885241162370554
3.57387693846923	-0.792622202121053
3.58071035517759	-0.812816428851213
3.58754377188594	-0.87435267648428
3.5943771885943	-0.876811808429388
3.60121060530265	-0.861716992379309
3.60804402201101	-0.883323498080039
3.61487743871936	-0.884698938344491
3.62171085542771	-0.863358685532675
3.62854427213607	-0.844654735600032
3.63537768884442	-0.850605188336506
3.64221110555278	-0.894904200577924
3.64904452226113	-0.832287405604342
3.65587793896948	-0.79800554806988
3.66271135567784	-0.85740293491485
3.66954477238619	-0.816066844272852
3.67637818909455	-0.757342198954601
3.6832116058029	-0.781529525771319
3.69004502251126	-0.879332269459893
3.69687843921961	-0.75607332339257
3.70371185592796	-0.677815735582859
3.71054527263632	-0.702987686911214
3.71737868934467	-0.792809564799769
3.72421210605303	-0.855186132061756
3.73104552276138	-0.761092702711124
3.73787893946974	-0.772197619192869
3.74471235617809	-0.888858749038009
3.75154577288644	-0.686876339374869
3.7583791895948	-0.569943929870734
3.76521260630315	-0.693214018916902
3.77204602301151	-0.746689407976845
3.77887943971986	-0.523372127746395
3.78571285642821	-0.780136610473778
3.79254627313657	-0.399930177859442
3.79937968984492	0.111451505424444
3.80621310655328	0.425733229983471
3.81304652326163	0.323078993321766
3.81987993996999	-0.364632167632646
3.82671335667834	-0.48070209485386
3.83354677338669	0.154278791575686
3.84038019009505	-0.0531704476930775
3.8472136068034	-0.578635448344801
3.85404702351176	0.535400601755558
3.86088044022011	1.09776407806853
3.86771385692846	1.10851599375383
3.87454727363682	0.567409915678372
3.88138069034517	-0.413903849148986
3.88821410705353	-0.411356419133356
3.89504752376188	0.274808570807587
3.90188094047024	0.680377903591354
3.90871435717859	0.80345420270592
3.91554777388694	0.669018827537447
3.9223811905953	0.352545343898739
3.92921460730365	-0.140607411174623
3.93604802401201	-0.839514097761222
3.94288144072036	-0.0338704594839465
3.94971485742871	1.07749989001832
3.95654827413707	2.06956377009543
3.96338169084542	2.49706916026027
3.97021510755378	1.97527142119401
3.97704852426213	0.386350450130342
3.98388194097049	0.102881428297484
3.99071535767884	1.94901754560191
3.99754877438719	2.04384399977203
4.00438219109555	0.11586595938182
4.0112156078039	0.559875060598036
4.01804902451226	2.07414877247113
4.02488244122061	1.87821541525101
4.03171585792896	-0.176835788399948
4.03854927463732	1.19375173355711
4.04538269134567	2.91390744405533
4.05221610805403	3.07030592631999
4.05904952476238	1.99577799558666
4.06588294147074	0.204713767500234
4.07271635817909	-0.0564298437175088
4.07954977488744	1.50432862712535
4.0863831915958	2.50009428493842
4.09321660830415	3.01577396221205
4.10005002501251	3.17817923397158
4.10688344172086	3.03541632288444
4.11371685842921	2.56653251065142
4.12055027513757	1.82869453616774
4.12738369184592	0.981939808730849
4.13421710855428	0.215901358866437
4.14105052526263	-0.417299764446001
4.14788394197099	-0.874154681743179
4.15471735867934	-0.514235282372761
4.16155077538769	-0.298319475720089
4.16838419209605	-0.144073941250034
4.1752176088044	-0.0139392482245986
4.18205102551276	0.0917084447534342
4.18888444222111	0.162060470882987
4.19571785892946	0.17905252259175
4.20255127563782	0.167613076587327
4.20938469234617	0.144884446786819
4.21621810905453	0.11619038595643
4.22305152576288	0.244040912548914
4.22988494247124	0.699851191624467
4.23671835917959	1.48016466594187
4.24355177588794	2.24922805193573
4.2503851925963	2.67540426014234
4.25721860930465	2.55522014843436
4.26405202601301	1.86947215027211
4.27088544272136	0.926034819063726
4.27771885942972	-0.00718403060002255
4.28455227613807	-0.72461713423669
4.29138569284642	-0.700207456998951
4.29821910955478	-0.628784213019981
4.30505252626313	-0.839869206564223
4.31188594297149	-0.739466199461325
4.31871935967984	-0.692473607943868
4.32555277638819	-0.809253150273146
4.33238619309655	-0.847819277779684
4.3392196098049	-0.781985424874002
4.34605302651326	-0.785427742891724
4.35288644322161	-0.84540388334537
4.35971985992996	-0.874566852978172
4.36655327663832	-0.794793521645387
4.37338669334667	-0.746163827908353
4.38022011005503	-0.793572621334248
4.38705352676338	-0.88217426586235
4.39388694347174	-0.77534388075212
4.40072036018009	-0.734412970894938
4.40755377688844	-0.760185863237938
4.4143871935968	-0.837898566757265
4.42122061030515	-0.886013257302429
4.42805402701351	-0.834019708628382
4.43488744372186	-0.798015746856797
4.44172086043022	-0.785116140597159
4.44855427713857	-0.807748069326279
4.45538769384692	-0.866202616509858
4.46222111055528	-0.831620660687889
4.46905452726363	-0.748899291074519
4.47588794397199	-0.76943182378297
4.48272136068034	-0.866480397421561
4.48955477738869	-0.812246684446536
4.49638819409705	-0.77353809400219
4.5032216108054	-0.84831824034419
4.51005502751376	-0.8592725674963
4.51688844422211	-0.798567750670905
4.52372186093047	-0.770193503794356
4.53055527763882	-0.813759248394128
4.53738869434717	-0.887239421259898
4.54422211105553	-0.821255059890611
4.55105552776388	-0.796727839872686
4.55788894447224	-0.813197307357299
4.56472236118059	-0.860071464095441
4.57155577788894	-0.888233083856831
4.5783891945973	-0.86321605574916
4.58522261130565	-0.861033973080247
4.59205602801401	-0.881758050941723
4.59888944472236	-0.866660254404246
4.60572286143072	-0.801260237691354
4.61255627813907	-0.782000876959919
4.61938969484742	-0.85489250043182
4.62622311155578	-0.821355222572267
4.63305652826413	-0.712352344888107
4.63988994497249	-0.714467613362005
4.64672336168084	-0.857020357013741
4.65355677838919	-0.788325390535921
4.66039019509755	-0.744289447278541
4.6672236118059	-0.835387940676561
4.67405702851426	-0.762879841026255
4.68089044522261	-0.641448992778637
4.68772386193097	-0.754888827215663
4.69455727863932	-0.659585051167025
4.70139069534767	-0.429485184918307
4.70822411205603	-0.5829575424602
4.71505752876438	-0.641669762298777
4.72189094547274	0.207158414718811
4.72872436218109	0.76905762658836
4.73555777888944	0.622349605958477
4.7423911955978	-0.0638697376065116
4.74922461230615	-0.819642973851565
4.75605802901451	-0.0212330844986926
4.76289144572286	0.256116153427191
4.76972486243122	-0.0550752524121882
4.77655827913957	-0.837242262217495
4.78339169584792	0.438234172284012
4.79022511255628	1.23872758494824
4.79705852926463	1.19458056131888
4.80389194597299	0.0523655831737147
4.81072536268134	-0.159376423266313
4.8175587793897	0.488070647651482
4.82439219609805	-0.661090772872148
4.8312256128064	1.22320675760015
4.83805902951476	2.91825712327418
4.84489244622311	3.6026682338138
4.85172586293147	3.2368783048416
4.85855927963982	1.78161874698955
4.86539269634817	-0.347128804024213
4.87222611305653	0.343756249471665
4.87905952976488	1.20817180420343
4.88589294647324	1.13507683802896
4.89272636318159	0.338894233095125
4.89955977988994	-0.859791929051095
4.9063931965983	0.194232861010873
4.91322661330665	0.587132219787992
4.92006003001501	0.230267968912176
4.92689344672336	-0.478812749879131
4.93372686343172	-0.658380940804451
4.94056028014007	-0.0985037999371959
4.94739369684843	0.366605715304434
4.95422711355678	0.648992036703713
4.96106053026513	0.588604483339173
4.96789394697349	0.161528107647043
4.97472736368184	-0.534944080539812
4.9815607803902	-0.489003595656009
4.98839419709855	0.163827037192136
4.9952276138069	0.546824468145014
5.00206103051526	0.627106683776041
5.00889444722361	0.391477477732114
5.01572786393197	-0.159500252077928
5.02256128064032	-0.823811166303111
5.02939469734867	-0.355157272687256
5.03622811405703	0.125432205904634
5.04306153076538	0.356761682480183
5.04989494747374	0.337707431632163
5.05672836418209	0.0683908642138659
5.06356178089045	-0.451318994894669
5.0703951975988	-0.832987779637769
5.07722861430715	-0.672750022613833
5.08406203101551	-0.829486739265739
5.09089544772386	-0.606381323436935
5.09772886443222	-0.295310559563348
5.10456228114057	-0.18169161290737
5.11139569784893	-0.265595902198183
5.11822911455728	-0.520607484151257
5.12506253126563	-0.614866180796257
5.13189594797399	-0.432042127367922
5.13872936468234	-0.0370707841577294
5.1455627813907	0.259500890682074
5.15239619809905	0.417107221688665
5.1592296148074	0.435402135527494
5.16606303151576	0.301566561666803
5.17289644822411	0.045014088647839
5.17972986493247	-0.323118061648773
5.18656328164082	-0.691880893821402
5.19339669834917	-0.755426339517055
5.20023011505753	-0.333170816235077
5.20706353176588	0.279347746439985
5.21389694847424	1.11142397988591
5.22073036518259	1.95165054364128
5.22756378189095	2.44185800213259
5.2343971985993	2.45583982877529
5.24123061530765	1.99361285072191
5.24806403201601	1.05521083021227
5.25489744872436	-0.335266534908034
5.26173086543272	-0.187075745157302
5.26856428214107	0.517950849572263
5.27539769884943	0.614470145296052
5.28223111555778	0.186448772516071
5.28906453226613	-0.188748125396623
5.29589794897449	-0.278970026389774
5.30273136568284	-0.0722104358100256
5.3095647823912	0.55180985324507
5.31639819909955	1.51202767544633
5.3232316158079	2.34039927139576
5.33006503251626	2.57756711600851
5.33689844922461	2.1902750099062
5.34373186593297	1.33232620408298
5.35056528264132	0.328196529684375
5.35739869934967	-0.591923059292393
5.36423211605803	-0.614448382017798
5.37106553276638	-0.298573676405484
5.37789894947474	-0.0706738499619543
5.38473236618309	0.111021242065725
5.39156578289145	0.200361725716893
5.3983991995998	0.193469765175743
5.40523261630815	0.090261021842279
5.41206603301651	-0.109374231259834
5.41889944972486	-0.404260894110245
5.42573286643322	-0.777819058834365
5.43256628314157	-0.608542218925846
5.43939969984993	-0.30841315680034
5.44623311655828	-0.214946345069469
5.45306653326663	-0.322341342076259
5.45989994997499	-0.530653288000168
5.46673336668334	-0.728973137027051
5.4735667833917	-0.886482053260518
5.48040020010005	-0.792900137906609
5.4872336168084	-0.83039682064247
5.49406703351676	-0.819897030722667
5.50090045022511	-0.660473153372817
5.50773386693347	-0.639362975588518
5.51456728364182	-0.793523899274963
5.52140070035018	-0.744720663539993
5.52823411705853	-0.560188419965381
5.53506753376688	-0.536190267186443
5.54190095047524	-0.684267867538311
5.54873436718359	-0.850749139941505
5.55556778389195	-0.785141524259979
5.5624012006003	-0.471187481259319
5.56923461730865	-0.0313199271396994
5.57606803401701	0.410107272196639
5.58290145072536	0.816522648967956
5.58973486743372	0.847581239869781
5.59656828414207	0.435342901704547
5.60340170085043	-0.244587109635067
5.61023511755878	-0.690001181169249
5.61706853426713	0.0115008781834099
5.62390195097549	0.503542872544787
5.63073536768384	0.697234748708075
5.6375687843922	0.551620806222176
5.64440220110055	0.187443300955712
5.6512356178089	-0.275706010572264
5.65806903451726	-0.682972896882454
5.66490245122561	-0.838613323420359
5.67173586793397	-0.690510417098678
5.67856928464232	-0.605985958477763
5.68540270135068	-0.546189670007192
5.69223611805903	-0.486414231958225
5.69906953476738	-0.40844371325202
5.70590295147574	-0.299737775812815
5.71273636818409	-0.159988987336336
5.71956978489245	0.00341424965912119
5.7264032016008	0.156930038761325
5.73323661830915	0.279085418400452
5.74007003501751	0.355649997728757
5.74690345172586	0.401725018157596
5.75373686843422	0.421040147770638
5.76057028514257	0.376375213737594
5.76740370185093	0.169112138849823
5.77423711855928	-0.210420047170323
5.78107053526763	-0.829322197434892
5.78790395197599	-0.0332789557510959
5.79473736868434	1.1526460658076
5.8015707853927	2.25132204858538
5.80840420210105	2.74689770805846
5.8152376188094	2.53203706294279
5.82207103551776	1.66020425264714
5.82890445222611	0.405293522386763
5.83573786893447	-0.737868108930333
5.84257128564282	-0.208376430512635
5.84940470235118	0.311389713453596
5.85623811905953	0.509639770520944
5.86307153576788	0.450644695994452
5.86990495247624	0.308072735888076
5.87673836918459	0.0921132207039379
5.88357178589295	-0.145496278276221
5.8904052026013	-0.356378466968022
5.89723861930966	-0.532596809013778
5.90407203601801	-0.684225972633639
5.91090545272636	-0.843995819736195
5.91773886943472	-0.769024542517023
5.92457228614307	-0.569969220636151
5.93140570285143	-0.35100633125419
5.93823911955978	-0.128081684799263
5.94507253626813	-0.00561051625993197
5.95190595297649	-0.0971879076178041
5.95873936968484	-0.470719286953897
5.9655727863932	-0.662645476997864
5.97240620310155	0.24348092068451
5.97923961980991	1.1498645108068
5.98607303651826	1.65401661520059
5.99290645322661	1.46516428362333
5.99973986993497	0.543098969692522
6.00657328664332	-0.774149257405349
6.01340670335168	0.258846988819709
6.02024012006003	0.948601722408637
6.02707353676838	0.972068142513604
6.03390695347674	0.344454447447635
6.04074037018509	-0.657929676492674
6.04757378689345	-0.0421773754191882
6.0544072036018	0.957343929113386
6.06124062031016	1.40611262788475
6.06807403701851	1.14286515052744
6.07490745372686	0.366087349466152
6.08174087043522	-0.586345893095205
6.08857428714357	-0.565297501228354
6.09540770385193	-0.358248581390572
6.10224112056028	-0.581074816014929
6.10907453726863	-0.862920646024868
6.11590795397699	-0.674293762338686
6.12274137068534	-0.646415767545159
6.1295747873937	-0.703567436182387
6.13640820410205	-0.683282342849913
6.14324162081041	-0.566067676787396
6.15007503751876	-0.444557660736224
6.15690845422711	-0.355177572576646
6.16374187093547	-0.255441950503248
6.17057528764382	-0.158084654860237
6.17740870435218	-0.179060036276543
6.18424212106053	-0.534199180835888
6.19107553776889	-0.433814040087041
6.19790895447724	0.768674350149397
6.20474237118559	1.86902764585229
6.21157578789395	2.57339530991076
6.2184092046023	2.88158564286209
6.22524262131066	2.78074905270388
6.23207603801901	2.24030775578976
6.23890945472736	1.25912545414046
6.24574287143572	0.0709892447801158
6.25257628814407	-0.694363638699345
6.25940970485243	-0.879114410752722
6.26624312156078	-0.857866722663833
6.27307653826913	-0.788620248501606
6.27990995497749	-0.821789505191758
6.28674337168584	-0.879213374731524
6.2935767883942	-0.876744812725947
6.30041020510255	-0.862145110886615
6.30724362181091	-0.869394400378417
6.31407703851926	-0.893756246629701
6.32091045522761	-0.882850572244571
6.32774387193597	-0.878351141213678
6.33457728864432	-0.884772900404353
6.34141070535268	-0.889605297938798
6.34824412206103	-0.869996782166836
6.35507753876939	-0.862966455690674
6.36191095547774	-0.87518491798891
6.36874437218609	-0.895161049105641
6.37557778889445	-0.882983759436582
6.3824112056028	-0.885783246399553
6.38924462231116	-0.88827480794752
6.39607803901951	-0.875260564933124
6.40291145572786	-0.872103986280874
6.40974487243622	-0.878737184784362
6.41657828914457	-0.895173171261676
6.42341170585293	-0.875161736540966
6.43024512256128	-0.864183723764622
6.43707853926963	-0.865234381727958
6.44391195597799	-0.878248636150026
6.45074537268634	-0.890220776937117
6.4575787893947	-0.870693820122403
6.46441220610305	-0.862212908853299
6.47124562281141	-0.872894878695526
6.47807903951976	-0.891814526549798
6.48491245622811	-0.870757715113747
6.49174587293647	-0.861166681572168
6.49857928964482	-0.863188083257014
6.50541270635318	-0.880577435075861
6.51224612306153	-0.880468502637282
6.51907953976989	-0.847578108977159
6.52591295647824	-0.832735448482162
6.53274637318659	-0.853073926405757
6.53957978989495	-0.891069616416516
6.5464132066033	-0.850234298849814
6.55324662331166	-0.851340254661135
6.56008004002001	-0.890534651703174
6.56691345672836	-0.794235839187364
6.57374687343672	-0.651859583041704
6.58058029014507	-0.463285664476617
6.58741370685343	-0.297489184767328
6.59424712356178	-0.262951860155828
6.60108054027013	-0.379887312075296
6.60791395697849	-0.648273984062858
6.61474737368684	-0.723863423814659
6.6215807903952	-0.300243577086653
6.62841420710355	-0.140748778911893
6.63524762381191	-0.25097644881597
6.64208104052026	-0.631026761180306
6.64891445722861	-0.529538718456147
6.65574787393697	0.190534153515199
6.66258129064532	0.722269617704601
6.66941470735368	0.810948599326965
6.67624812406203	0.455962039798658
6.68308154077039	-0.249706252440778
6.68991495747874	-0.843450598640897
6.69674837418709	-0.282179316221377
6.70358179089545	0.140888877845555
6.7104152076038	0.374021721240074
6.71724862431216	0.320451704876275
6.72408204102051	0.0656616239388051
6.73091545772886	-0.261055363919159
6.73774887443722	-0.549886274409895
6.74458229114557	-0.750635954298076
6.75141570785393	-0.828008680633162
6.75824912456228	-0.797829183595408
6.76508254127064	-0.742076053030653
6.77191595797899	-0.748574791880533
6.77874937468734	-0.851773591441167
6.7855827913957	-0.740327777161067
6.79241620810405	-0.443703025520218
6.79924962481241	-0.0936124526392403
6.80608304152076	0.197790640666876
6.81291645822911	0.409027786659911
6.81974987493747	0.477722937441057
6.82658329164582	0.402497161193956
6.83341670835418	0.21595600795359
6.84025012506253	-0.0654792607205708
6.84708354177089	-0.398959145014866
6.85391695847924	-0.720318664005652
6.8607503751876	-0.84305594256791
6.86758379189595	-0.724415820511232
6.8744172086043	-0.731567958769741
6.88125062531266	-0.864466145892299
6.88808404202101	-0.473042857559773
6.89491745872936	0.113629774645836
6.90175087543772	0.696708096740547
6.90858429214607	1.10150885724636
6.91541770885443	1.32791013713839
6.92225112556278	1.37606293122082
6.92908454227114	1.24590740412504
6.93591795897949	0.933886030777015
6.94275137568784	0.387209607515003
6.9495847923962	-0.374138361064796
6.95641820910455	-0.725492617592565
6.96325162581291	-0.286232850633315
6.97008504252126	-0.117114940403131
6.97691845922962	-0.187583984295871
6.98375187593797	-0.325289977641106
6.99058529264632	-0.347729283522299
6.99741870935468	-0.230864123617332
7.00425212606303	0.0557020451171179
7.01108554277139	0.425867717233961
7.01791895947974	0.746288083090023
7.02475237618809	0.939999975324342
7.03158579289645	0.731746201177516
7.0384192096048	0.0589488125644998
7.04525262631316	-0.845237550604042
7.05208604302151	0.0577978362413961
7.05891945972987	0.777494061832948
7.06575287643822	0.846859796994443
7.07258629314657	0.265800006126598
7.07941970985493	-0.869344762872456
7.08625312656328	0.0963890597381548
7.09308654327164	0.870923677434649
7.09991995997999	1.40088351921581
7.10675337668834	1.68631013632068
7.1135867933967	1.72714965611205
7.12042021010505	1.5265974019258
7.12725362681341	1.14116733924605
7.13408704352176	0.647001143913464
7.14092046023012	0.0688518579404724
7.14775387693847	-0.444377504338159
7.15458729364682	-0.820934037979938
7.16142071035518	-0.740310998140019
7.16825412706353	-0.654201051399738
7.17508754377189	-0.672346510021995
7.18192096048024	-0.773046591246944
7.18875437718859	-0.874139940542091
7.19558779389695	-0.757441841700894
7.2024212106053	-0.678087187001143
7.20925462731366	-0.669816357775957
7.21608804402201	-0.736609810225916
7.22292146073037	-0.87847562526421
7.22975487743872	-0.704841387116145
7.23658829414707	-0.5808985321354
7.24342171085543	-0.651284217979776
7.25025512756378	-0.840372206524338
7.25708854427214	-0.692896634104985
7.26392196098049	-0.517665615668686
7.27075537768884	-0.517615088188249
7.2775887943972	-0.730771221713741
7.28442221110555	-0.661245848958038
7.29125562781391	-0.206516296528716
7.29808904452226	0.179633628069476
7.30492246123062	0.446332829952397
7.31175587793897	0.589980544427464
7.31858929464732	0.610559230528365
7.32542271135568	0.508015483840598
7.33225612806403	0.297719764382078
7.33908954477239	0.143671004020211
7.34592296148074	0.0948536089674569
7.35275637818909	-0.0150359151458918
7.35958979489745	-0.338160612066917
7.3664232116058	-0.889219115437394
7.37325662831416	-0.0957956186808837
7.38009004502251	0.362752039777652
7.38692346173087	0.176417247723487
7.39375687843922	-0.587421029761061
7.40059029514757	-0.217297814078643
7.40742371185593	0.256477763450889
7.41425712856428	-0.150115086139668
7.42109054527264	-0.311309238936611
7.42792396198099	1.53234954215489
7.43475737868935	2.67381455834062
7.4415907953977	2.38378416897816
7.44842421210605	0.907601384119937
7.45525762881441	-0.599304763402519
7.46209104552276	-0.321080120970143
7.46892446223112	-0.0845626030929457
7.47575787893947	-0.367584536331161
7.48259129564782	-0.798920421241056
7.48942471235618	-0.137767605413317
7.49625812906453	-0.177884434911813
7.50309154577289	-0.809809100029424
7.50992496248124	-0.0269626020697062
7.51675837918959	-0.0369547058009308
7.52359179589795	-0.870941101762607
7.5304252126063	0.0340526386309296
7.53725862931466	0.207010366903271
7.54409204602301	-0.375373895582582
7.55092546273137	-0.285194409918625
7.55775887943972	0.646270203909068
7.56459229614807	0.992590902906417
7.57142571285643	0.676665721442285
7.57825912956478	-0.0680664296198647
7.58509254627314	-0.800700890537478
7.59192596298149	-0.130037970522744
7.59875937968985	-0.242965589225163
7.6055927963982	-0.799948076035836
7.61242621310655	0.264358262471555
7.61925962981491	0.754972350165917
7.62609304652326	0.42485960623419
7.63292646323162	-0.435816541352977
7.63975987993997	-0.372348247591983
7.64659329664832	0.100414918225409
7.65342671335668	-0.185946166894081
7.66026013006503	-0.636342717832998
7.66709354677339	0.743005976891348
7.67392696348174	1.88502957150351
7.68076038019009	2.16216237961017
7.68759379689845	1.48115467543489
7.6944272136068	-0.153323699329465
7.70126063031516	0.147711649611329
7.70809404702351	1.24355462509818
7.71492746373187	1.21952511560174
7.72176088044022	0.047201733255101
7.72859429714857	-0.115084939488254
7.73542771385693	1.23080198428968
7.74226113056528	1.87611248809369
7.74909454727364	1.71204868931409
7.75592796398199	0.94434916437741
7.76276138069035	0.0835653112806039
7.7695947973987	-0.384720255549475
7.77642821410705	-0.470088201164864
7.78326163081541	-0.423892368470414
7.79009504752376	-0.301941059754268
7.79692846423212	-0.104161715283962
7.80376188094047	0.102727159159344
7.81059529764883	-0.00867557428534153
7.81742871435718	-0.378523907453031
7.82426213106553	-0.810082490551892
7.83109554777389	-0.493481292362777
7.83792896448224	0.0520446471386844
7.84476238119059	0.654516537777372
7.85159579789895	1.31397297511292
7.8584292146073	2.01258197861345
7.86526263131566	2.49328261772712
7.87209604802401	2.67034989911542
7.87892946473237	2.54367123556133
7.88576288144072	2.12476536739354
7.89259629814908	1.53730438269087
7.89942971485743	0.865965772248182
7.90626313156578	0.22258646048917
7.91309654827414	-0.35302059601421
7.91992996498249	-0.82854131437218
7.92676338169085	-0.638488450505105
7.9335967983992	-0.492716514594245
7.94043021510755	-0.555516490436447
7.94726363181591	-0.808060111218348
7.95409704852426	-0.688533867289333
7.96093046523262	-0.551171543844998
7.96776388194097	-0.599656441813302
7.97459729864932	-0.775504737122643
7.98143071535768	-0.852044150824311
7.98826413206603	-0.711224303787688
7.99509754877439	-0.610285738540427
8.00193096548274	-0.64677102366258
8.0087643821911	-0.81414594870221
8.01559779889945	-0.710080483360016
8.0224312156078	-0.563087387214349
8.02926463231616	-0.582548408586912
8.03609804902451	-0.763539865459432
8.04293146573287	-0.752248153489545
8.04976488244122	-0.563737349616631
8.05659829914958	-0.522233487674242
8.06343171585793	-0.594399172399616
8.07026513256628	-0.668966702453943
8.07709854927464	-0.643199142971554
8.08393196598299	-0.43452893429741
8.09076538269135	-0.047049244745323
8.0975987993997	0.281778231459851
8.10443221610806	0.245082148563391
8.11126563281641	-0.20071268551555
8.11809904952476	-0.88657381313337
8.12493246623312	-0.243699032387308
8.13176588294147	-0.219774594464658
8.13859929964982	-0.861136056980329
8.14543271635818	0.493054153022467
8.15226613306653	1.98463094275752
8.15909954977489	3.31899385065259
8.16593296648324	3.75170165046015
8.1727663831916	3.26737701789672
8.17959979989995	2.01208604608829
8.1864332166083	0.134517379189389
8.19326663331666	-0.0565552620887917
8.20010005002501	1.24468318490957
8.20693346673337	1.89168349825928
8.21376688344172	1.88436827984642
8.22060030015007	1.2231761482032
8.22743371685843	0.116803720120342
8.23426713356678	-0.588833638333728
8.24110055027514	0.411683425723265
8.24793396698349	0.524985051992063
8.25476738369185	-0.234158034375811
8.2616008004002	-0.138120935883886
8.26843421710856	1.28081629886232
8.27526763381691	2.2346393056019
8.28210105052526	2.37814338027233
8.28893446723362	1.62535400823998
8.29576788394197	0.20473142441587
8.30260130065033	-0.0302476695896095
8.30943471735868	1.85762025367077
8.31626813406703	2.73106915289197
8.32310155077539	2.54396241633835
8.32993496748374	1.51118812884624
8.3367683841921	0.397905681165144
8.34360180090045	-0.728041638080156
8.3504352176088	-0.0456362751044309
8.35726863431716	0.576056459819521
8.36410205102551	0.795001744527663
8.37093546773387	0.611047668168972
8.37776888444222	0.0244592455858431
8.38460230115058	-0.826948847064264
8.39143571785893	0.479427356317388
8.39826913456728	1.35157163997611
8.40510255127564	1.61485956948268
8.41193596798399	1.30499136512446
8.41876938469235	0.649103379376128
8.4256028014007	-0.0862805682457269
8.43243621810906	-0.746212391180526
8.43926963481741	-0.579549218865042
8.44610305152576	-0.30692513707736
8.45293646823412	-0.19081024634271
8.45976988494247	-0.0849519299264883
8.46660330165083	0.0376806071442272
8.47343671835918	0.17697967462071
8.48027013506753	0.333005608084557
8.48710355177589	0.436769940382162
8.49393696848424	0.33194613815271
8.5007703851926	-0.0118995185701095
8.50760380190095	-0.481307142254321
8.51443721860931	-0.791593419811334
8.52127063531766	-0.344158853290165
8.52810405202601	0.00477402422089516
8.53493746873437	0.251004380791885
8.54177088544272	0.394275407757918
8.54860430215108	0.434777882560898
8.55543771885943	0.372374234309732
8.56227113556779	0.207143448909423
8.56910455227614	-0.056382738410645
8.57593796898449	-0.287243572377466
8.58277138569285	-0.462169528760457
8.5896048024012	-0.618809099861901
8.59643821910956	-0.757441381680817
8.60327163581791	-0.878040260163276
8.61010505252626	-0.811575945788525
8.61693846923462	-0.727315968812373
8.62377188594297	-0.661165934946286
8.63060530265133	-0.613045827681518
8.63743871935968	-0.583053221946747
8.64427213606803	-0.44774867955952
8.65110555277639	0.00693697109813314
8.65793896948474	0.574628386372821
8.6647723861931	1.19758028722134
8.67160580290145	1.87575615039912
8.67843921960981	2.60899956024507
8.68527263631816	3.26948944171094
8.69210605302651	3.20128122220952
8.69893946973487	2.3120548086385
8.70577288644322	0.630970604804778
8.71260630315158	-0.721769186318483
8.71943971985993	0.0700559564112183
8.72627313656828	-0.0848028952652893
8.73310655327664	-0.7698046724243
8.73993996998499	-0.505051916696572
8.74677338669335	-0.401091690654161
8.7536068034017	-0.491552863591252
8.76044022011006	-0.744765690825956
8.76727363681841	-0.63979113955946
8.77410705352676	-0.365814809836772
8.78094047023512	-0.421199827544613
8.78777388694347	-0.712635046535759
8.79460730365183	-0.831182390291761
8.80144072036018	-0.636900107164665
8.80827413706854	-0.50194491079744
8.81510755377689	-0.54598114374807
8.82194097048524	-0.760653062041915
8.8287743871936	-0.854142534359068
8.83560780390195	-0.733711380537985
8.84244122061031	-0.669979293343759
8.84927463731866	-0.662765115711216
8.85610805402701	-0.712166956853015
8.86294147073537	-0.820672257426637
8.86977488744372	-0.80040653509055
8.87660830415208	-0.663045570595651
8.88344172086043	-0.638490390361531
8.89027513756879	-0.725012256079606
8.89710855427714	-0.868311525864801
8.90394197098549	-0.809156192967278
8.91077538769385	-0.732749718713874
8.9176088044022	-0.694523020803312
8.92444222111055	-0.694645429629844
8.93127563781891	-0.732920618541315
8.93810905452726	-0.825494311995756
8.94494247123562	-0.82582008732452
8.95177588794397	-0.738290414720567
8.95860930465233	-0.721031015138422
8.96544272136068	-0.773800759280277
8.97227613806903	-0.885106939613202
8.97910955477739	-0.661892830320744
8.98594297148574	-0.40107208810424
8.9927763881941	-0.120724181128086
8.99960980490245	0.102235419855954
9.00644322161081	0.223561621530584
9.01327663831916	0.24319316276828
9.02011005502751	0.161131752038987
9.02694347173587	0.0173330326685173
9.03377688844422	-0.0772427585589776
9.04061030515258	-0.0326438903240453
9.04744372186093	0.128077996973988
9.05427713856928	0.185514516149582
9.06111055527764	0.0952097113382809
9.06794397198599	-0.155420696858076
9.07477738869435	-0.656748773877509
9.0816108054027	-0.38530054559672
9.08844422211106	0.449069198898126
9.09527763881941	1.09532169236192
9.10211105552776	1.4754104807074
9.10894447223612	1.51105813124093
9.11577788894447	1.18928261890084
9.12261130565283	0.581498580623556
9.12944472236118	-0.123135532877088
9.13627813906954	-0.765594316756713
9.14311155577789	-0.6413169673846
9.14994497248624	-0.514510998723896
9.1567783891946	-0.627715117717796
9.16361180590295	-0.791314657631769
9.17044522261131	-0.86223855098532
9.17727863931966	-0.749138001217618
9.18411205602801	-0.661269677332223
9.19094547273637	-0.621812090903389
9.19777888944472	-0.744913044610093
9.20461230615308	-0.750369019713729
9.21144572286143	-0.517562265881123
9.21827913956979	-0.616664320976811
9.22511255627814	-0.831182463595357
9.23194597298649	-0.53000274678357
9.23877938969485	-0.538320649521386
9.2456128064032	-0.888369766902133
9.25244622311155	-0.556669186745202
9.25927963981991	-0.409120571317824
9.26611305652826	-0.542267164516534
9.27294647323662	-0.831001922968611
9.27977988994497	-0.433245819960018
9.28661330665333	-0.415788145962747
9.29344672336168	-0.886547168460639
9.30028014007004	-0.111829758252533
9.30711355677839	0.334764435198513
9.31394697348674	0.375184134892773
9.3207803901951	-0.00898870974542216
9.32761380690345	-0.831417832895063
9.33444722361181	-0.237761514598502
9.34128064032016	-0.0513587472395687
9.34811405702852	-0.511162891952106
9.35494747373687	-0.23698413537365
9.36178089044522	1.17804626124512
9.36861430715358	2.65347819014413
9.37544772386193	3.11451141690545
9.38228114057029	2.38690344441076
9.38911455727864	0.615649343911711
9.39594797398699	-0.664565373665466
9.40278139069535	0.499977922534698
9.4096148074037	0.908127162316204
9.41644822411206	0.882809028012587
9.42328164082041	0.685277785948684
9.43011505752876	0.487504206646145
9.43694847423712	0.146789660333529
9.44378189094547	-0.503383407231226
9.45061530765383	-0.324666519870477
9.45744872436218	0.886804069492066
9.46428214107054	1.84421575077649
9.47111555777889	2.28067037281951
9.47794897448724	1.91211250206651
9.4847823911956	0.874301455373378
9.49161580790395	-0.301248327272602
9.49844922461231	-0.710585186620411
9.50528264132066	-0.326102877103669
9.51211605802902	-0.337350204626517
9.51894947473737	-0.66849224112021
9.52578289144572	-0.739949122646868
9.53261630815408	-0.528206525904827
9.53944972486243	-0.63735999819232
9.54628314157079	-0.774665972090136
9.55311655827914	-0.207434812136367
9.55994997498749	0.352421102386278
9.56678339169585	0.840518458818722
9.5736168084042	1.10272326900488
9.58045022511256	1.0719505050067
9.58728364182091	0.74899680512841
9.59411705852927	0.292026306610457
9.60095047523762	-0.163749296543163
9.60778389194597	-0.478043323302181
9.61461730865433	-0.381892660654761
9.62145072536268	0.141590557515257
9.62828414207104	0.825815580114491
9.63511755877939	1.19918976120359
9.64195097548775	1.01729438035636
9.6487843921961	0.36963952457009
9.65561780890445	-0.394268672196979
9.66245122561281	-0.734764486389279
9.66928464232116	-0.439133478707553
9.67611805902952	-0.542012931480725
9.68295147573787	-0.895496857574001
9.68978489244622	-0.62133145050866
9.69661830915458	-0.697194489786204
9.70345172586293	-0.654794706028947
9.71028514257129	0.00693591064478074
9.71711855927964	0.559887891944355
9.72395197598799	0.865663072979437
9.73078539269635	0.86686788211094
9.7376188094047	0.601171557551107
9.74445222611306	0.0943385035266739
9.75128564282141	-0.543911036259172
9.75811905952976	-0.633470764083483
9.76495247623812	-0.15109604596767
9.77178589294647	0.0973015460770266
9.77861930965483	0.0990033781726914
9.78545272636318	-0.0906492559032564
9.79228614307154	-0.28785521033138
9.79911955977989	-0.332139069631173
9.80595297648824	-0.215851507922963
9.8127863931966	-0.0400927834458373
9.81961980990495	0.0767848324206155
9.82645322661331	-0.0168430197040145
9.83328664332166	-0.349920237742902
9.84012006003002	-0.892513842130516
9.84695347673837	-0.299521629508855
9.85378689344672	0.259238258754722
9.86062031015508	0.651561150403166
9.86745372686343	0.612652714630029
9.87428714357179	0.143062676611939
9.88112056028014	-0.498598376851931
9.88795397698849	-0.847013609720858
9.89478739369685	-0.737268928903537
9.9016208104052	-0.169198605180911
9.90845422711356	0.605235433011755
9.91528764382191	1.32816626868932
9.92212106053027	1.91311993977755
9.92895447723862	1.79752201087325
9.93578789394697	0.838712958809092
9.94262131065533	-0.244609189456404
9.94945472736368	-0.743888972936695
9.95628814407204	-0.462855827611183
9.96312156078039	-0.704670528093839
9.96995497748875	-0.611915340841834
9.9767883941971	-0.540784424913186
9.98362181090545	-0.849108682830012
9.99045522761381	0.0135674867900428
9.99728864432216	0.967592879572248
10.0041220610305	1.61254316666506
10.0109554777389	1.93481439990219
10.0177888944472	1.93385315153917
10.0246223111556	1.62913475598783
10.0314557278639	1.12359598600824
10.0382891445723	0.576541948206785
10.0451225612806	0.0978731616280127
10.051955977989	-0.307496656101275
10.0587893946973	-0.691417683889415
10.0656228114057	-0.727347252146256
10.0724562281141	-0.40342168523887
10.0792896448224	-0.266951083521426
10.0861230615308	-0.408856312654837
10.0929564782391	-0.789706096183263
10.0997898949475	-0.600879542896854
10.1066233116558	-0.213819917904565
10.1134567283642	0.0167695220784604
10.1202901450725	-0.318077242172785
10.1271235617809	-0.610628198807954
10.1339569784892	0.481619508067467
10.1407903951976	1.27412794828178
10.147623811906	1.36063010743245
10.1544572286143	0.794280941834396
10.1612906453227	-0.361206504792107
10.168124062031	-0.230956174679915
10.1749574787394	0.737035875598143
10.1817908954477	1.02600266635577
10.1886243121561	0.351332903430763
10.1954577288644	-0.761987380157439
10.2022911455728	0.907469761727624
10.2091245622811	2.14675820195479
10.2159579789895	2.57607734982736
10.2227913956979	2.1903739664236
10.2296248124062	0.994386472943659
10.2364582291146	-0.394283791335722
10.2432916458229	-0.455187096573127
10.2501250625313	0.0257836384745078
10.2569584792396	0.0046583631984336
10.263791895948	-0.289720382845165
10.2706253126563	-0.679111164684287
10.2774587293647	-0.884145254837703
10.284292146073	-0.682299953852872
10.2911255627814	-0.044010311318236
10.2979589794897	0.727510090371533
10.3047923961981	1.3297189686204
10.3116258129065	1.57238443409426
10.3184592296148	1.41946009715631
10.3252926463232	0.938437647125991
10.3321260630315	0.361017453298584
10.3389594797399	-0.284986373401147
10.3457928964482	-0.815760720325728
10.3526263131566	-0.655972993407286
10.3594597298649	-0.574926701469522
10.3662931465733	-0.732365960208737
10.3731265632816	-0.809499755397584
10.37995997999	-0.710023040341517
10.3867933966983	-0.797062766803286
10.3936268134067	-0.803986588812416
10.4004602301151	-0.690495970236336
10.4072936468234	-0.778436283646648
10.4141270635318	-0.855945098271589
10.4209604802401	-0.760322751845408
10.4277938969485	-0.819363866232805
10.4346273136568	-0.776707366544512
10.4414607303652	-0.655340726941201
10.4482941470735	-0.725420477435161
10.4551275637819	-0.842671029475119
10.4619609804902	-0.672672072658296
10.4687943971986	-0.608094354925605
10.475627813907	-0.725090289101881
10.4824612306153	-0.770683208114699
10.4892946473237	-0.441371465739684
10.496128064032	-0.354741005321747
10.5029614807404	-0.619358433328442
10.5097948974487	-0.822754228638384
10.5166283141571	-0.643943245116749
10.5234617308654	-0.716085116160668
10.5302951475738	-0.770027537218894
10.5371285642821	-0.576282065015422
10.5439619809905	-0.675755354040674
10.5507953976989	-0.762025895403224
10.5576288144072	-0.35949849451573
10.5644622311156	-0.10048065835388
10.5712956478239	-0.363972248217273
10.5781290645323	-0.620420840589794
10.5849624812406	0.325452970816261
10.591795897949	0.926944906030257
10.5986293146573	1.1442584856001
10.6054627313657	1.16508985615834
10.612296148074	1.07264591440605
10.6191295647824	0.994163219031811
10.6259629814907	0.979458902328698
10.6327963981991	1.0255923610334
10.6396298149075	1.11748762056878
10.6464632316158	1.13737225870057
10.6532966483242	0.990117918894427
10.6601300650325	0.67330504010283
10.6669634817409	0.291511470952516
10.6737968984492	-0.069115534271201
10.6806303151576	-0.22916020015247
10.6874637318659	-0.179082391949675
10.6942971485743	0.053305729416113
10.7011305652826	0.280744741154662
10.707963981991	0.277283594075999
10.7147973986993	0.0150741962371127
10.7216308154077	-0.467095106508952
10.7284642321161	-0.768922231060692
10.7352976488244	-0.304840154592306
10.7421310655328	0.0385960084454047
10.7489644822411	0.241707265284433
10.7557978989495	0.171553279726734
10.7626313156578	-0.210535147152189
10.7694647323662	-0.647547785360653
10.7762981490745	-0.875500192629577
10.7831315657829	-0.774859701906388
10.7899649824912	-0.193379211626389
10.7967983991996	0.479890691093562
10.803631815908	0.846747976136103
10.8104652326163	0.684832128094586
10.8172986493247	0.0699094442740019
10.824132066033	-0.677835482691313
10.8309654827414	-0.728887787585672
10.8377988994497	-0.761707991184113
10.8446323161581	-0.755613294688597
10.8514657328664	-0.435323059248592
10.8582991495748	-0.0697454537097944
10.8651325662831	0.341242025168719
10.8719659829915	0.618439071169103
10.8787993996999	0.465488941128533
10.8856328164082	-0.0836626554461899
10.8924662331166	-0.756556116672298
10.8992996498249	-0.63823084812873
10.9061330665333	-0.661078819816544
10.9129664832416	-0.689420746593482
10.91979989995	0.102059657039152
10.9266333166583	1.01469371648513
10.9334667333667	1.65845766602431
10.940300150075	1.80673217885691
10.9471335667834	1.45774872400936
10.9539669834917	0.671607630678792
10.9608004002001	-0.11025776841617
10.9676338169085	-0.800029605519598
10.9744672336168	-0.432293371213531
10.9813006503252	-0.228615109843771
10.9881340670335	-0.435066737604475
10.9949674837419	-0.818867197846779
11.0018009004502	-0.369244715883168
11.0086343171586	-0.178391659719876
11.0154677338669	-0.521355914949815
11.0223011505753	-0.412901866185786
11.0291345672836	0.617874541226923
11.035967983992	1.34406316847646
11.0428014007004	1.71061589583604
11.0496348174087	1.71742207997838
11.0564682341171	1.36466697163836
11.0633016508254	0.709264434184392
11.0701350675338	-0.167580479773835
11.0769684842421	-0.854026785164224
11.0838019009505	-0.765009833895832
11.0906353176588	-0.649326744683025
11.0974687343672	-0.0437929378592635
11.1043021510755	0.253678814040953
11.1111355677839	0.0545523211491382
11.1179689844922	-0.6434375627892
11.1248024012006	-0.155634584587017
11.131635817909	0.812579083908371
11.1384692346173	1.52880925856274
11.1453026513257	1.99104692638509
11.152136068034	2.12764166252452
11.1589694847424	1.91854880860387
11.1658029014507	1.47175507524235
11.1726363181591	0.79882583811623
11.1794697348674	-0.0937899482138051
11.1863031515758	-0.849403978075454
11.1931365682841	-0.311589630240581
11.1999699849925	-0.107912089198689
11.2068034017009	-0.23824543819407
11.2136368184092	-0.649086201301819
11.2204702351176	-0.786086922108832
11.2273036518259	-0.565171403036241
11.2341370685343	-0.480010098729222
11.2409704852426	-0.53459431348028
11.247803901951	-0.745191748290828
11.2546373186593	-0.799595745511143
11.2614707353677	-0.631259133583333
11.268304152076	-0.571170801367955
11.2751375687844	-0.627367191578843
11.2819709854927	-0.799336177189944
11.2888044022011	-0.711306354647277
11.2956378189095	-0.544252396524617
11.3024712356178	-0.597310706625805
11.3093046523262	-0.858298549366781
11.3161380690345	-0.677113037981492
11.3229714857429	-0.562030093471003
11.3298049024512	-0.602511789073306
11.3366383191596	-0.800961327866404
11.3434717358679	-0.757980485598539
11.3503051525763	-0.63676782128678
11.3571385692846	-0.635387003819444
11.363971985993	-0.795341089599622
11.3708054027014	-0.770598712052016
11.3776388194097	-0.642202146045324
11.3844722361181	-0.632754965961151
11.3913056528264	-0.738248482838992
11.3981390695348	-0.852120792022568
11.4049724862431	-0.643390191892845
11.4118059029515	-0.581517304121708
11.4186393196598	-0.669358302171111
11.4254727363682	-0.8846060093273
11.4323061530765	-0.497629785133136
11.4391395697849	-0.0608736064691778
11.4459729864932	0.358029552122416
11.4528064032016	0.659716888829442
11.45963981991	0.611575801835448
11.4664732366183	0.231690247085418
11.4733066533267	-0.356702089956963
11.480140070035	-0.65262862186984
11.4869734867434	0.323873341640848
11.4938069034517	1.18100983274973
11.5006403201601	1.22631065111343
11.5074737368684	0.0874812082440247
11.5143071535768	0.475616949390461
11.5211405702851	2.68010328995066
11.5279739869935	3.38537290214182
11.5348074037019	2.43475551392408
11.5416408204102	0.722022131580575
11.5484742371186	-0.892340301212928
11.5553076538269	0.161152072099871
11.5621410705353	0.500755208385493
11.5689744872436	0.0865467108919641
11.575807903952	-0.808747176347733
11.5826413206603	0.0264727804644199
11.5894747373687	0.816680214785273
11.596308154077	1.29689642535684
11.6031415707854	1.42110319248903
11.6099749874937	1.18101099497985
11.6168084042021	0.626163451736346
11.6236418209105	-0.0950418376841344
11.6304752376188	-0.776607686330159
11.6373086543272	-0.506679946571827
11.6441420710355	-0.266742277556269
11.6509754877439	-0.1935431071672
11.6578089044522	-0.271019555821764
11.6646423211606	-0.338291368252404
11.6714757378689	-0.317473431874538
11.6783091545773	-0.242692747223261
11.6851425712856	-0.155458035917254
11.691975987994	-0.0559111301072815
11.6988094047024	-0.00546720715875012
11.7056428214107	-0.24118277867911
11.7124762381191	-0.645186789756937
11.7193096548274	-0.825983969517034
11.7261430715358	-0.760903840621758
11.7329764882441	-0.451920877104278
11.7398099049525	0.045891466017383
11.7466433216608	0.310498092659195
11.7534767383692	0.254307499930476
11.7603101550775	-0.0737163628292376
11.7671435717859	-0.532172454124954
11.7739769884942	-0.679801299473774
11.7808104052026	0.0105368394061743
11.787643821911	0.370227934407037
11.7944772386193	0.101229845032561
11.8013106553277	-0.719459484361827
11.808144072036	0.240686423082579
11.8149774887444	1.07819522283302
11.8218109054527	1.10156505392767
11.8286443221611	0.310812654106291
11.8354777388694	-0.671243214831109
11.8423111555778	0.318201701804266
11.8491445722861	0.676914287814035
11.8559779889945	0.405666332463679
11.8628114057029	-0.495923190448428
11.8696448224112	0.0935989882019432
11.8764782391196	1.14587202687558
11.8833116558279	1.72784797139078
11.8901450725363	1.83936136157508
11.8969784892446	1.48043105329006
11.903811905953	0.650972365965638
11.9106453226613	-0.368297148019803
11.9174787393697	-0.737658502784603
11.924312156078	-0.396663993217803
11.9311455727864	-0.400997295052888
11.9379789894947	-0.685180791638095
11.9448124062031	-0.801341498304568
11.9516458229115	-0.628691597031552
11.9584792396198	-0.612486286801283
11.9653126563282	-0.733707165629236
11.9721460730365	-0.865901206912249
11.9789794897449	-0.797286027405289
11.9858129064532	-0.690526064467455
11.9926463231616	-0.687810109292774
11.9994797398699	-0.806379915207185
12.0063131565783	-0.774392411520932
12.0131465732866	-0.627979941586718
12.019979989995	-0.627405744532765
12.0268134067034	-0.772131252469892
12.0336468234117	-0.830023723901279
12.0404802401201	-0.655240001206302
12.0473136568284	-0.527641543785095
12.0541470735368	-0.552251483309842
12.0609804902451	-0.737359347160532
12.0678139069535	-0.744049428426177
12.0746473236618	-0.436352446697101
12.0814807403702	-0.29464291489327
12.0883141570785	-0.441910415991943
12.0951475737869	-0.851418641045156
12.1019809904952	-0.441028184968042
12.1088144072036	0.00651860442887365
12.115647823912	0.225566923839155
12.1224812406203	0.194706781186412
12.1293146573287	-0.0858800901506724
12.136148074037	-0.586682008043219
12.1429814907454	-0.701874362908125
12.1498149074537	-0.294625469597754
12.1566483241621	-0.0396256542642714
12.1634817408704	0.0392313478686527
12.1703151575788	-0.0627320983045001
12.1771485742871	-0.335541465798335
12.1839819909955	-0.779658539258049
12.1908154077039	-0.387327094616457
12.1976488244122	0.414692314983347
12.2044822411206	1.31384809340239
12.2113156578289	2.15807643138846
12.2181490745373	2.81464155423841
12.2249824912456	3.23207129176223
12.231815907954	3.21599585863448
12.2386493246623	2.66692647306689
12.2454827413707	1.58678409353037
12.252316158079	0.290224002861681
12.2591495747874	-0.587092711605779
12.2659829914957	-0.871061391362975
12.2728164082041	-0.867783716750796
12.2796498249125	-0.738735050725739
12.2864832416208	-0.483628259037328
12.2933166583292	-0.146515755124578
12.3001500750375	-0.243935279633619
12.3069834917459	-0.819815332516595
12.3138169084542	-0.283680358988383
12.3206503251626	0.31265981467816
12.3274837418709	0.38155532093231
12.3343171585793	-0.24744301636516
12.3411505752876	-0.670225397859055
12.347983991996	-0.229386996420578
12.3548174087044	-0.422484769190203
12.3616508254127	-0.701753351827517
12.3684842421211	0.0740343909130286
12.3753176588294	0.153495853473471
12.3821510755378	-0.446520003497422
12.3889844922461	-0.400054683152812
12.3958179089545	-0.0299526232722954
12.4026513256628	-0.752982959874502
12.4094847423712	0.824893839652783
12.4163181590795	2.56009857795818
12.4231515757879	3.60617026641322
12.4299849924962	3.96333236209917
12.4368184092046	3.63150766019633
12.443651825913	2.56673727798056
12.4504852426213	1.07345430351676
12.4573186593297	-0.182010221437193
12.464152076038	-0.810707141070457
12.4709854927464	-0.588958086104582
12.4778189094547	-0.671065392855478
12.4846523261631	-0.778972243208225
12.4914857428714	-0.882735865901414
12.4983191595798	-0.742484235609726
12.5051525762881	-0.71144146226546
12.5119859929965	-0.825524142622022
12.5188194097049	-0.82914505975353
12.5256528264132	-0.739534128071062
12.5324862431216	-0.733117672835693
12.5393196598299	-0.835197954185259
12.5461530765383	-0.853181094926543
12.5529864932466	-0.800474770511047
12.559819909955	-0.799902969652412
12.5666533266633	-0.853944679118871
12.5734867433717	-0.876642418159863
12.58032016008	-0.841902135605643
12.5871535767884	-0.835074443644093
12.5939869934967	-0.856136067935367
12.6008204102051	-0.886763940718089
12.6076538269135	-0.813206062831624
12.6144872436218	-0.841311635415826
12.6213206603302	-0.755021940655934
12.6281540770385	-0.395331173376562
12.6349874937469	-0.0255895149787236
12.6418209104552	0.208065510898629
12.6486543271636	0.106699193609023
12.6554877438719	-0.305162809204534
12.6623211605803	-0.887585482958701
12.6691545772886	-0.443649402959497
12.675987993997	-0.206806303023748
12.6828214107054	-0.235540303334371
12.6896548274137	-0.543582644968348
12.6964882441221	-0.861447497102693
12.7033216608304	-0.466381444786312
12.7101550775388	-0.0629764279924914
12.7169884942471	0.348778226314344
12.7238219109555	0.767015175385824
12.7306553276638	1.01267546519237
12.7374887443722	0.981030561994782
12.7443221610805	0.703325687760097
12.7511555777889	0.303777991650409
12.7579889944972	-0.128996698904805
12.7648224112056	-0.543245826436855
12.771655827914	-0.830106810902395
12.7784892446223	-0.819102019866319
12.7853226613307	-0.819892577733282
12.792156078039	-0.827767321997532
12.7989894947474	-0.539351648992793
12.8058229114557	-0.151574863135515
12.8126563281641	0.10849527367444
12.8194897448724	0.206318034958535
12.8263231615808	0.108387542324483
12.8331565782891	-0.201220747761179
12.8399899949975	-0.723025641914615
12.8468234117059	-0.377744546414248
12.8536568284142	0.265776741685939
12.8604902451226	0.831273446899046
12.8673236618309	1.31372854083927
12.8741570785393	1.62243793194373
12.8809904952476	1.71049880806632
12.887823911956	1.56676823219876
12.8946573286643	1.20753682961762
12.9014907453727	0.776453144633094
12.908324162081	0.308369279665412
12.9151575787894	-0.158904554799204
12.9219909954977	-0.591790183560639
12.9288244122061	-0.829540159829439
12.9356578289145	-0.570032425556867
12.9424912456228	-0.4635789144477
12.9493246623312	-0.514225162811346
12.9561580790395	-0.710414962754558
12.9629914957479	-0.767839559708473
12.9698249124562	-0.512150058498006
12.9766583291646	-0.426101367203417
12.9834917458729	-0.672313642338121
12.9903251625813	-0.498195413380852
12.9971585792896	0.499277703603197
13.003991995998	1.55930922178829
13.0108254127064	2.36439032934292
13.0176588294147	2.9017934578332
13.0244922461231	2.83155653863576
13.0313256628314	1.82836345611543
13.0381590795398	0.139209512017622
13.0449924962481	-0.728578872820203
13.0518259129565	-0.338159164865073
13.0586593296648	-0.668234905613738
13.0654927463732	1.06494591938434
13.0723261630815	2.68573827613269
13.0791595797899	3.96149297276481
13.0859929964983	4.50043821329801
13.0928264132066	4.11218236091262
13.099659829915	2.79611954733594
13.1064932466233	0.552232851377165
13.1133266633317	0.768240167462073
13.12016008004	3.66781856268995
13.1269934967484	5.14904611685558
13.1338269134567	5.06948743957841
13.1406603301651	3.45379158627032
13.1474937468734	0.942661113477814
13.1543271635818	-0.347433140844074
13.1611605802901	1.08991420680273
13.1679939969985	1.35464960862435
13.1748274137069	0.631735885783289
13.1816608304152	-0.410844080759272
13.1884942471236	-0.259503135871975
13.1953276638319	0.712828767533982
13.2021610805403	1.28242395611578
13.2089944972486	1.51274386184964
13.215827913957	1.43907373912836
13.2226613306653	1.21994159100621
13.2294947473737	1.0297282317008
13.236328164082	0.88120273638272
13.2431615807904	0.73622684711362
13.2499949974987	0.59148921271307
13.2568284142071	0.447053482501334
13.2636618309155	0.302314684302166
13.2704952476238	0.158963759281516
13.2773286643322	0.0152134745097995
13.2841620810405	-0.127928819962158
13.2909954977489	-0.270850073714678
13.2978289144572	-0.413709837978168
13.3046623311656	-0.556183180159134
13.3114957478739	-0.697893950825745
13.3183291645823	-0.839852603523822
13.3251625812906	-0.810250088028329
13.331995997999	-0.669357805883359
13.3388294147074	-0.528380728379366
13.3456628314157	-0.38768542266371
13.3524962481241	-0.247250484246438
13.3593296648324	-0.10712073433918
13.3661630815408	0.0325801977266601
13.3729964982491	0.172228334045925
13.3798299149575	0.311490997292145
13.3866633316658	0.450355217786473
13.3934967483742	0.588708545700108
13.4003301650825	0.727206275295618
13.4071635817909	0.861093362550105
13.4139969984993	0.980839397164181
13.4208304152076	1.08541131873104
13.427663831916	1.17579787537767
13.4344972486243	1.25106586460083
13.4413306653327	1.28261586758672
13.448164082041	1.11267037543579
13.4549974987494	0.708512549598084
13.4618309154577	0.0938476864321372
13.4686643321661	-0.469614736375911
13.4754977488744	-0.896005251366352
13.4823311655828	-0.697795669077549
13.4891645822911	-0.7342159589742
13.4959979989995	-0.887473370998658
13.5028314157079	-0.697135645356601
13.5096648324162	-0.489838907512963
13.5164982491246	-0.343231640602987
13.5233316658329	-0.292168059214804
13.5301650825413	-0.346643421455012
13.5369984992496	-0.512564644782386
13.543831915958	-0.79171905121119
13.5506653326663	-0.666835880429467
13.5574987493747	-0.41615854277485
13.564332166083	-0.255406044983517
13.5711655827914	-0.278247047708071
13.5779989994997	-0.669793009844424
13.5848324162081	-0.491205215221711
13.5916658329165	-0.0877602518733776
13.5984992496248	-0.131126181490125
13.6053326663332	-0.807756749696428
13.6121660830415	0.0617017923371363
13.6189994997499	1.14941523925048
13.6258329164582	1.98264454539832
13.6326663331666	2.39923570252506
13.6394997498749	2.45081921293871
13.6463331665833	2.4509740470347
13.6531665832916	2.45071497746605
13.66	2.45113125443865
13.67	0
14.0369696969697	0
14.4039393939394	0
14.7709090909091	0
15.1378787878788	0
15.5048484848485	0
15.8718181818182	0
16.2387878787879	0
16.6057575757576	0
16.9727272727273	0
17.339696969697	0
17.7066666666667	0
18.0736363636364	0
18.4406060606061	0
18.8075757575758	0
19.1745454545455	0
19.5415151515151	0
19.9084848484849	0
20.2754545454545	0
20.6424242424242	0
21.0093939393939	0
21.3763636363636	0
21.7433333333333	0
22.110303030303	0
22.4772727272727	0
22.8442424242424	0
23.2112121212121	0
23.5781818181818	0
23.9451515151515	0
24.3121212121212	0
24.6790909090909	0
25.0460606060606	0
25.4130303030303	0
25.78	0
26.1469696969697	0
26.5139393939394	0
26.8809090909091	0
27.2478787878788	0
27.6148484848485	0
27.9818181818182	0
28.3487878787879	0
28.7157575757576	0
29.0827272727273	0
29.449696969697	0
29.8166666666667	0
30.1836363636364	0
30.5506060606061	0
30.9175757575758	0
31.2845454545455	0
31.6515151515151	0
32.0184848484849	0
32.3854545454545	0
32.7524242424242	0
33.1193939393939	0
33.4863636363636	0
33.8533333333333	0
34.220303030303	0
34.5872727272727	0
34.9542424242424	0
35.3212121212121	0
35.6881818181818	0
36.0551515151515	0
36.4221212121212	0
36.7890909090909	0
37.1560606060606	0
37.5230303030303	0
37.89	0
38.2569696969697	0
38.6239393939394	0
38.9909090909091	0
39.3578787878788	0
39.7248484848485	0
40.0918181818182	0
40.4587878787879	0
40.8257575757576	0
41.1927272727273	0
41.559696969697	0
41.9266666666667	0
42.2936363636364	0
42.6606060606061	0
43.0275757575758	0
43.3945454545455	0
43.7615151515151	0
44.1284848484848	0
44.4954545454545	0
44.8624242424242	0
45.2293939393939	0
45.5963636363636	0
45.9633333333333	0
46.330303030303	0
46.6972727272727	0
47.0642424242424	0
47.4312121212121	0
47.7981818181818	0
48.1651515151515	0
48.5321212121212	0
48.8990909090909	0
49.2660606060606	0
49.6330303030303	0
50	0
