time	DD
0	1.21742580838118
0.00685342671335754	1.21636849302859
0.0137068534267133	1.21531117767597
0.0205602801400708	1.21425386232337
0.0274137068534266	1.21319654697075
0.0342671335667841	1.21213923161816
0.0411205602801399	1.21108191626553
0.0479739869934974	1.21002460091294
0.0548274137068532	1.20896728556031
0.0616808404202107	1.23757832211482
0.0685342671335682	1.2365210067622
0.075387693846924	1.2354636914096
0.0822411205602815	1.23440637605701
0.0890945472736373	1.23334906070439
0.0959479739869948	1.23229174535179
0.102801400700351	1.2314006558828
0.109654827413708	1.23075000028119
0.116508254127064	1.23009934467958
0.123361680840421	1.22944868907799
0.130215107553777	1.22879803347638
0.137068534267135	1.22814737787477
0.14392196098049	1.22749672227316
0.150775387693848	1.22684606667158
0.157628814407204	1.22619541106996
0.164482241120561	1.22554475546835
0.171335667833917	1.22489409986674
0.178189094547275	1.22424344426516
0.18504252126063	1.22359278866354
0.191895947973988	1.22294213306193
0.198749374687344	1.22229147746032
0.205602801400701	1.2217405573889
0.212456228114057	1.22121189971259
0.219309654827414	1.2206832420363
0.22616308154077	1.22015458435999
0.233016508254128	1.21962592668368
0.239869934967484	1.2190972690074
0.246723361680841	1.21856861133109
0.253576788394197	1.21803995365478
0.260430215107554	1.21751129597846
0.267283641820912	1.21698263830218
0.274137068534268	1.21645398062587
0.280990495247625	1.21592532294956
0.287843921960981	1.21539666527325
0.294697348674338	1.21486800759696
0.301550775387694	1.21425193291577
0.308404202101052	1.21333694847602
0.315257628814408	1.21242196403627
0.322111055527765	1.21150697959651
0.328964482241121	1.21059199515676
0.335817908954478	1.20967701071701
0.342671335667834	1.20876202627725
0.349524762381192	1.2078470418375
0.356378189094547	1.20693205739775
0.363231615807905	1.20601707295797
0.370085042521261	1.20510208851821
0.376938469234618	1.20418710407846
0.383791895947974	1.2032721196387
0.390645322661332	1.20235713519895
0.397498749374687	1.2014421507592
0.404352176088045	1.20052716631945
0.411205602801401	1.19961218187969
0.418059029514758	1.19869719743994
0.424912456228114	1.19778221300016
0.431765882941471	1.1968672285604
0.438619309654827	1.19595224412065
0.445472736368185	1.1950372596809
0.45232616308154	1.19412227524114
0.459179589794898	1.19320729080139
0.466033016508254	1.19229230636164
0.472886443221611	1.19137732192188
0.479739869934969	1.19046233748213
0.486593296648325	1.18954735304238
0.493446723361682	1.18863236860259
0.500300150075038	1.18774677052442
0.507153576788395	1.18750277467382
0.514007003501751	1.18725877882322
0.520860430215109	1.18701478297262
0.527713856928465	1.18677078712202
0.534567283641822	1.18652679127142
0.541420710355178	1.18628279542082
0.548274137068535	1.18603879957022
0.555127563781891	1.18579480371962
0.561980990495249	1.18555080786902
0.568834417208604	1.18530681201841
0.575687843921962	1.18506281616781
0.582541270635318	1.18481882031721
0.589394697348675	1.18457482446661
0.596248124062031	1.18433082861601
0.603101550775389	1.18406842918541
0.609954977488744	1.18378376735973
0.616808404202102	1.18349910553402
0.623661830915458	1.21288279561541
0.630515257628815	1.21259813378973
0.637368684342171	1.21231347196402
0.644222111055528	1.21202881013831
0.651075537768884	1.21174414831262
0.657928964482242	1.21145948648691
0.664782391195597	1.2111748246612
0.671635817908955	1.21089016283549
0.678489244622313	1.21060550100981
0.685342671335668	1.2103208391841
0.692196098049026	1.21003617735839
0.699049524762382	1.20975151553271
0.705902951475739	1.20862622566695
0.712756378189095	1.20736558043887
0.719609804902452	1.20610493521075
0.726463231615808	1.20484428998264
0.733316658329166	1.20358364475453
0.740170085042521	1.20232299952641
0.747023511755879	1.20106235429833
0.753876938469235	1.19980170907021
0.760730365182592	1.1985410638421
0.767583791895948	1.19728041861399
0.774437218609306	1.19601977338587
0.781290645322661	1.19475912815776
0.788144072036019	1.19349848292967
0.794997498749375	1.19223783770156
0.801850925462732	1.19111447724341
0.808704352176088	1.19036215670403
0.815557778889445	1.18960983616469
0.822411205602801	1.18885751562535
0.829264632316159	1.18810519508598
0.836118059029515	1.18735287454663
0.842971485742872	1.18660055400726
0.849824912456228	1.18584823346792
0.856678339169585	1.18509591292857
0.863531765882941	1.1843435923892
0.870385192596299	1.18359127184986
0.877238619309656	1.18283895131049
0.884092046023012	1.18208663077114
0.890945472736369	1.18133431023177
0.897798899449725	1.18058198969243
0.904652326163083	1.17940178591871
0.911505752876439	1.1780191427653
0.918359179589796	1.17663649961189
0.925212606303152	1.1752538564585
0.932066033016509	1.17387121330509
0.938919459729865	1.17248857015167
0.945772886443223	1.17110592699826
0.952626313156578	1.16972328384484
0.959479739869936	1.16834064069143
0.966333166583292	1.16695799753804
0.973186593296649	1.16557535438463
0.980040020010005	1.16419271123121
0.986893446723363	1.1628100680778
0.993746873436718	1.16142742492438
1.00060030015008	1.16008930656125
1.00745372686343	1.15921498809658
1.01430715357679	1.15834066963193
1.02116058029014	1.15746635116726
1.0280140070035	1.15659203270262
1.03486743371686	1.15571771423797
1.04172086043022	1.1548433957733
1.04857428714357	1.15396907730866
1.05542771385693	1.15309475884398
1.06228114057028	1.15222044037934
1.06913456728364	1.15134612191467
1.075987993997	1.15047180345003
1.08284142071036	1.14959748498535
1.08969484742371	1.14872316652071
1.09654827413707	1.14784884805607
1.10340170085043	1.14722683673618
1.11025512756378	1.14686084296027
1.11710855427714	1.14649484918437
1.1239619809905	1.14612885540847
1.13081540770385	1.14576286163257
1.13766883441721	1.14539686785667
1.14452226113057	1.14503087408077
1.15137568784392	1.14466488030487
1.15822911455728	1.14429888652896
1.16508254127064	1.14393289275306
1.17193596798399	1.14356689897716
1.17878939469735	1.14320090520126
1.18564282141071	1.14283491142536
1.19249624812406	1.14246891764946
1.19934967483742	1.14210292387356
1.20620310155078	1.14144247281807
1.21305652826413	1.14075115124138
1.21990995497749	1.14005982966469
1.22676338169085	1.13936850808797
1.2336168084042	1.13867718651128
1.24047023511756	1.13798586493455
1.24732366183092	1.13729454335786
1.25417708854427	1.13660322178114
1.26103051525763	1.13591190020445
1.26788394197099	1.13522057862775
1.27473736868434	1.13452925705103
1.2815907953977	1.13383793547434
1.28844422211106	1.13314661389762
1.29529764882441	1.13245529232092
1.30215107553777	1.13185969904326
1.30900450225113	1.13147337227982
1.31585792896448	1.13108704551635
1.32271135567784	1.13070071875291
1.3295647823912	1.13031439198947
1.33641820910455	1.129928065226
1.34327163581791	1.12954173846255
1.35012506253127	1.12915541169911
1.35697848924462	1.12876908493564
1.36383191595798	1.1283827581722
1.37068534267134	1.12799643140873
1.37753876938469	1.12761010464529
1.38439219609805	1.12722377788185
1.39124562281141	1.12683745111838
1.39809904952476	1.12645112435493
1.40495247623812	1.12560930898715
1.41180590295148	1.12459265960967
1.41865932966483	1.12357601023216
1.42551275637819	1.12255936085464
1.43236618309155	1.12154271147713
1.4392196098049	1.12052606209961
1.44607303651826	1.11950941272213
1.45292646323162	1.11849276334462
1.45977988994497	1.11747611396711
1.46663331665833	1.11645946458959
1.47348674337169	1.11544281521211
1.48034017008504	1.11442616583459
1.4871935967984	1.11340951645708
1.49404702351176	1.11239286707957
1.50090045022511	1.1113468313405
1.50775387693847	1.11010651909993
1.51460730365183	1.10886620685939
1.52146073036518	1.10762589461881
1.52831415707854	1.10638558237827
1.5351675837919	1.10514527013769
1.54202101050525	1.10390495789715
1.54887443721861	1.10266464565657
1.55572786393197	1.10142433341603
1.56258129064532	1.10018402117549
1.56943471735868	1.09894370893491
1.57628814407204	1.09770339669437
1.58314157078539	1.09646308445379
1.58999499749875	1.12489112412035
1.59684842421211	1.12365081187977
1.60370185092546	1.12259720692636
1.61055527763882	1.12170255547415
1.61740870435218	1.12080790402193
1.62426213106553	1.11991325256975
1.63111555777889	1.11901860111754
1.63796898449225	1.11812394966533
1.6448224112056	1.11722929821311
1.65167583791896	1.11633464676093
1.65852926463232	1.11543999530872
1.66538269134567	1.1145453438565
1.67223611805903	1.11365069240429
1.67908954477239	1.11275604095208
1.68594297148574	1.14152974140699
1.6927963981991	1.14063508995478
1.69964982491246	1.13974043850257
1.70650325162581	1.13940531524791
1.71335667833917	1.13910032043466
1.72021010505253	1.13879532562141
1.72706353176588	1.13849033080815
1.73391695847924	1.1381853359949
1.7407703851926	1.13788034118165
1.74762381190595	1.1375753463684
1.75447723861931	1.13727035155515
1.76133066533267	1.1369653567419
1.76818409204602	1.13666036192865
1.77503751875938	1.1363553671154
1.78189094547274	1.13605037230215
1.78874437218609	1.1357453774889
1.79559779889945	1.13544038267565
1.80245122561281	1.13483722018363
1.80930465232616	1.13369857288085
1.81615807903952	1.13255992557803
1.82301150575288	1.13142127827522
1.82986493246623	1.13028263097241
1.83671835917959	1.12914398366959
1.84357178589295	1.12800533636681
1.8504252126063	1.126866689064
1.85727863931966	1.12572804176118
1.86413206603302	1.12458939445837
1.87098549274637	1.12345074715556
1.87783891945973	1.12231209985277
1.88469234617309	1.12117345254996
1.89154577288644	1.12003480524714
1.8983991995998	1.11889615794433
1.90525262631316	1.11766400858198
1.91210605302651	1.11640336335389
1.91895947973987	1.11514271812578
1.92581290645323	1.11388207289766
1.93266633316658	1.11262142766955
1.93951975987994	1.11136078244143
1.9463731865933	1.11010013721335
1.95322661330665	1.10883949198524
1.96008004002001	1.10757884675712
1.96693346673337	1.10631820152901
1.97378689344672	1.10505755630089
1.98064032016008	1.10379691107281
1.98749374687344	1.10253626584469
1.99434717358679	1.10127562061658
2.00120060030015	1.10010046298575
2.00805402701351	1.09932780945886
2.01490745372686	1.09855515593195
2.02176088044022	1.09778250240504
2.02861430715358	1.09700984887812
2.03546773386693	1.09623719535124
2.04232116058029	1.09546454182433
2.04917458729365	1.09469188829742
2.056028014007	1.0939192347705
2.06288144072036	1.09314658124362
2.06973486743372	1.09237392771671
2.07658829414707	1.1212696260969
2.08344172086043	1.12049697256999
2.09029514757379	1.1197243190431
2.09714857428714	1.11895166551619
2.1040020010005	1.11787030677685
2.11085542771386	1.11656899557362
2.11770885442721	1.11526768437043
2.12456228114057	1.1139663731672
2.13141570785393	1.11266506196401
2.13826913456728	1.11136375076078
2.14512256128064	1.11006243955759
2.151975987994	1.10876112835436
2.15882941470735	1.10745981715117
2.16568284142071	1.10615850594795
2.17253626813407	1.10485719474475
2.17938969484742	1.10355588354153
2.18624312156078	1.10225457233833
2.19309654827414	1.13062161304224
2.19994997498749	1.12932030183901
2.20680340170085	1.12840249749587
2.21365682841421	1.12748751305612
2.22051025512756	1.12657252861637
2.22736368184092	1.12565754417661
2.23421710855428	1.12474255973686
2.24107053526763	1.12382757529711
2.24792396198099	1.12291259085735
2.25477738869435	1.12199760641757
2.2616308154077	1.12108262197782
2.26848424212106	1.12016763753806
2.27533766883442	1.11925265309831
2.28219109554778	1.11833766865856
2.28904452226113	1.1174226842188
2.29589794897449	1.11650769977905
2.30275137568784	1.11547843504431
2.3096048024012	1.11427878877884
2.31645822911456	1.11307914251338
2.32331165582791	1.11187949624791
2.33016508254127	1.11067984998248
2.33701850925463	1.10948020371702
2.34387193596798	1.10828055745155
2.35072536268134	1.10708091118609
2.3575787893947	1.10588126492062
2.36443221610805	1.10468161865516
2.37128564282141	1.10348197238973
2.37813906953477	1.10228232612426
2.38499249624812	1.1010826798588
2.39184592296148	1.09988303359333
2.39869934967484	1.09868338732787
2.40555277638819	1.09781322451032
2.41240620310155	1.09702023799586
2.41925962981491	1.09622725148141
2.42611305652826	1.09543426496696
2.43296648324162	1.09464127845251
2.43981990995498	1.09384829193805
2.44667333666833	1.0930553054236
2.45352676338169	1.09226231890912
2.46038019009505	1.09146933239467
2.4672336168084	1.09067634588021
2.47408704352176	1.08988335936576
2.48094047023512	1.08909037285131
2.48779389694847	1.08829738633686
2.49464732366183	1.0875043998224
2.50150075037519	1.08662681620646
2.50835417708855	1.08544750292854
2.5152076038019	1.08426818965064
2.52206103051526	1.08308887637275
2.52891445722861	1.05224121118772
2.53576788394197	1.05106189790983
2.54262131065533	1.0498825846319
2.54947473736869	1.04870327135401
2.55632816408204	1.04752395807609
2.5631815907954	1.07601299670529
2.57003501750875	1.07483368342737
2.57688844422211	1.07365437014948
2.58374187093547	1.07247505687155
2.59059529764883	1.07129574359366
2.59744872436218	1.07011643031573
2.60430215107554	1.06883500685217
2.61115557778889	1.06749302967386
2.61800900450225	1.06615105249556
2.62486243121561	1.06480907531725
2.63171585792897	1.06346709813895
2.63856928464232	1.06212512096065
2.64542271135568	1.06078314378234
2.65227613806903	1.05944116660401
2.65912956478239	1.0580991894257
2.66598299149575	1.0567572122474
2.6728364182091	1.05541523506909
2.67968984492246	1.05407325789079
2.68654327163582	1.05273128071248
2.69339669834918	1.05138930353415
2.70025012506253	1.05004435803649
2.70710355177589	1.048621048908
2.71395697848924	1.04719773977948
2.7208104052026	1.04577443065098
2.72766383191596	1.04435112152246
2.73451725862932	1.04292781239396
2.74137068534267	1.04150450326544
2.74822411205603	1.04008119413694
2.75507753876938	1.03865788500842
2.76193096548274	1.03723457587992
2.7687843921961	1.0358112667514
2.77563781890946	1.0343879576229
2.78249124562281	1.03296464849438
2.78934467233617	1.03154133936588
2.79619809904952	1.03011803023736
2.80305152576288	1.0286675609868
2.80990495247624	1.02718325289563
2.8167583791896	1.02569894480448
2.82361180590295	1.02421463671331
2.83046523261631	1.02273032862216
2.83731865932966	1.02124602053099
2.84417208604302	1.01976171243984
2.85102551275638	1.01827740434867
2.85787893946974	1.01679309625752
2.86473236618309	1.01530878816635
2.87158579289645	1.0138244800752
2.87843921960981	1.01234017198403
2.88529264632316	1.01085586389288
2.89214607303652	1.00937155580171
2.89899949974988	1.00788724771056
2.90585292646323	1.00687178566079
2.91270635317659	1.0059364682335
2.91955977988995	0.97533279889907
2.9264132066033	0.974397481471778
2.93326663331666	0.973462164044455
2.94012006003002	0.972526846617161
2.94697348674337	0.971591529189837
2.95382691345673	0.970656211762545
2.96068034017009	0.969720894335251
2.96753376688344	0.968785576907929
2.9743871935968	0.967850259480635
2.98124062031015	0.966914942053313
2.98809404702351	0.96597962462602
2.99494747373687	0.965044307198696
3.00180090045023	0.964055560023102
3.00865432716358	0.962916912720288
3.01550775387694	0.961778265417475
3.02236118059029	0.960639618114661
3.02921460730365	0.959500970811878
3.03606803401701	0.958362323509063
3.04292146073037	0.957223676206249
3.04977488744372	0.956085028903436
3.05662831415708	0.954946381600622
3.06348174087043	0.953807734297837
3.07033516758379	0.952669086995024
3.07718859429715	0.95153043969221
3.08404202101051	0.950391792389397
3.09089544772386	0.949253145086581
3.09774887443722	0.948114497783798
3.10460230115058	0.946880270597884
3.11145572786393	0.94559929238223
3.11830915457729	0.944318314166576
3.12516258129065	0.94303733595092
3.132016008004	0.941756357735266
3.13886943471736	0.940475379519612
3.14572286143072	0.939194401303928
3.15257628814407	0.937913423088274
3.15942971485743	0.93663244487262
3.16628314157079	0.935351466656966
3.17313656828414	0.93407048844131
3.1799899949975	0.932789510225656
3.18684342171086	0.931508532010002
3.19369684842421	0.930227553794317
3.20055027513757	0.928961268759454
3.20740370185093	0.927863287431748
3.21425712856428	0.926765306104046
3.22111055527764	0.925667324776342
3.227963981991	0.924569343448638
3.23481740870435	0.923471362120935
3.24167083541771	0.922373380793202
3.24852426213107	0.921275399465496
3.25537768884442	0.920177418137794
3.26223111555778	0.91907943681009
3.26908454227114	0.917981455482385
3.27593796898449	0.916883474154683
3.28279139569785	0.915785492826979
3.28964482241121	0.914687511499244
3.29649824912456	0.913589530171541
3.30335167583792	0.913167731991859
3.31020510255128	0.913452393817571
3.31705852926463	0.913737055643252
3.32391195597799	0.914021717468963
3.33076538269135	0.914306379294675
3.3376188094047	0.914591041120384
3.34447223611806	0.914875702946065
3.35132566283142	0.915160364771777
3.35817908954477	0.915445026597486
3.36503251625813	0.915729688423167
3.37188594297149	0.916014350248879
3.37873936968484	0.91629901207459
3.3855927963982	0.916583673900271
3.39244622311156	0.916868335725983
3.39929964982491	0.917152997551694
3.40615307653827	0.91623281855307
3.41300650325163	0.915175503200475
3.41985992996498	0.914118187847853
3.42671335667834	0.913060872495258
3.4335667833917	0.912003557142635
3.44042021010505	0.910946241790042
3.44727363681841	0.909888926437418
3.45412706353177	0.908831611084825
3.46098049024512	0.907774295732201
3.46783391695848	0.906716980379608
3.47468734367184	0.905659665026985
3.48154077038519	0.904602349674392
3.48839419709855	0.903545034321797
3.49524762381191	0.902487718969173
3.50210105052526	0.901293267262581
3.50895447723862	0.899788626183864
3.51580790395198	0.898283985105149
3.52266133066533	0.896779344026463
3.52951475737869	0.895274702947748
3.53636818409205	0.893770061869033
3.5432216108054	0.892265420790318
3.55007503751876	0.890760779711603
3.55692846423212	0.889256138632888
3.56378189094547	0.887751497554173
3.57063531765883	0.886246856475488
3.57748874437219	0.884742215396773
3.58434217108554	0.883237574318058
3.5911955977989	0.881732933239344
3.59804902451226	0.880228292160629
3.60490245122561	0.878941822554184
3.61175587793897	0.87774217628872
3.61860930465233	0.876542530023256
3.62546273136568	0.875342883757792
3.63231615807904	0.874143237492358
3.6391695847924	0.872943591226894
3.64602301150575	0.87174394496143
3.65287643821911	0.870544298695966
3.65972986493247	0.869344652430502
3.66658329164582	0.868145006165066
3.67343671835918	0.866945359899602
3.68029014507254	0.865745713634138
3.68714357178589	0.834877715461574
3.69399699849925	0.833678069196109
3.70085042521261	0.832526361288185
3.70770385192596	0.831713041786164
3.71455727863932	0.83089972228417
3.72141070535268	0.830086402782148
3.72826413206603	0.829273083280154
3.73511755877939	0.828459763778132
3.74197098549275	0.827646444276139
3.7488244122061	0.826833124774146
3.75567783891946	0.826019805272123
3.76253126563282	0.82520648577013
3.76938469234617	0.824393166268109
3.77623811905953	0.823579846766115
3.78309154577289	0.822766527264093
3.78994497248624	0.821953207762099
3.7967983991996	0.821139888260107
3.80365182591296	0.820099047079885
3.81050525262631	0.818858734839309
3.81735867933967	0.817618422598765
3.82421210605303	0.816378110358222
3.83106553276638	0.815137798117647
3.83791895947974	0.813897485877102
3.8447723861931	0.812657173636529
3.85162581290645	0.811416861395984
3.85847923961981	0.810176549155409
3.86533266633317	0.808936236914866
3.87218609304652	0.807695924674292
3.87903951975988	0.806455612433746
3.88589294647324	0.805215300193173
3.89274637318659	0.803974987952629
3.89959979989995	0.802734675712054
3.90645322661331	0.802068733265812
3.91330665332666	0.801438410651741
3.92016008004002	0.800808088037698
3.92701350675338	0.800177765423655
3.93386693346673	0.799547442809583
3.94072036018009	0.798917120195542
3.94757378689345	0.79828679758147
3.9544272136068	0.797656474967427
3.96128064032016	0.797026152353354
3.96813406703352	0.796395829739313
3.97498749374687	0.795765507125271
3.98184092046023	0.7951351845112
3.98869434717359	0.794504861897155
3.99554777388694	0.793874539283084
4.0024012006003	0.793101737340212
4.00925462731366	0.792064754975158
4.01610805402701	0.791027772610104
4.02296148074037	0.789990790245051
4.02981490745373	0.788953807879997
4.03666833416708	0.787916825514943
4.04352176088044	0.78687984314989
4.0503751875938	0.785842860784836
4.05722861430715	0.784805878419782
4.06408204102051	0.7837688960547
4.07093546773387	0.782731913689646
4.07778889444722	0.781694931324593
4.08464232116058	0.780657948959541
4.09149574787394	0.779620966594487
4.09834917458729	0.778583984229433
4.10520260130065	0.777377213997528
4.11205602801401	0.776116568769414
4.11890945472736	0.774855923541301
4.12576288144072	0.773595278313215
4.13261630815408	0.772334633085102
4.13946973486743	0.771073987856986
4.14632316158079	0.769813342628873
4.15317658829415	0.768552697400758
4.1600300150075	0.767292052172644
4.16688344172086	0.76603140694456
4.17373686843422	0.764770761716445
4.18059029514757	0.763510116488332
4.18744372186093	0.762249471260216
4.19429714857429	0.731320474125002
4.20115057528764	0.730005211820848
4.208004002001	0.728419238791941
4.21485742871436	0.726833265763036
4.22171085542771	0.725247292734131
4.22856428214107	0.723661319705225
4.23541770885443	0.722075346676291
4.24227113556778	0.720489373647384
4.24912456228114	0.718903400618479
4.2559779889945	0.717317427589575
4.26283141570785	0.715731454560668
4.26968484242121	0.714145481531763
4.27653826913457	0.712559508502828
4.28339169584793	0.710973535473923
4.29024512256128	0.709387562445018
4.29709854927464	0.707801589416111
4.30395197598799	0.706344589862958
4.31080540270135	0.704982279697112
4.31765882941471	0.703619969531238
4.32451225612806	0.702257659365392
4.33136568284142	0.671226997292417
4.33821910955478	0.669864687126573
4.34507253626813	0.668502376960729
4.35192596298149	0.667140066794854
4.35877938969485	0.665777756629009
4.3656328164082	0.664415446463134
4.37248624312156	0.663053136297288
4.37933966983492	0.661690826131414
4.38619309654827	0.66032851596557
4.39304652326163	0.658966205799695
4.39989994997499	0.657603895633851
4.40675337668834	0.656001151600596
4.4136068034017	0.65439484558415
4.42046023011506	0.652788539567675
4.42731365682841	0.651182233551229
4.43416708354177	0.649575927534754
4.44102051025513	0.64796962151828
4.44787393696848	0.646363315501833
4.45472736368184	0.644757009485357
4.4615807903952	0.643150703468911
4.46843421710855	0.641544397452438
4.47528764382191	0.669606443343092
4.48214107053527	0.668000137326616
4.48899449724862	0.66639383131017
4.49584792396198	0.664787525293697
4.50270135067534	0.663237320512979
4.5095547773887	0.661773345409347
4.51640820410205	0.660309370305741
4.52326163081541	0.658845395202135
4.53011505752876	0.65738142009853
4.53696848424212	0.655917444994924
4.54382191095548	0.65445346989132
4.55067533766884	0.652989494787686
4.55752876438219	0.65152551968408
4.56438219109555	0.650061544580475
4.5712356178089	0.61892921756977
4.57808904452226	0.617465242466165
4.58494247123562	0.616001267362561
4.59179589794898	0.614537292258925
4.59864932466233	0.613073317155319
4.60550275137569	0.611821576885255
4.61235617808904	0.610621930619821
4.6192096048024	0.609422284354357
4.62606303151576	0.608222638088893
4.63291645822911	0.607022991823429
4.63976988494247	0.605823345557965
4.64662331165583	0.604623699292531
4.65347673836918	0.603424053027067
4.66033016508254	0.602224406761603
4.6671835917959	0.601024760496139
4.67403701850925	0.599825114230675
4.68089044522261	0.598625467965242
4.68774387193597	0.597425821699777
4.69459729864933	0.566557823527213
4.70145072536268	0.565418434144569
4.70830415207604	0.564503449704815
4.71515757878939	0.563588465265062
4.72201100550275	0.562673480825308
4.72886443221611	0.561758496385555
4.73571785892947	0.560843511945772
4.74257128564282	0.559928527506019
4.74942471235618	0.559013543066267
4.75627813906953	0.558098558626514
4.76313156578289	0.55718357418676
4.76998499249625	0.556268589747007
4.77683841920961	0.555353605307253
4.78369184592296	0.5544386208675
4.79054527263632	0.583191988334848
4.79739869934967	0.582277003895065
4.80425212606303	0.58079432837957
4.81110555277639	0.578964359500065
4.81795897948975	0.577134390620528
4.8248124062031	0.57530442174102
4.83166583291646	0.573474452861515
4.83851925962981	0.601312835889111
4.84537268634317	0.599482867009575
4.85222611305653	0.597652898130068
4.85907953976989	0.595822929250561
4.86593296648324	0.593992960371056
4.8727863931966	0.592162991491549
4.87963981990996	0.590333022612013
4.88649324662331	0.588503053732506
4.89334667333667	0.586673084853001
4.90020010005003	0.584873392830865
4.90705352676338	0.58408040631641
4.91390695347674	0.583287419801959
4.9207603801901	0.582494433287507
4.92761380690345	0.581701446773054
4.93446723361681	0.58090846025857
4.94132066033016	0.580115473744118
4.94817408704352	0.579322487229665
4.95502751375688	0.578529500715212
4.96188094047024	0.57773651420076
4.96873436718359	0.576943527686308
4.97558779389695	0.576150541171853
4.9824412206103	0.575357554657402
4.98929464732366	0.57456456814295
4.99614807403702	0.573771581628495
5.00300150075038	0.572862830659363
5.00985492746373	0.57180551530677
5.01670835417709	0.570748199954146
5.02356178089044	0.569690884601553
5.0304152076038	0.56863356924893
5.03726863431716	0.567576253896335
5.04412206103052	0.566518938543713
5.05097548774387	0.565461623191118
5.05782891445723	0.564404307838495
5.06468234117058	0.5633469924859
5.07153576788394	0.562289677133276
5.0783891945973	0.561232361780683
5.08524262131066	0.56017504642809
5.09209604802401	0.559117731075466
5.09894947473737	0.558060415722873
5.10580290145073	0.556348882785417
5.11265632816408	0.55451891390591
5.11950975487744	0.552688945026405
5.1263631815908	0.5508589761469
5.13321660830415	0.549029007267391
5.14007003501751	0.547199038387855
5.14692346173087	0.54536906950835
5.15377688844422	0.543539100628845
5.16063031515758	0.541709131749338
5.16748374187094	0.539879162869831
5.17433716858429	0.538049193990295
5.18119059529765	0.53621922511079
5.18804402201101	0.534389256231283
5.19489744872436	0.532559287351776
5.20175087543772	0.531046186562921
5.20860430215108	0.530456529923959
5.21545772886443	0.529866873284996
5.22231115557779	0.529277216646034
5.22916458229115	0.528687560007102
5.2360180090045	0.528097903368142
5.24287143571786	0.527508246729179
5.24972486243121	0.526918590090217
5.25657828914457	0.526328933451285
5.26343171585793	0.525739276812323
5.27028514257129	0.525149620173362
5.27713856928464	0.52455996353443
5.283991995998	0.523970306895468
5.29084542271136	0.523380650256506
5.29769884942471	0.522790993617543
5.30455227613807	0.521850184799459
5.31140570285143	0.520731870484186
5.31825912956478	0.519613556168941
5.32511255627814	0.518495241853669
5.3319659829915	0.517376927538425
5.33881940970485	0.516258613223151
5.34567283641821	0.515140298907907
5.35252626313157	0.514021984592633
5.35937968984492	0.51290367027739
5.36623311655828	0.511785355962115
5.37308654327164	0.510667041646872
5.37993996998499	0.509548727331628
5.38679339669835	0.508430413016354
5.39364682341171	0.50731209870111
5.40050025012506	0.506192300226178
5.40735367683842	0.505053652923363
5.41420710355178	0.503915005620549
5.42106053026513	0.502776358317735
5.42791395697849	0.50163771101492
5.43476738369185	0.500499063712137
5.4416208104052	0.499360416409324
5.44847423711856	0.49822176910651
5.45532766383192	0.497083121803696
5.46218109054527	0.495944474500881
5.46903451725863	0.494805827198098
5.47588794397199	0.493667179895285
5.48274137068534	0.492528532592469
5.4895947973987	0.491389885289657
5.49644822411206	0.490251237986842
5.50330165082541	0.489024431599349
5.51015507753877	0.487702787408584
5.51700850425213	0.486381143217819
5.52386193096548	0.485059499027054
5.53071535767884	0.483737854836319
5.5375687843922	0.482416210645556
5.54442221110555	0.481094566454792
5.55127563781891	0.479772922264027
5.55812906453227	0.478451278073262
5.56498249124562	0.477129633882497
5.57183591795898	0.475807989691762
5.57868934467234	0.474486345500999
5.58554277138569	0.473164701310236
5.59239619809905	0.47184305711947
5.59924962481241	0.470521412928705
5.60610305152576	0.469561903698701
5.61295647823912	0.468646919258949
5.61980990495248	0.467731934819196
5.62666333166583	0.466816950379443
5.63351675837919	0.465901965939691
5.64037018509255	0.464986981499936
5.6472236118059	0.464071997060155
5.65407703851926	0.4631570126204
5.66093046523262	0.462242028180648
5.66778389194597	0.461327043740894
5.67463731865933	0.460412059301141
5.68149074537269	0.459497074861388
5.68834417208604	0.458582090421636
5.6951975987994	0.457667105981883
5.70205102551276	0.427059429416327
5.70890445222611	0.426063113026385
5.71575787893947	0.425066796636442
5.72261130565283	0.424070480246467
5.72946473236618	0.423074163856523
5.73631815907954	0.422077847466552
5.7431715857929	0.421081531076607
5.75002501250625	0.420085214686634
5.75687843921961	0.419088898296692
5.76373186593297	0.418092581906717
5.77058529264632	0.417096265516774
5.77743871935968	0.416099949126832
5.78429214607304	0.415103632736857
5.79114557278639	0.414107316346913
5.79799899949975	0.413110999956941
5.80485242621311	0.411869945636536
5.81170585292646	0.410527968458231
5.81855927963982	0.409185991279927
5.82541270635318	0.407844014101622
5.83226613306653	0.406502036923318
5.83911955977989	0.405160059745013
5.84597298649325	0.403818082566709
5.8528264132066	0.402476105388374
5.85967983991996	0.401134128210069
5.86653326663332	0.399792151031764
5.87338669334667	0.39845017385346
5.88024012006003	0.397108196675155
5.88709354677339	0.395766219496851
5.89394697348674	0.394424242318516
5.9008004002001	0.393020524097732
5.90765382691346	0.391149889243116
5.91450725362681	0.3892792543885
5.92136068034017	0.387408619533883
5.92821410705353	0.385537984679296
5.93506753376688	0.383667349824681
5.94192096048024	0.381796714970063
5.9487743871936	0.379926080115448
5.95562781390695	0.37805544526083
5.96248124062031	0.376184810406216
5.96933466733367	0.374314175551598
5.97618809404702	0.372443540696983
5.98304152076038	0.370572905842395
5.98989494747374	0.398370622894881
5.99674837418709	0.396499988040263
6.00360180090045	0.395163650668709
6.01045522761381	0.394309665191607
6.01730865432716	0.423124031621604
6.02416208104052	0.422270046144502
6.03101550775388	0.4214160606674
6.03786893446723	0.420562075190296
6.04472236118059	0.419708089713192
6.05157578789395	0.418854104236061
6.0584292146073	0.388331766851856
6.06528264132066	0.387477781374753
6.07213606803402	0.386623795897651
6.07898949474737	0.385769810420548
6.08584292146073	0.384915824943445
6.09269634817409	0.384061839466341
6.09954977488744	0.383207853989239
6.1064032016008	0.382315874024425
6.11325662831416	0.381421222572242
6.12011005502751	0.380526571120029
6.12696348174087	0.379631919667816
6.13381690845423	0.378737268215603
6.14067033516758	0.37784261676342
6.14752376188094	0.376947965311207
6.1543771885943	0.376053313858993
6.16123061530765	0.375158662406782
6.16808404202101	0.374264010954597
6.17493746873437	0.373369359502384
6.18179089544772	0.372474708050171
6.18864432216108	0.37158005659796
6.19549774887444	0.370685405145746
6.20235117558779	0.369693095986933
6.20920460230115	0.368513782709008
6.21605802901451	0.367334469431114
6.22291145572786	0.366155156153191
6.22976488244122	0.364975842875297
6.23661830915458	0.363796529597374
6.24347173586793	0.36261721631948
6.25032516258129	0.361437903041585
6.25717858929465	0.360258589763661
6.264032016008	0.359079276485767
6.27088544272136	0.357899963207842
6.27773886943472	0.356720649929948
6.28459229614807	0.355541336652025
6.29144572286143	0.354362023374131
6.29829914957479	0.353182710096208
6.30515257628814	0.351942249439672
6.3120060030015	0.350681604211589
6.31885942971486	0.379089310890574
6.32571285642821	0.377828665662461
6.33256628314157	0.376568020434346
6.33941970985493	0.375307375206232
6.34627313656828	0.374046729978147
6.35312656328164	0.372786084750033
6.359979989995	0.37152543952192
6.36683341670835	0.370264794293805
6.37368684342171	0.369004149065691
6.38054027013507	0.367743503837606
6.38739369684842	0.366482858609492
6.39424712356178	0.335553861474277
6.40110055027514	0.334303011700033
6.40795397698849	0.333103365434569
6.41480740370185	0.331903719169105
6.42166083041521	0.330704072903641
6.42851425712856	0.329504426638176
6.43536768384192	0.328304780372743
6.44222111055528	0.327105134107279
6.44907453726863	0.325905487841815
6.45592796398199	0.324705841576351
6.46278139069535	0.323506195310887
6.4696348174087	0.322306549045453
6.47648824412206	0.321106902779989
6.48334167083542	0.319907256514525
6.49019509754877	0.318707610249061
6.49704852426213	0.317507963983597
6.50390195097549	0.316030483026941
6.51075537768884	0.314342845060305
6.5176088044022	0.312655207093638
6.52446223111556	0.310967569126974
6.53131565782891	0.309279931160307
6.53816908454227	0.307592293193641
6.54502251125563	0.276236303319875
6.55187593796898	0.274548665353209
6.55872936468234	0.272861027386573
6.5655827913957	0.271173389419908
6.57243621810905	0.269485751453242
6.57928964482241	0.267798113486576
6.58614307153577	0.266110475519911
6.59299649824912	0.264422837553245
6.59984992496248	0.262735199586579
6.60670335167584	0.262380040176328
6.61355677838919	0.262054712375507
6.62041020510255	0.261729384574716
6.62726363181591	0.261404056773924
6.63411705852926	0.261078728973104
6.64097048524262	0.260753401172312
6.64782391195598	0.260428073371492
6.65467733866933	0.260102745570701
6.66153076538269	0.259777417769909
6.66838419209605	0.259452089969089
6.6752376188094	0.259126762168297
6.68209104552276	0.258801434367506
6.68894447223612	0.258476106566685
6.69579789894947	0.258150778765894
6.70265132566283	0.2571647030777
6.70950475237619	0.255131404322674
6.71635817908954	0.223429753660575
6.7232116058029	0.221396454905549
6.73006503251626	0.189694804243421
6.73691845922961	0.187661505488424
6.74377188594297	0.185628206733397
6.75062531265633	0.1835949079784
6.75747873936968	0.181561609223373
6.76433216608304	0.179528310468376
6.7711855927964	0.17749501171335
6.77803901950975	0.175461712958323
6.78489244622311	0.173428414203326
6.79174587293647	0.171395115448299
6.79859929964983	0.169361816693302
6.80545272636318	0.167927079535287
6.81230615307654	0.166646101319633
6.8191595797899	0.165365123103978
6.82601300650325	0.164084144888295
6.83286643321661	0.16280316667264
6.83971985992997	0.161522188456986
6.84657328664332	0.160241210241332
6.85342671335668	0.158960232025677
6.86028014007004	0.157679253810023
6.86713356678339	0.156398275594368
6.87398699349675	0.155117297378684
6.88084042021011	0.153836319163029
6.88769384692346	0.152555340947375
6.89454727363682	0.151274362731721
6.90140070035017	0.149914427221356
6.90825412706353	0.14824712224223
6.91510755377689	0.146579817263134
6.92196098049024	0.144912512284009
6.9288144072036	0.143245207304884
6.93566783391696	0.141577902325788
6.94252126063031	0.139910597346662
6.94937468734367	0.138243292367566
6.95622811405703	0.136575987388441
6.96308154077038	0.134908682409345
6.96993496748374	0.13324137743022
6.9767883941971	0.131574072451124
6.98364182091046	0.129906767471998
6.99049524762381	0.128239462492902
6.99734867433717	0.126572157513777
7.00420210105053	0.125415997126813
7.01105552776388	0.12458234463725
7.01790895447724	0.123748692147687
7.0247623811906	0.122915039658154
7.03161580790395	0.122081387168591
7.03846923461731	0.121247734679028
7.04532266133067	0.120414082189466
7.05217608804402	0.119580429699933
7.05902951475738	0.11874677721037
7.06588294147074	0.117913124720807
7.07273636818409	0.117079472231245
7.07958979489745	0.116245819741682
7.08644322161081	0.115412167252149
7.09329664832416	0.114578514762586
7.10015007503752	0.113751540991554
7.10700350175088	0.113222883315271
7.11385692846423	0.11269422563896
7.12071035517759	0.112165567962648
7.12756378189095	0.111636910286366
7.1344172086043	0.111108252610054
7.14127063531766	0.110579594933742
7.14812406203102	0.110050937257431
7.15497748874437	0.109522279581149
7.16183091545773	0.108993621904837
7.16868434217109	0.108464964228525
7.17553776888444	0.107936306552214
7.1823911955978	0.107407648875931
7.18924462231116	0.10687899119962
7.19609804902451	0.106350333523308
7.20295147573787	0.105646545005346
7.20980490245123	0.104711227578022
7.21665832916458	0.103775910150729
7.22351175587794	0.102840592723406
7.2303651825913	0.101905275296113
7.23721860930465	0.100969957868819
7.24407203601801	0.100034640441497
7.25092546273137	0.0990993230142029
7.25777888944472	0.0981640055868804
7.26463231615808	0.0972286881595865
7.27148574287144	0.096293370732264
7.27833916958479	0.095358053304971
7.28519259629815	0.0944227358776772
7.29204602301151	0.0638190665432539
7.29889944972486	0.06288374911596
7.30575287643822	0.0615900071270862
7.31260630315158	0.0602276969612118
7.31945972986493	0.0588653867953668
7.32631315657829	0.0575030766294924
7.33316658329165	0.0561407664636475
7.340020010005	0.0547784562977731
7.34687343671836	0.0534161461319282
7.35372686343172	0.0520538359660833
7.36058029014507	0.0506915258002088
7.36743371685843	0.0493292156343639
7.37428714357179	0.0479669054684895
7.38114057028514	0.0466045953026446
7.3879939969985	0.0452422851367702
7.39484742371186	0.0438799749709253
7.40170085042521	0.0425126186621711
7.40855427713857	0.0411299755087563
7.41540770385193	0.0694156842624424
7.42226113056528	0.0680330411090276
7.42911455727864	0.0666503979556129
7.435967983992	0.0652677548021989
7.44282141070535	0.0638851116488137
7.44967483741871	0.0625024684953989
7.45652826413207	0.0611198253419842
7.46338169084542	0.0597371821885694
7.47023511755878	0.0583545390351547
7.47708854427214	0.0569718958817408
7.48394197098549	0.0555892527283555
7.49079539769885	0.0542066095749408
7.49764882441221	0.052823966421526
7.50450225112556	0.0509470980962897
7.51135567783892	0.0488121344035023
7.51820910455228	0.0466771707107453
7.52506253126563	0.0445422070179882
7.53191595797899	0.0424072433252303
7.53876938469235	0.0402722796324438
7.5456228114057	0.0381373159396859
7.55247623811906	0.0360023522469288
7.55932966483242	0.0338673885541718
7.56618309154577	0.0317324248613844
7.57303651825913	0.0295974611686273
7.57988994497249	0.0274624974758703
7.58674337168584	0.0253275337831124
7.5935967983992	0.0231925700903258
7.60045022511256	0.0210749710657583
7.60730365182591	0.0192043362111715
7.61415707853927	0.0173337013565551
7.62101050525263	0.0154630665019388
7.62786393196598	0.0135924316473225
7.63471735867934	0.0117217967927061
7.6415707853927	0.00985116193808977
7.64842421210605	0.00798052708347343
7.65527763881941	0.00610989222885793
7.66213106553277	0.0042392573742711
7.66898449224612	0.00236862251965476
7.67583791895948	0.000497987665038413
7.68269134567284	-0.00137264718957793
7.68954477238619	-0.00324328204419427
7.69639819909955	-0.00511391689881062
7.70325162581291	-0.0366432566226184
7.71010505252626	-0.0384935584896944
7.71695847923962	-0.0403438603567704
7.72381190595298	-0.0421941622238169
7.73066533266633	-0.0440444640908929
7.73751875937969	-0.0458947659579394
7.74437218609305	-0.0477450678250154
7.7512256128064	-0.0495953696920619
7.75807903951976	-0.0514456715591379
7.76493246623312	-0.0532959734261844
7.77178589294647	-0.0551462752932604
7.77863931965983	-0.0569965771603069
7.78549274637319	-0.0588468790273838
7.79234617308654	-0.0606971808944598
7.7991995997999	-0.0625474827615063
7.80605302651326	-0.0633202847043789
7.81290645322661	-0.063950607318421
7.81975987993997	-0.0645809299324926
7.82661330665333	-0.0652112525465347
7.83346673336668	-0.0658415751606072
7.84032016008004	-0.0664718977746493
7.8471735867934	-0.0671022203887209
7.85402701350675	-0.0677325430027638
7.86088044022011	-0.0683628656168059
7.86773386693347	-0.0689931882308776
7.87458729364682	-0.0696235108449197
7.88144072036018	-0.0702538334589921
7.88829414707354	-0.0708841560730342
7.89514757378689	-0.0715144786870763
7.90200100050025	-0.0723466470169788
7.90885442721361	-0.0736682912077135
7.91570785392696	-0.0749899353984786
7.92256128064032	-0.0763115795892428
7.92941470735368	-0.0776332237800071
7.93626813406703	-0.0789548679707713
7.94312156078039	-0.0802765121615364
7.94997498749375	-0.111266508259372
7.9568284142071	-0.112588152450136
7.96368184092046	-0.1139097966409
7.97053526763382	-0.115231440831665
7.97738869434717	-0.116553085022429
7.98424212106053	-0.117874729213164
7.99109554777389	-0.119196373403929
7.99794897448724	-0.120518017594693
8.0048024012006	-0.121540455194947
8.01165582791396	-0.122435106647129
8.01850925462731	-0.123329758099343
8.02536268134067	-0.124224409551556
8.03221610805403	-0.125119061003769
8.03906953476738	-0.126013712455952
8.04592296148074	-0.126908363908165
8.0527763881941	-0.127803015360378
8.05962981490745	-0.128697666812591
8.06648324162081	-0.129592318264804
8.07333666833417	-0.130486969716987
8.08019009504752	-0.1313816211692
8.08704352176088	-0.132276272621413
8.09389694847424	-0.133170924073626
8.10075037518759	-0.133949811071158
8.10760380190095	-0.133787147170748
8.11445722861431	-0.133624483270368
8.12131065532766	-0.133461819369957
8.12816408204102	-0.133299155469547
8.13501750875438	-0.133136491569165
8.14187093546773	-0.132973827668755
8.14872436218109	-0.132811163768344
8.15557778889445	-0.132648499867934
8.1624312156078	-0.132485835967554
8.16928464232116	-0.132323172067144
8.17613806903452	-0.132160508166732
8.18299149574787	-0.131997844266352
8.18984492246123	-0.131835180365941
8.19669834917459	-0.131672516465531
8.20355177588795	-0.132184254721533
8.2104052026013	-0.133322902024346
8.21725862931466	-0.13446154932716
8.22411205602801	-0.135600196629974
8.23096548274137	-0.136738843932788
8.23781890945473	-0.137877491235572
8.24467233616808	-0.139016138538385
8.25152576288144	-0.1401547858412
8.2583791895948	-0.141293433144014
8.26523261630815	-0.142432080446828
8.27208604302151	-0.143570727749611
8.27893946973487	-0.144709375052425
8.28579289644822	-0.14584802235524
8.29264632316158	-0.146986669658053
8.29949974987494	-0.148125316960867
8.30635317658829	-0.149716336132652
8.31320660330165	-0.151342975136667
8.32006003001501	-0.152969614140683
8.32691345672836	-0.154596253144698
8.33376688344172	-0.156222892148714
8.34062031015508	-0.15784953115273
8.34747373686843	-0.189144522063816
8.35432716358179	-0.190771161067832
8.36118059029515	-0.192397800071847
8.3680340170085	-0.194024439075862
8.37488744372186	-0.195651078079878
8.38174087043522	-0.197277717083894
8.38859429714858	-0.198904356087909
8.39544772386193	-0.200530995091895
8.40230115057529	-0.20194599292624
8.40915457728864	-0.202942309316183
8.416008004002	-0.203938625706156
8.42286143071536	-0.2049349420961
8.42971485742871	-0.205931258486074
8.43656828414207	-0.206927574876016
8.44342171085543	-0.207923891265989
8.45027513756878	-0.208920207655934
8.45712856428214	-0.209916524045876
8.4639819909955	-0.21091284043585
8.47083541770886	-0.211909156825794
8.47768884442221	-0.212905473215767
8.48454227113557	-0.21390178960571
8.49139569784892	-0.214898105995684
8.49824912456228	-0.215894422385627
8.50510255127564	-0.217057261491151
8.51195597798899	-0.218277240744155
8.51880940470235	-0.219497219997159
8.52566283141571	-0.220717199250163
8.53251625812906	-0.221937178503168
8.53936968484242	-0.223157157756202
8.54622311155578	-0.224377137009206
8.55307653826913	-0.22559711626221
8.55992996498249	-0.226817095515214
8.56678339169585	-0.228037074768218
8.5736368184092	-0.229257054021222
8.58049024512256	-0.230477033274227
8.58734367183592	-0.231697012527261
8.59419709854927	-0.232916991780264
8.60105052526263	-0.234246056769389
8.60790395197599	-0.236177690586656
8.61475737868934	-0.238109324403922
8.6216108054027	-0.240040958221189
8.62846423211606	-0.241972592038455
8.63531765882941	-0.243904225855692
8.64217108554277	-0.245835859672958
8.64902451225613	-0.247767493490225
8.65587793896949	-0.249699127307492
8.66273136568284	-0.251630761124759
8.6695847923962	-0.253562394942025
8.67643821910955	-0.255494028759291
8.68329164582291	-0.257425662576558
8.69014507253627	-0.259357296393825
8.69699849924962	-0.261288930211061
8.70385192596298	-0.262980575408857
8.71070535267634	-0.264485216487572
8.71755877938969	-0.265989857566287
8.72441220610305	-0.267494498645002
8.73126563281641	-0.268999139723688
8.73811905952977	-0.270503780802403
8.74497248624312	-0.272008421881118
8.75182591295648	-0.273513062959832
8.75867933966983	-0.275017704038547
8.76553276638319	-0.276522345117262
8.77238619309655	-0.278026986195949
8.7792396198099	-0.279531627274664
8.78609304652326	-0.281036268353379
8.79294647323662	-0.282540909432093
8.79979989994997	-0.284045550510808
8.80665332666333	-0.285787063473685
8.81350675337669	-0.287535700403
8.82036018009005	-0.289284337332287
8.8272136068034	-0.291032974261602
8.83406703351676	-0.292781611190919
8.84092046023012	-0.294530248120234
8.84777388694347	-0.29627888504955
8.85462731365683	-0.298027521978866
8.86148074037018	-0.299776158908182
8.86833416708354	-0.301524795837468
8.8751875937969	-0.303273432766784
8.88204102051025	-0.3050220696961
8.88889444722361	-0.306770706625416
8.89574787393697	-0.308519343554731
8.90260130065032	-0.310190804180918
8.90945472736368	-0.311736111234742
8.91630815407704	-0.313281418288538
8.9231615807904	-0.314826725342363
8.93001500750375	-0.316372032396159
8.93686843421711	-0.317917339449984
8.94372186093046	-0.319462646503809
8.95057528764382	-0.321007953557604
8.95742871435718	-0.32255326061143
8.96428214107053	-0.324098567665225
8.97113556778389	-0.32564387471905
8.97798899449725	-0.327189181772845
8.9848424212106	-0.32873448882667
8.99169584792396	-0.330279795880466
8.99854927463732	-0.331825102934291
9.00540270135068	-0.332905571177815
9.01225612806403	-0.333861221592678
9.01910955477739	-0.334816872007541
9.02596298149075	-0.335772522422404
9.0328164082041	-0.336728172837238
9.03966983491746	-0.337683823252101
9.04652326163082	-0.338639473666964
9.05337668834417	-0.339595124081827
9.06023011505753	-0.34055077449666
9.06708354177088	-0.341506424911524
9.07393696848424	-0.342462075326388
9.0807903951976	-0.34341772574125
9.08764382191096	-0.344373376156084
9.09449724862431	-0.345329026570947
9.10135067533767	-0.34624059744347
9.10820410205103	-0.346972584995272
9.11505752876438	-0.347704572547075
9.12191095547774	-0.348436560098877
9.1287643821911	-0.34916854765068
9.13561780890445	-0.379568887109583
9.14247123561781	-0.380300874661386
9.14932466233116	-0.381032862213188
9.15617808904452	-0.381764849764991
9.16303151575788	-0.382496837316793
9.16988494247123	-0.383228824868596
9.17673836918459	-0.383960812420428
9.18359179589795	-0.384692799972231
9.19044522261131	-0.385424787524033
9.19729864932466	-0.386156775075835
9.20415207603802	-0.388145252208662
9.21100550275138	-0.390951204490573
9.21785892946473	-0.393757156772481
9.22471235617809	-0.396563109054421
9.23156578289145	-0.39936906133633
9.2384192096048	-0.40217501361824
9.24527263631816	-0.404980965900179
9.25212606303151	-0.407786918182089
9.25897948974487	-0.410592870463999
9.26583291645823	-0.413398822745938
9.27268634317159	-0.416204775027848
9.27953976988494	-0.419010727309757
9.2863931965983	-0.421816679591697
9.29324662331166	-0.424622631873606
9.30010005002501	-0.427407805920066
9.30695347673837	-0.428790449073481
9.31380690345173	-0.430173092226895
9.32066033016508	-0.431555735380309
9.32751375687844	-0.432938378533694
9.33436718359179	-0.434321021687109
9.34122061030515	-0.435703664840524
9.34807403701851	-0.437086307993939
9.35492746373187	-0.438468951147353
9.36178089044522	-0.439851594300739
9.36863431715858	-0.441234237454153
9.37548774387194	-0.442616880607567
9.38234117058529	-0.473667875668083
9.38919459729865	-0.475050518821498
9.39604802401201	-0.476433161974912
9.40290145072536	-0.477781372623837
9.40975487743872	-0.479082683827062
9.41660830415208	-0.480383995030255
9.42346173086543	-0.48168530623348
9.43031515757879	-0.482986617436674
9.43716858429215	-0.484287928639898
9.4440220110055	-0.485589239843094
9.45087543771886	-0.486890551046317
9.45772886443222	-0.488191862249513
9.46458229114557	-0.489493173452737
9.47143571785893	-0.490794484655931
9.47828914457229	-0.492095795859156
9.48514257128564	-0.49339710706235
9.491995997999	-0.494698418265575
9.49884942471236	-0.495999729468768
9.50570285142571	-0.498637674875468
9.51255627813907	-0.501545292095138
9.51940970485242	-0.504452909314808
9.52626313156578	-0.507360526534478
9.53311655827914	-0.510268143754148
9.5399699849925	-0.513175760973818
9.54682341170585	-0.516083378193487
9.55367683841921	-0.518990995413157
9.56053026513257	-0.521898612632826
9.56738369184592	-0.524806229852496
9.57423711855928	-0.527713847072166
9.58109054527264	-0.530621464291836
9.58794397198599	-0.533529081511506
9.59479739869935	-0.536436698731176
9.60165082541271	-0.538981884158165
9.60850425212606	-0.54038486029912
9.61535767883942	-0.541787836440075
9.62221110555278	-0.54319081258103
9.62906453226613	-0.544593788721984
9.63591795897949	-0.545996764862938
9.64277138569285	-0.547399741003924
9.6496248124062	-0.548802717144879
9.65647823911956	-0.550205693285833
9.66333166583292	-0.551608669426787
9.67018509254627	-0.553011645567742
9.67703851925963	-0.554414621708697
9.68389194597299	-0.555817597849682
9.69074537268634	-0.557220573990636
9.6975987993997	-0.558623550131591
9.70445222611306	-0.559418911301524
9.71130565282641	-0.559886570015186
9.71815907953977	-0.560354228728817
9.72501250625313	-0.560821887442479
9.73186593296648	-0.561289546156141
9.73871935967984	-0.561757204869803
9.7455727863932	-0.562224863583433
9.75242621310655	-0.562692522297096
9.75927963981991	-0.533491829103656
9.76613306653327	-0.533959487817318
9.77298649324662	-0.534427146530949
9.77983991995998	-0.534894805244611
9.78669334667334	-0.535362463958272
9.79354677338669	-0.535830122671904
9.80040020010005	-0.536379706999626
9.80725362681341	-0.538250341854242
9.81410705352676	-0.540120976708859
9.82096048024012	-0.541991611563475
9.82781390695348	-0.543862246418091
9.83466733366683	-0.545732881272708
9.84152076038019	-0.547603516127324
9.84837418709355	-0.54947415098194
9.8552276138069	-0.551344785836527
9.86208104052026	-0.553215420691143
9.86893446723362	-0.55508605554576
9.87578789394697	-0.556956690400376
9.88264132066033	-0.558827325254993
9.88949474737369	-0.560697960109609
9.89634817408704	-0.562568594964224
9.9032016008004	-0.564961654024503
9.91005502751376	-0.567950603194363
9.91690845422711	-0.570939552364253
9.92376188094047	-0.573928501534113
9.93061530765383	-0.576917450703973
9.93746873436718	-0.579906399873864
9.94432216108054	-0.582895349043724
9.9511755877939	-0.585884298213584
9.95802901450725	-0.588873247383474
9.96488244122061	-0.591862196553334
9.97173586793397	-0.594851145723194
9.97858929464732	-0.597840094893085
9.98544272136068	-0.600829044062945
9.99229614807404	-0.603817993232805
9.99914957478739	-0.606806942402695
10.0060030015007	-0.608745106522532
10.0128564282141	-0.610534409426928
10.0197098549275	-0.612323712331354
10.0265632816408	-0.614113015235751
10.0334167083542	-0.615902318140176
10.0402701350675	-0.617691621044572
10.0471235617809	-0.619480923948998
10.0539769884942	-0.621270226853395
10.0608304152076	-0.62305952975782
10.067683841921	-0.624848832662217
10.0745372686343	-0.626638135566642
10.0813906953477	-0.628427438471069
10.088244122061	-0.630216741375465
10.0950975487744	-0.632006044279891
10.1019509754877	-0.663376875750407
10.1088044022011	-0.664861183841552
10.1156578289145	-0.666345491932728
10.1225112556278	-0.667829800023873
10.1293646823412	-0.669314108115048
10.1362181090545	-0.670798416206193
10.1430715357679	-0.672282724297367
10.1499249624812	-0.673767032388513
10.1567783891946	-0.675251340479688
10.163631815908	-0.676735648570833
10.1704852426213	-0.678219956662008
10.1773386693347	-0.679704264753153
10.184192096048	-0.681188572844328
10.1910455227614	-0.682672880935473
10.1978989494747	-0.684157189026648
10.2047523761881	-0.685218511610371
10.2116058029015	-0.686092830075015
10.2184592296148	-0.686967148539688
10.2253126563282	-0.687841467004331
10.2321660830415	-0.688715785469004
10.2390195097549	-0.689590103933647
10.2458729364682	-0.69046442239829
10.2527263631816	-0.691338740862962
10.2595797898949	-0.692213059327606
10.2664332166083	-0.693087377792278
10.2732866433217	-0.693961696256922
10.280140070035	-0.694836014721595
10.2869934967484	-0.695710333186238
10.2938469234617	-0.69658465165088
10.3007003501751	-0.697517149174814
10.3075537768884	-0.698960791290879
10.3144072036018	-0.700404433406943
10.3212606303152	-0.701848075523008
10.3281140570285	-0.703291717639043
10.3349674837419	-0.704735359755108
10.3418209104552	-0.706179001871173
10.3486743371686	-0.707622643987238
10.3555277638819	-0.709066286103303
10.3623811905953	-0.710509928219367
10.3692346173087	-0.711953570335403
10.376088044022	-0.713397212451467
10.3829414707354	-0.744509206474633
10.3897948974487	-0.745952848590699
10.3966483241621	-0.747396490706763
10.4035017508754	-0.778446150023549
10.4103551775888	-0.779767794214314
10.4172086043022	-0.781089438405077
10.4240620310155	-0.782411082595842
10.4309154577289	-0.783732726786606
10.4377688844422	-0.785054370977341
10.4446223111556	-0.786376015168105
10.4514757378689	-0.75802930745177
10.4583291645823	-0.759350951642534
10.4651825912956	-0.760672595833298
10.472036018009	-0.761994240024063
10.4788894447224	-0.763315884214798
10.4857428714357	-0.764637528405561
10.4925962981491	-0.765959172596326
10.4994497248624	-0.767280816787091
10.5063031515758	-0.767910545737262
10.5131565782891	-0.768479869388685
10.5200100050025	-0.769049193040077
10.5268634317159	-0.769618516691468
10.5337168584292	-0.770187840342891
10.5405702851426	-0.770757163994283
10.5474237118559	-0.800994839552805
10.5542771385693	-0.801564163204197
10.5611305652826	-0.802133486855589
10.567983991996	-0.802702810507011
10.5748374187094	-0.803272134158403
10.5816908454227	-0.803841457809825
10.5885442721361	-0.804410781461217
10.5953976988494	-0.804980105112609
10.6022511255628	-0.805796541349942
10.6091045522761	-0.807118185540706
10.6159579789895	-0.80843982973147
10.6228114057029	-0.809761473922235
10.6296648324162	-0.81108311811297
10.6365182591296	-0.812404762303734
10.6433716858429	-0.813726406494498
10.6502251125563	-0.815048050685264
10.6570785392696	-0.816369694876027
10.663931965983	-0.817691339066762
10.6707853926963	-0.819012983257527
10.6776388194097	-0.820334627448291
10.6844922461231	-0.821656271639055
10.6913456728364	-0.82297791582982
10.6981990995498	-0.824299560020584
10.7050525262631	-0.824991623677107
10.7119059529765	-0.825459282390768
10.7187593796898	-0.82592694110443
10.7256128064032	-0.856062951725162
10.7324662331166	-0.856530610438824
10.7393196598299	-0.856998269152486
10.7461730865433	-0.857465927866147
10.7530265132566	-0.857933586579779
10.75987993997	-0.888069597200542
10.7667333666833	-0.888537255914203
10.7735867933967	-0.889004914627835
10.7804402201101	-0.889472573341496
10.7872936468234	-0.889940232055158
10.7941470735368	-0.890407890768819
10.8010005002501	-0.890928979230781
10.8078539269635	-0.891762631720313
10.8147073536768	-0.892596284209877
10.8215607803902	-0.893429936699439
10.8284142071036	-0.894263589189002
10.8352676338169	-0.924765593585636
10.8421210605303	-0.925599246075199
10.8489744872436	-0.926432898564761
10.855827913957	-0.927266551054324
10.8626813406703	-0.928100203543858
10.8695347673837	-0.928933856033421
10.876388194097	-0.900099156615882
10.8832416208104	-0.900932809105445
10.8900950475238	-0.901766461594977
10.8969484742371	-0.90260011408454
10.9038019009505	-0.904166941453647
10.9106553276638	-0.906322238133973
10.9175087543772	-0.938145886721372
10.9243621810905	-0.940301183401698
10.9312156078039	-0.942456480081996
10.9380690345173	-0.944611776762324
10.9449224612306	-0.94676707344265
10.951775887944	-0.948922370122948
10.9586293146573	-0.951077666803275
10.9654827413707	-0.953232963483572
10.972336168084	-0.9553882601639
10.9791895947974	-0.957543556844197
10.9860430215108	-0.959698853524525
10.9928964482241	-0.961854150204852
10.9997498749375	-0.964009446885149
11.0066033016508	-0.966850425335419
11.0134567283642	-0.969717376579978
11.0203101550775	-0.942915975917438
11.0271635817909	-0.945782927162028
11.0340170085043	-0.948649878406587
11.0408704352176	-0.951516829651147
11.047723861931	-0.954383780895737
11.0545772886443	-0.957250732140296
11.0614307153577	-0.960117683384856
11.068284142071	-0.962984634629446
11.0751375687844	-0.965851585874006
11.0819909954977	-0.968718537118565
11.0888444222111	-1.00125384027026
11.0956978489245	-1.00412079151482
11.1025512756378	-1.00694989668766
11.1094047023512	-1.00971518299449
11.1162581290645	-1.01248046930131
11.1231115557779	-1.01524575560811
11.1299649824912	-1.01801104191494
11.1368184092046	-1.02077632822177
11.143671835918	-1.02354161452857
11.1505252626313	-1.0263069008354
11.1573786893447	-1.02907218714223
11.164232116058	-1.03183747344903
11.1710855427714	-1.03460275975586
11.1779389694847	-1.03736804606269
11.1847923961981	-1.04013333236949
11.1916458229115	-1.04289861867632
11.1984992496248	-1.04566390498312
11.2053526763382	-1.04623768111355
11.2122061030515	-1.04619701513847
11.2190595297649	-1.04615634916336
11.2259129564782	-1.04611568318825
11.2327663831916	-1.04607501721317
11.239619809905	-1.04603435123806
11.2464732366183	-1.04599368526295
11.2533266633317	-1.04595301928787
11.260180090045	-1.04591235331276
11.2670335167584	-1.04587168733765
11.2738869434717	-1.04583102136257
11.2807403701851	-1.04579035538746
11.2875937968984	-1.04574968941235
11.2944472236118	-1.04570902343727
11.3013006503252	-1.04552558130141
11.3081540770385	-1.04473259478695
11.3150075037519	-1.0439396082725
11.3218609304652	-1.04314662175805
11.3287143571786	-1.0423536352436
11.3355677838919	-1.04156064872911
11.3424212106053	-1.01109931030756
11.3492746373187	-1.01030632379311
11.356128064032	-1.03918168918576
11.3629814907454	-1.0383887026713
11.3698349174587	-1.03759571615685
11.3766883441721	-1.0368027296424
11.3835417708854	-1.03600974312794
11.3903951975988	-1.03521675661349
11.3972486243122	-1.03442377009904
11.4041020510255	-1.03467741298752
11.4109554777389	-1.03563306340238
11.4178089044522	-1.03658871381722
11.4246623311656	-1.03754436423208
11.4315157578789	-1.03850001464694
11.4383691845923	-1.03945566506181
11.4452226113057	-1.04041131547667
11.452076038019	-1.0413669658915
11.4589294647324	-1.04232261630637
11.4657828914457	-1.04327826672123
11.4726363181591	-1.04423391713609
11.4794897448724	-1.04518956755093
11.4863431715858	-1.04614521796579
11.4931965982991	-1.04710086838065
11.5000500250125	-1.04806675949726
11.5069034517259	-1.05042538605308
11.5137568784392	-1.0527840126089
11.5206103051526	-1.05514263916472
11.5274637318659	-1.05750126572054
11.5343171585793	-1.05985989227636
11.5411705852926	-1.06221851883217
11.548024012006	-1.06457714538799
11.5548774387194	-1.06693577194381
11.5617308654327	-1.09896275040673
11.5685842921461	-1.10132137696252
11.5754377188594	-1.10368000351833
11.5822911455728	-1.10603863007415
11.5891445722861	-1.10839725662997
11.5959979989995	-1.11075588318579
11.6028514257129	-1.11269998394432
11.6097048524262	-1.1437306460173
11.6165582791396	-1.14509295618314
11.6234117058529	-1.14645526634902
11.6302651325663	-1.14781757651486
11.6371185592796	-1.14917988668074
11.643971985993	-1.15054219684658
11.6508254127064	-1.15190450701246
11.6576788394197	-1.1532668171783
11.6645322661331	-1.15462912734418
11.6713856928464	-1.15599143751002
11.6782391195598	-1.1573537476759
11.6850925462731	-1.15871605784174
11.6919459729865	-1.16007836800762
11.6987993996998	-1.13177232626636
11.7056528264132	-1.13251410927203
11.7125062531266	-1.16279245080563
11.7193596798399	-1.16340244043214
11.7262131065533	-1.16401243005864
11.7330665332666	-1.16462241968514
11.73991995998	-1.16523240931164
11.7467733866933	-1.19551075084525
11.7536268134067	-1.19612074047175
11.7604802401201	-1.19673073009825
11.7673336668334	-1.19734071972475
11.7741870935468	-1.19795070935125
11.7810405202601	-1.19856069897776
11.7878939469735	-1.19917068860426
11.7947473736868	-1.19978067823079
11.8016008004002	-1.20074686617932
11.8084542271136	-1.20288182987208
11.8153076538269	-1.20501679356487
11.8221610805403	-1.20715175725763
11.8290145072536	-1.20928672095038
11.835867933967	-1.21142168464314
11.8427213606803	-1.21355664833593
11.8495747873937	-1.21569161202868
11.8564282141071	-1.21782657572144
11.8632816408204	-1.2199615394142
11.8701350675338	-1.22209650310699
11.8769884942471	-1.22423146679974
11.8838419209605	-1.2263664304925
11.8906953476738	-1.22850139418526
11.8975487743872	-1.20096800597094
11.9044022011005	-1.23252317007311
11.9112556278139	-1.23427180700243
11.9181090545273	-1.23602044393171
11.9249624812406	-1.23776908086103
11.931815907954	-1.23951771779035
11.9386693346673	-1.24126635471966
11.9455227613807	-1.24301499164898
11.952376188094	-1.24476362857829
11.9592296148074	-1.24651226550761
11.9660830415208	-1.24826090243693
11.9729364682341	-1.25000953936621
11.9797898949475	-1.25175817629553
11.9866433216608	-1.25350681322484
11.9934967483742	-1.28492380206126
12.0003501750875	-1.28667451681411
12.0072036018009	-1.28846381971853
12.0140570285143	-1.29025312262293
12.0209104552276	-1.32171077743445
12.027763881941	-1.32350008033888
12.0346173086543	-1.32528938324328
12.0414707353677	-1.32707868614769
12.048324162081	-1.3288679890521
12.0551775887944	-1.33065729195652
12.0620310155078	-1.33244659486093
12.0688844422211	-1.33423589776534
12.0757378689345	-1.33602520066975
12.0825912956478	-1.33781450357416
12.0894447223612	-1.33960380647858
12.0962981490745	-1.34139310938299
12.1031515757879	-1.34374342464462
12.1100050025013	-1.34675270680204
12.1168584292146	-1.34976198895947
12.123711855928	-1.35277127111689
12.1305652826413	-1.35578055327431
12.1374187093547	-1.35878983543173
12.144272136068	-1.36179911758915
12.1511255627814	-1.33514004783947
12.1579789894947	-1.33814932999689
12.1648324162081	-1.34115861215431
12.1716858429215	-1.37383624621883
12.1785392696348	-1.37684552837625
12.1853926963482	-1.37985481053367
12.1922461230615	-1.38286409269109
12.1990995497749	-1.38587337484851
12.2059529764882	-1.38736376799434
12.2128064032016	-1.38862441322245
12.219659829915	-1.38988505845056
12.2265132566283	-1.42081405558577
12.2333666833417	-1.42207470081388
12.240220110055	-1.42333534604199
12.2470735367684	-1.42459599127009
12.2539269634817	-1.4258566364982
12.2607803901951	-1.42711728172631
12.2676338169085	-1.42837792695442
12.2744872436218	-1.42963857218253
12.2813406703352	-1.43089921741064
12.2881940970485	-1.46182821454585
12.2950475237619	-1.46308885977396
12.3019009504752	-1.46449050017121
12.3087543771886	-1.46625947008807
12.315607803902	-1.46802844000493
12.3224612306153	-1.46979740992179
12.3293146573287	-1.47156637983866
12.336168084042	-1.47333534975552
12.3430215107554	-1.47510431967238
12.3498749374687	-1.47687328958924
12.3567283641821	-1.4786422595061
12.3635817908954	-1.48041122942297
12.3704352176088	-1.48218019933983
12.3772886443222	-1.48394916925669
12.3841420710355	-1.48571813917355
12.3909954977489	-1.51715546099751
12.3978489244622	-1.51892443091438
12.4047023511756	-1.5500827307194
12.4115557778889	-1.55144504088526
12.4184092046023	-1.55280735105112
12.4252626313157	-1.55416966121698
12.432116058029	-1.55553197138284
12.4389694847424	-1.5568942815487
12.4458229114557	-1.55825659171456
12.4526763381691	-1.55961890188042
12.4595297648824	-1.56098121204628
12.4663831915958	-1.56234352221214
12.4732366183092	-1.563705832378
12.4800900450225	-1.56506814254386
12.4869434717359	-1.56643045270972
12.4937968984492	-1.56779276287557
12.5006503251626	-1.56912227311261
12.5075037518759	-1.59980727439722
12.5143571785893	-1.60082392377473
12.5212106053027	-1.60184057315223
12.528064032016	-1.60285722252974
12.5349174587294	-1.60387387190725
12.5417708854427	-1.60489052128475
12.5486243121561	-1.60590717066226
12.5554777388694	-1.60692382003977
12.5623311655828	-1.60794046941727
12.5691845922961	-1.60895711879478
12.5760380190095	-1.60997376817229
12.5828914457229	-1.6109904175498
12.5897448724362	-1.6120070669273
12.5965982991496	-1.61302371630481
12.6034517258629	-1.64429243758967
12.6103051525763	-1.67613641916464
12.6171585792896	-1.6783120488325
12.624012006003	-1.68048767850037
12.6308654327164	-1.68266330816823
12.6377188594297	-1.6848389378361
12.6445722861431	-1.68701456750396
12.6514257128564	-1.68919019717183
12.6582791395698	-1.69136582683969
12.6651325662831	-1.66387310460046
12.6719859929965	-1.66604873426832
12.6788394197099	-1.66822436393619
12.6856928464232	-1.67039999360405
12.6925462731366	-1.67257562327192
12.6993996998499	-1.67475125293978
12.7062531265633	-1.67529430696493
12.7131065532766	-1.67568063372839
12.71995997999	-1.67606696049184
12.7268134067034	-1.70612163916239
12.7336668334167	-1.73617631783294
12.7405202601301	-1.7365626445964
12.7473736868434	-1.73694897135985
12.7542271135568	-1.7076669462162
12.7610805402701	-1.70805327297966
12.7679339669835	-1.70843959974311
12.7747873936968	-1.73849427841366
12.7816408204102	-1.73888060517711
12.7884942471236	-1.73926693194057
12.7953476738369	-1.73965325870402
12.8022011005503	-1.74039875210887
12.8090545272636	-1.74190339318758
12.815907953977	-1.77307638617339
12.8227613806903	-1.7745810272521
12.8296148074037	-1.77608566833081
12.8364682341171	-1.74792195750242
12.8433216608304	-1.74942659858113
12.8501750875438	-1.78059959156694
12.8570285142571	-1.78210423264565
12.8638819409705	-1.78360887372436
12.8707353676838	-1.78511351480307
12.8775887943972	-1.78661815588178
12.8844422211106	-1.78812279696049
12.8912956478239	-1.8192957899463
12.8981490745373	-1.82080043102501
12.9050025012506	-1.82223086411996
12.911855927964	-1.82363384026093
12.9187093546773	-1.82503681640188
12.9255627813907	-1.82643979254284
12.9324162081041	-1.8278427686838
12.9392696348174	-1.85891409673186
12.9461230615308	-1.86031707287282
12.9529764882441	-1.86172004901378
12.9598299149575	-1.86312302515474
12.9666833416708	-1.8645260012957
12.9735367683842	-1.86592897743666
12.9803901950975	-1.86733195357762
12.9872436218109	-1.86873492971858
12.9940970485243	-1.87013790585954
13.0009504752376	-1.87145346499563
13.007803901951	-1.93156282233674
13.0146573286643	-1.93233547586364
13.0215107553777	-1.96277648129765
13.028364182091	-1.96354913482456
13.0352176088044	-1.96432178835146
13.0420710355178	-1.96509444187837
13.0489244622311	-1.96586709540527
13.0557778889445	-1.96663974893218
13.0626313156578	-1.96741240245908
13.0694847423712	-1.96818505598599
13.0763381690845	-1.96895770951289
13.0831915957979	-1.9697303630398
13.0900450225113	-1.9705030165667
13.0968984492246	-1.97127567009361
13.103751875938	-2.00158310115685
13.1106053026513	-2.00211175883315
13.1174587293647	-2.00264041650945
13.124312156078	-2.00316907418576
13.1311655827914	-2.00369773186206
13.1380190095048	-2.00422638953837
13.1448724362181	-2.00475504721467
13.1517258629315	-2.00528370489097
13.1585792896448	-1.97614401066017
13.1654327163582	-1.97667266833648
13.1722861430715	-1.97720132601278
13.1791395697849	-1.97772998368908
13.1859929964982	-2.03759534517959
13.1928464232116	-2.067792354763
13.199699849925	-2.0683210124393
13.2065532766383	-2.09964568654392
13.2134067033517	-2.10135365749813
13.220260130065	-2.10306162845234
13.2271135567784	-2.10476959940655
13.2339669834917	-2.10647757036076
13.2408204102051	-2.10818554131497
13.2476738369185	-2.10989351226919
13.2545272636318	-2.11160148322339
13.2613806903452	-2.11330945417761
13.2682341170585	-2.14468577703892
13.2750875437719	-2.17606209990023
13.2819409704852	-2.17777007085444
13.2887943971986	-2.17947804180866
13.295647823912	-2.21085436466997
13.3025012506253	-2.21213935011675
13.3093546773387	-2.2126883407806
13.316208104052	-2.21323733144446
13.3230615307654	-2.21378632210831
13.3299149574787	-2.21433531277217
13.3367683841921	-2.21488430343602
13.3436218109055	-2.21543329409987
13.3504752376188	-2.21598228476373
13.3573286643322	-2.21653127542758
13.3641820910455	-2.21708026609143
13.3710355177589	-2.24729760866239
13.3778889444722	-2.24784659932624
13.3847423711856	-2.2483955899901
13.3915957978989	-2.24894458065395
13.3984492246123	-2.2791619232249
13.4053026513257	-2.2794749325004
13.412156078039	-2.279718928351
13.4190095047524	-2.27996292420161
13.4258629314657	-2.28020692005221
13.4327163581791	-2.28045091590281
13.4395697848924	-2.28069491175341
13.4464232116058	-2.28093890760401
13.4532766383192	-2.25151455154751
13.4601300650325	-2.25175854739811
13.4669834917459	-2.25200254324872
13.4738369184592	-2.28191489100642
13.4806903451726	-2.31182723876412
13.4875437718859	-2.31207123461472
13.4943971985993	-2.34198358237243
13.5012506253127	-2.37212968527897
13.508104052026	-2.37365465934523
13.5149574787394	-2.34551128150439
13.5218109054527	-2.34703625557065
13.5286643321661	-2.37822958154401
13.5355177588794	-2.40942290751737
13.5423711855928	-2.44061623349074
13.5492246123062	-2.4718095594641
13.5560780390195	-2.50300288543746
13.5629314657329	-2.50452785950372
13.5697848924462	-2.50605283356998
13.5766383191596	-2.53724615954334
13.5834917458729	-2.5387711336096
13.5903451725863	-2.56996445958296
13.5971985992996	-2.57148943364922
13.604052026013	-2.6006150283631
13.6109054527264	-2.62831108047784
13.6177588794397	-2.68567548449968
13.6246123061531	-2.71337153661442
13.6314657328664	-2.74106758872916
13.6383191595798	-2.73909528893679
13.6451725862931	-2.79645969295863
13.6520260130065	-2.79448739316627
13.6588794397199	-2.7925150933739
13.6657328664332	-2.79054279358154
13.6725862931466	-2.78857049378917
13.6794397198599	-2.78659819399681
13.6862931465733	-2.78462589420445
13.6931465732866	-2.78265359441209
13.7	-2.78068129461972
13.67	0
14.0369696969697	0
14.4039393939394	0
14.7709090909091	0
15.1378787878788	0
15.5048484848485	0
15.8718181818182	0
16.2387878787879	0
16.6057575757576	0
16.9727272727273	0
17.339696969697	0
17.7066666666667	0
18.0736363636364	0
18.4406060606061	0
18.8075757575758	0
19.1745454545455	0
19.5415151515151	0
19.9084848484848	0
20.2754545454545	0
20.6424242424242	0
21.0093939393939	0
21.3763636363636	0
21.7433333333333	0
22.110303030303	0
22.4772727272727	0
22.8442424242424	0
23.2112121212121	0
23.5781818181818	0
23.9451515151515	0
24.3121212121212	0
24.6790909090909	0
25.0460606060606	0
25.4130303030303	0
25.78	0
26.1469696969697	0
26.5139393939394	0
26.8809090909091	0
27.2478787878788	0
27.6148484848485	0
27.9818181818182	0
28.3487878787879	0
28.7157575757576	0
29.0827272727273	0
29.449696969697	0
29.8166666666667	0
30.1836363636364	0
30.5506060606061	0
30.9175757575758	0
31.2845454545455	0
31.6515151515151	0
32.0184848484848	0
32.3854545454545	0
32.7524242424242	0
33.1193939393939	0
33.4863636363636	0
33.8533333333333	0
34.220303030303	0
34.5872727272727	0
34.9542424242424	0
35.3212121212121	0
35.6881818181818	0
36.0551515151515	0
36.4221212121212	0
36.7890909090909	0
37.1560606060606	0
37.5230303030303	0
37.89	0
38.2569696969697	0
38.6239393939394	0
38.9909090909091	0
39.3578787878788	0
39.7248484848485	0
40.0918181818182	0
40.4587878787879	0
40.8257575757576	0
41.1927272727273	0
41.559696969697	0
41.9266666666667	0
42.2936363636364	0
42.6606060606061	0
43.0275757575758	0
43.3945454545455	0
43.7615151515151	0
44.1284848484848	0
44.4954545454545	0
44.8624242424242	0
45.2293939393939	0
45.5963636363636	0
45.9633333333333	0
46.330303030303	0
46.6972727272727	0
47.0642424242424	0
47.4312121212121	0
47.7981818181818	0
48.1651515151515	0
48.5321212121212	0
48.8990909090909	0
49.2660606060606	0
49.6330303030303	0
50	0
