time	DD
0	1.15030320527561
0.00685342671335754	1.14927675669339
0.0137068534267133	1.14825030811114
0.0205602801400708	1.14722385952892
0.0274137068534266	1.14619741094667
0.0342671335667841	1.14517096236445
0.0411205602801399	1.14414451378221
0.0479739869934974	1.14311806519998
0.0548274137068532	1.14209161661774
0.0616808404202107	1.14106516803552
0.0685342671335682	1.14003871945327
0.075387693846924	1.16781449877508
0.0822411205602815	1.16678805019286
0.0890945472736373	1.16576160161061
0.0959479739869948	1.16473515302839
0.102801400700351	1.163870077609
0.109654827413708	1.163238416943
0.116508254127064	1.162606756277
0.123361680840421	1.16197509561104
0.130215107553777	1.16134343494504
0.137068534267135	1.16071177427904
0.14392196098049	1.16008011361305
0.150775387693848	1.15944845294708
0.157628814407204	1.15881679228108
0.164482241120561	1.15818513161508
0.171335667833917	1.15755347094909
0.178189094547275	1.15692181028312
0.18504252126063	1.15629014961712
0.191895947973988	1.15565848895113
0.198749374687344	1.15502682828513
0.205602801400701	1.15449199151686
0.212456228114057	1.15397876722573
0.219309654827414	1.15346554293463
0.22616308154077	1.15295231864351
0.233016508254128	1.15243909435239
0.239869934967484	1.15192587006129
0.246723361680841	1.15141264577017
0.253576788394197	1.15089942147904
0.260430215107554	1.15038619718792
0.267283641820912	1.14987297289682
0.274137068534268	1.1493597486057
0.280990495247625	1.14884652431457
0.287843921960981	1.14833330002345
0.294697348674338	1.14782007573235
0.301550775387694	1.14722198644755
0.308404202101052	1.146333713636
0.315257628814408	1.14544544082446
0.322111055527765	1.14455716801291
0.328964482241121	1.14366889520137
0.335817908954478	1.14278062238982
0.342671335667834	1.14189234957828
0.349524762381192	1.14100407676673
0.356378189094547	1.14011580395519
0.363231615807905	1.13922753114362
0.370085042521261	1.13833925833207
0.376938469234618	1.13745098552053
0.383791895947974	1.13656271270898
0.390645322661332	1.13567443989744
0.397498749374687	1.13478616708589
0.404352176088045	1.13389789427435
0.411205602801401	1.1330096214628
0.418059029514758	1.13212134865126
0.424912456228114	1.13123307583968
0.431765882941471	1.13034480302814
0.438619309654827	1.12945653021659
0.445472736368185	1.12856825740505
0.45232616308154	1.12767998459351
0.459179589794898	1.12679171178196
0.466033016508254	1.12590343897042
0.472886443221611	1.12501516615887
0.479739869934969	1.12412689334733
0.486593296648325	1.12323862053578
0.493446723361682	1.12235034772421
0.500300150075038	1.12149060338254
0.507153576788395	1.12125373063279
0.514007003501751	1.12101685788305
0.520860430215109	1.1207799851333
0.527713856928465	1.12054311238355
0.534567283641822	1.12030623963381
0.541420710355178	1.12006936688406
0.548274137068535	1.11983249413432
0.555127563781891	1.11959562138457
0.561980990495249	1.11935874863483
0.568834417208604	1.11912187588508
0.575687843921962	1.11888500313534
0.582541270635318	1.11864813038559
0.589394697348675	1.11841125763585
0.596248124062031	1.1181743848861
0.603101550775389	1.11791964582187
0.609954977488744	1.11764329428052
0.616808404202102	1.11736694273914
0.623661830915458	1.11709059119776
0.630515257628815	1.11681423965641
0.637368684342171	1.11653788811504
0.644222111055528	1.11626153657366
0.651075537768884	1.11598518503231
0.657928964482242	1.11570883349093
0.664782391195597	1.11543248194955
0.671635817908955	1.11515613040817
0.678489244622313	1.11487977886682
0.685342671335668	1.14340565522947
0.692196098049026	1.1431293036881
0.699049524762382	1.14285295214674
0.705902951475739	1.14176051346754
0.712756378189095	1.14053667092721
0.719609804902452	1.13931282838685
0.726463231615808	1.13808898584649
0.733316658329166	1.13686514330613
0.740170085042521	1.13564130076577
0.747023511755879	1.13441745822544
0.753876938469235	1.13319361568508
0.760730365182592	1.13196977314472
0.767583791895948	1.13074593060436
0.774437218609306	1.129522088064
0.781290645322661	1.12829824552364
0.788144072036019	1.12707440298331
0.794997498749375	1.12585056044295
0.801850925462732	1.12475999484512
0.808704352176088	1.12402963720005
0.815557778889445	1.12329927955502
0.822411205602801	1.12256892190998
0.829264632316159	1.12183856426491
0.836118059029515	1.12110820661987
0.842971485742872	1.14918007687884
0.849824912456228	1.1484497192338
0.856678339169585	1.14771936158876
0.863531765882941	1.1469890039437
0.870385192596299	1.14625864629866
0.877238619309656	1.14552828865359
0.884092046023012	1.14479793100855
0.890945472736369	1.14406757336349
0.897798899449725	1.14333721571845
0.904652326163083	1.14219146626226
0.911505752876439	1.14084918734702
0.918359179589796	1.13950690843179
0.925212606303152	1.13816462951659
0.932066033016509	1.13682235060135
0.938919459729865	1.13548007168612
0.945772886443223	1.13413779277089
0.952626313156578	1.13279551385565
0.959479739869936	1.13145323494042
0.966333166583292	1.13011095602522
0.973186593296649	1.12876867710999
0.980040020010005	1.12742639819475
0.986893446723363	1.12608411927952
0.993746873436718	1.12474184036429
1.00060030015008	1.12344278640341
1.00745372686343	1.12259399238347
1.01430715357679	1.12174519836356
1.02116058029014	1.12089640434362
1.0280140070035	1.12004761032371
1.03486743371686	1.1191988163038
1.04172086043022	1.11835002228386
1.04857428714357	1.11750122826395
1.05542771385693	1.11665243424401
1.06228114057028	1.1158036402241
1.06913456728364	1.11495484620416
1.075987993997	1.11410605218425
1.08284142071036	1.11325725816431
1.08969484742371	1.1124084641444
1.09654827413707	1.11155967012449
1.10340170085043	1.11095581751244
1.11025512756378	1.11060050838782
1.11710855427714	1.1102451992632
1.1239619809905	1.10988989013858
1.13081540770385	1.10953458101396
1.13766883441721	1.10917927188935
1.14452226113057	1.10882396276473
1.15137568784392	1.10846865364011
1.15822911455728	1.10811334451549
1.16508254127064	1.10775803539088
1.17193596798399	1.10740272626626
1.17878939469735	1.10704741714164
1.18564282141071	1.10669210801702
1.19249624812406	1.1063367988924
1.19934967483742	1.10598148976779
1.20620310155078	1.10534031961182
1.21305652826413	1.10466918015422
1.21990995497749	1.10399804069662
1.22676338169085	1.10332690123899
1.2336168084042	1.10265576178139
1.24047023511756	1.10198462232375
1.24732366183092	1.10131348286615
1.25417708854427	1.10064234340852
1.26103051525763	1.09997120395092
1.26788394197099	1.09930006449332
1.27473736868434	1.09862892503569
1.2815907953977	1.09795778557808
1.28844422211106	1.09728664612046
1.29529764882441	1.09661550666285
1.30215107553777	1.09603730085705
1.30900450225113	1.09566225233663
1.31585792896448	1.09528720381618
1.32271135567784	1.09491215529576
1.3295647823912	1.09453710677534
1.33641820910455	1.09416205825489
1.34327163581791	1.09378700973447
1.35012506253127	1.12221418911808
1.35697848924462	1.12183914059763
1.36383191595798	1.12146409207721
1.37068534267134	1.12108904355677
1.37753876938469	1.12071399503634
1.38439219609805	1.12033894651592
1.39124562281141	1.11996389799548
1.39809904952476	1.11958884947506
1.40495247623812	1.11877160967178
1.41180590295148	1.1177846398812
1.41865932966483	1.11679767009058
1.42551275637819	1.11581070029997
1.43236618309155	1.11482373050935
1.4392196098049	1.11383676071874
1.44607303651826	1.11284979092815
1.45292646323162	1.11186282113754
1.45977988994497	1.11087585134692
1.46663331665833	1.10988888155631
1.47348674337169	1.10890191176572
1.48034017008504	1.10791494197511
1.4871935967984	1.10692797218449
1.49404702351176	1.10594100239388
1.50090045022511	1.07612327622938
1.50775387693847	1.07491917308483
1.51460730365183	1.0737150699403
1.52146073036518	1.07251096679574
1.52831415707854	1.07130686365121
1.5351675837919	1.07010276050666
1.54202101050525	1.06889865736213
1.54887443721861	1.06769455421757
1.55572786393197	1.06649045107304
1.56258129064532	1.06528634792851
1.56943471735868	1.06408224478395
1.57628814407204	1.06287814163943
1.58314157078539	1.06167403849487
1.58999499749875	1.06046993535034
1.59684842421211	1.05926583220578
1.60370185092546	1.05824298570308
1.61055527763882	1.05737445228734
1.61740870435218	1.0565059188716
1.62426213106553	1.05563738545588
1.63111555777889	1.05476885204014
1.63796898449225	1.0539003186244
1.6448224112056	1.05303178520866
1.65167583791896	1.05216325179294
1.65852926463232	1.0512947183772
1.66538269134567	1.05042618496146
1.67223611805903	1.04955765154572
1.67908954477239	1.04868911812998
1.68594297148574	1.04782058471426
1.6927963981991	1.04695205129852
1.69964982491246	1.04608351788278
1.70650325162581	1.04575817805983
1.71335667833917	1.04546208712265
1.72021010505253	1.04516599618546
1.72706353176588	1.04486990524828
1.73391695847924	1.0445738143111
1.7407703851926	1.04427772337392
1.74762381190595	1.04398163243674
1.75447723861931	1.04368554149956
1.76133066533267	1.04338945056238
1.76818409204602	1.0430933596252
1.77503751875938	1.04279726868801
1.78189094547274	1.04250117775083
1.78874437218609	1.04220508681365
1.79559779889945	1.04190899587647
1.80245122561281	1.04132344182842
1.80930465232616	1.04021803566296
1.81615807903952	1.03911262949748
1.82301150575288	1.03800722333199
1.82986493246623	1.0369018171665
1.83671835917959	1.03579641100101
1.84357178589295	1.03469100483556
1.8504252126063	1.03358559867007
1.85727863931966	1.03248019250458
1.86413206603302	1.03137478633909
1.87098549274637	1.03026938017361
1.87783891945973	1.02916397400815
1.88469234617309	1.02805856784266
1.89154577288644	1.02695316167717
1.8983991995998	1.02584775551168
1.90525262631316	1.0246515769421
1.91210605302651	1.02342773440176
1.91895947973987	1.0222038918614
1.92581290645323	1.02098004932104
1.93266633316658	1.01975620678068
1.93951975987994	1.01853236424033
1.9463731865933	1.01730852169999
1.95322661330665	1.04488690706367
1.96008004002001	1.07246529242734
1.96693346673337	1.07124144988698
1.97378689344672	1.07001760734662
1.98064032016008	1.06879376480629
1.98749374687344	1.06756992226593
1.99434717358679	1.06634607972557
2.00120060030015	1.06520522909752
2.00805402701351	1.06445513205668
2.01490745372686	1.06370503501581
2.02176088044022	1.06295493797494
2.02861430715358	1.06220484093407
2.03546773386693	1.06145474389323
2.04232116058029	1.06070464685236
2.04917458729365	1.05995454981149
2.056028014007	1.05920445277062
2.06288144072036	1.05845435572978
2.06973486743372	1.05770425868891
2.07658829414707	1.05695416164804
2.08344172086043	1.05620406460717
2.09029514757379	1.05545396756633
2.09714857428714	1.05470387052546
2.1040020010005	1.05365408046789
2.11085542771386	1.0523907591359
2.11770885442721	1.05112743780393
2.12456228114057	1.04986411647194
2.13141570785393	1.04860079513997
2.13826913456728	1.04733747380798
2.14512256128064	1.04607415247602
2.151975987994	1.04481083114402
2.15882941470735	1.04354750981206
2.16568284142071	1.04228418848006
2.17253626813407	1.0410208671481
2.17938969484742	1.0397575458161
2.18624312156078	1.03849422448414
2.19309654827414	1.03723090315217
2.19994997498749	1.03596758182018
2.20680340170085	1.03507657142819
2.21365682841421	1.03418829861664
2.22051025512756	1.0333000258051
2.22736368184092	1.03241175299356
2.23421710855428	1.03152348018201
2.24107053526763	1.03063520737046
2.24792396198099	1.02974693455892
2.25477738869435	1.02885866174735
2.2616308154077	1.0279703889358
2.26848424212106	1.02708211612426
2.27533766883442	1.02619384331271
2.28219109554778	1.02530557050117
2.28904452226113	1.02441729768962
2.29589794897449	1.02352902487808
2.30275137568784	1.02252980801708
2.3096048024012	1.02136518366415
2.31645822911456	1.02020055931123
2.32331165582791	1.01903593495831
2.33016508254127	1.01787131060541
2.33701850925463	1.01670668625249
2.34387193596798	1.01554206189957
2.35072536268134	1.01437743754664
2.3575787893947	1.01321281319372
2.36443221610805	1.01204818884079
2.37128564282141	1.0108835644879
2.37813906953477	1.00971894013498
2.38499249624812	1.00855431578205
2.39184592296148	1.00738969142913
2.39869934967484	1.00622506707621
2.40555277638819	1.00538030738536
2.41240620310155	1.00461047094869
2.41925962981491	1.00384063451202
2.42611305652826	1.00307079807535
2.43296648324162	1.00230096163868
2.43981990995498	1.00153112520201
2.44667333666833	1.00076128876533
2.45352676338169	0.999991452328632
2.46038019009505	0.99922161589196
2.4672336168084	0.998451779455289
2.47408704352176	0.997681943018616
2.48094047023512	0.996912106581944
2.48779389694847	0.996142270145273
2.49464732366183	0.9953724337086
2.50150075037519	0.994520469858692
2.50835417708855	0.99337558490157
2.5152076038019	0.992230699944478
2.52206103051526	0.991085814987385
2.52891445722861	0.989940930030263
2.53576788394197	0.988796045073171
2.54262131065533	0.987651160116051
2.54947473736869	0.986506275158958
2.55632816408204	0.985361390201838
2.5631815907954	0.984216505244746
2.57003501750875	1.01187384819166
2.57688844422211	1.01072896323457
2.58374187093547	1.00958407827744
2.59059529764883	1.00843919332035
2.59744872436218	1.00729430836323
2.60430215107554	1.00605029417752
2.61115557778889	1.00474749405392
2.61800900450225	1.00344469393032
2.62486243121561	1.00214189380672
2.63171585792897	1.00083909368312
2.63856928464232	0.999536293559524
2.64542271135568	0.998233493435926
2.65227613806903	0.996930693312299
2.65912956478239	0.9956278931887
2.66598299149575	0.994325093065102
2.6728364182091	0.993022292941503
2.67968984492246	0.991719492817902
2.68654327163582	0.990416692694304
2.69339669834918	0.989113892570677
2.70025012506253	0.987808210783456
2.70710355177589	0.986426453076619
2.71395697848924	0.985044695369752
2.7208104052026	0.983662937662913
2.72766383191596	0.982281179956048
2.73451725862932	0.980899422249209
2.74137068534267	0.950715436638309
2.74822411205603	0.949333678931471
2.75507753876938	0.947951921224606
2.76193096548274	0.946570163517767
2.7687843921961	0.945188405810902
2.77563781890946	0.943806648104063
2.78249124562281	0.942424890397198
2.78934467233617	0.941043132690359
2.79619809904952	0.939661374983494
2.80305152576288	0.938253250054509
2.80990495247624	0.936812274160206
2.8167583791896	0.935371298265932
2.82361180590295	0.933930322371628
2.83046523261631	0.932489346477355
2.83731865932966	0.931048370583051
2.84417208604302	0.929607394688778
2.85102551275638	0.928166418794476
2.85787893946974	0.926725442900202
2.86473236618309	0.925284467005899
2.87158579289645	0.923843491111625
2.87843921960981	0.922402515217324
2.88529264632316	0.92096153932305
2.89214607303652	0.919520563428747
2.89899949974988	0.918079587534473
2.90585292646323	0.917093770409307
2.91270635317659	0.916185758201959
2.91955977988995	0.915277745994582
2.9264132066033	0.914369733787236
2.93326663331666	0.913461721579861
2.94012006003002	0.912553709372513
2.94697348674337	0.911645697165136
2.95382691345673	0.91073768495779
2.96068034017009	0.909829672750442
2.96753376688344	0.908921660543067
2.9743871935968	0.908013648335719
2.98124062031015	0.907105636128344
2.98809404702351	0.906197623920998
2.99494747373687	0.905289611713621
3.00180090045023	0.90432972956108
3.00865432716358	0.903224323395593
3.01550775387694	0.902118917230105
3.02236118059029	0.901013511064618
3.02921460730365	0.899908104899161
3.03606803401701	0.898802698733672
3.04292146073037	0.897697292568185
3.04977488744372	0.896591886402698
3.05662831415708	0.895486480237211
3.06348174087043	0.894381074071751
3.07033516758379	0.893275667906264
3.07718859429715	0.892170261740777
3.08404202101051	0.89106485557529
3.09089544772386	0.889959449409801
3.09774887443722	0.888854043244344
3.10460230115058	0.887655847510204
3.11145572786393	0.886412265574042
3.11830915457729	0.88516868363788
3.12516258129065	0.883925101701716
3.132016008004	0.882681519765554
3.13886943471736	0.881437937829392
3.14572286143072	0.8801943558932
3.15257628814407	0.878950773957038
3.15942971485743	0.877707192020876
3.16628314157079	0.876463610084714
3.17313656828414	0.87522002814855
3.1799899949975	0.873976446212388
3.18684342171086	0.872732864276225
3.19369684842421	0.871489282340034
3.20055027513757	0.870259964638808
3.20740370185093	0.869194037264952
3.21425712856428	0.8681281098911
3.22111055527764	0.867062182517246
3.227963981991	0.865996255143392
3.23481740870435	0.86493032776954
3.24167083541771	0.863864400395658
3.24852426213107	0.862798473021802
3.25537768884442	0.86173254564795
3.26223111555778	0.860666618274096
3.26908454227114	0.859600690900242
3.27593796898449	0.85853476352639
3.28279139569785	0.857468836152536
3.28964482241121	0.856402908778652
3.29649824912456	0.8553369814048
3.30335167583792	0.854927497004091
3.31020510255128	0.85520384854547
3.31705852926463	0.85548020008682
3.32391195597799	0.8557565516282
3.33076538269135	0.856032903169579
3.3376188094047	0.856309254710957
3.34447223611806	0.856585606252308
3.35132566283142	0.856861957793687
3.35817908954477	0.857138309335065
3.36503251625813	0.857414660876415
3.37188594297149	0.857691012417795
3.37873936968484	0.857967363959174
3.3855927963982	0.858243715500524
3.39244622311156	0.858520067041904
3.39929964982491	0.858796418583283
3.40615307653827	0.857903102860392
3.41300650325163	0.856876654278172
3.41985992996498	0.855850205695924
3.42671335667834	0.854823757113704
3.4335667833917	0.853797308531455
3.44042021010505	0.852770859949236
3.44727363681841	0.851744411366987
3.45412706353177	0.850717962784768
3.46098049024512	0.849691514202519
3.46783391695848	0.8486650656203
3.47468734367184	0.847638617038051
3.48154077038519	0.846612168455832
3.48839419709855	0.845585719873611
3.49524762381191	0.844559271291363
3.50210105052526	0.843399689849786
3.50895447723862	0.841938974559679
3.51580790395198	0.840478259269574
3.52266133066533	0.839017543979497
3.52951475737869	0.837556828689392
3.53636818409205	0.836096113399287
3.5432216108054	0.834635398109182
3.55007503751876	0.833174682819076
3.55692846423212	0.831713967528971
3.56378189094547	0.830253252238866
3.57063531765883	0.828792536948791
3.57748874437219	0.827331821658686
3.58434217108554	0.825871106368581
3.5911955977989	0.824410391078475
3.59804902451226	0.82294967578837
3.60490245122561	0.821700762774514
3.61175587793897	0.820536138421591
3.61860930465233	0.819371514068667
3.62546273136568	0.818206889715743
3.63231615807904	0.817042265362849
3.6391695847924	0.815877641009925
3.64602301150575	0.814713016657002
3.65287643821911	0.813548392304078
3.65972986493247	0.812383767951154
3.66658329164582	0.811219143598258
3.67343671835918	0.810054519245335
3.68029014507254	0.808889894892411
3.68714357178589	0.807725270539487
3.69399699849925	0.806560646186564
3.70085042521261	0.805442560701169
3.70770385192596	0.804652984868667
3.71455727863932	0.775061181132156
3.72141070535268	0.774271605299654
3.72826413206603	0.773482029467178
3.73511755877939	0.772692453634676
3.74197098549275	0.771902877802201
3.7488244122061	0.771113301969727
3.75567783891946	0.770323726137223
3.76253126563282	0.769534150304748
3.76938469234617	0.768744574472246
3.77623811905953	0.76795499863977
3.78309154577289	0.767165422807268
3.78994497248624	0.766375846974792
3.7967983991996	0.765586271142319
3.80365182591296	0.76457581579318
3.81050525262631	0.763371712648621
3.81735867933967	0.762167609504092
3.82421210605303	0.760963506359565
3.83106553276638	0.759759403215006
3.83791895947974	0.758555300070477
3.8447723861931	0.75735119692592
3.85162581290645	0.756147093781391
3.85847923961981	0.754942990636833
3.86533266633317	0.753738887492306
3.87218609304652	0.752534784347749
3.87903951975988	0.751330681203218
3.88589294647324	0.750126578058661
3.89274637318659	0.748922474914134
3.89959979989995	0.747718371769575
3.90645322661331	0.747071870535948
3.91330665332666	0.746459949265754
3.92016008004002	0.745848027995587
3.92701350675338	0.745236106725421
3.93386693346673	0.744624185455227
3.94072036018009	0.744012264185063
3.94757378689345	0.743400342914869
3.9544272136068	0.742788421644702
3.96128064032016	0.742176500374507
3.96813406703352	0.741564579104342
3.97498749374687	0.740952657834177
3.98184092046023	0.740340736563983
3.98869434717359	0.739728815293815
3.99554777388694	0.739116894023621
4.0024012006003	0.738366652899579
4.00925462731366	0.737359943713161
4.01610805402701	0.736353234526744
4.02296148074037	0.735346525340327
4.02981490745373	0.734339816153909
4.03666833416708	0.733333106967492
4.04352176088044	0.732326397781075
4.0503751875938	0.731319688594657
4.05722861430715	0.73031297940824
4.06408204102051	0.729306270221795
4.07093546773387	0.728299561035377
4.07778889444722	0.72729285184896
4.08464232116058	0.726286142662544
4.09149574787394	0.725279433476127
4.09834917458729	0.72427272428971
4.10520260130065	0.723101183944093
4.11205602801401	0.721877341403732
4.11890945472736	0.720653498863374
4.12576288144072	0.719429656323041
4.13261630815408	0.718205813782683
4.13946973486743	0.716981971242321
4.14632316158079	0.715758128701962
4.15317658829415	0.714534286161602
4.1600300150075	0.713310443621241
4.16688344172086	0.71208660108091
4.17373686843422	0.71086275854055
4.18059029514757	0.709638916000191
4.18744372186093	0.70841507345983
4.19429714857429	0.707191230919471
4.20115057528764	0.705914365768469
4.208004002001	0.704374692895124
4.21485742871436	0.70283502002178
4.22171085542771	0.701295347148437
4.22856428214107	0.699755674275092
4.23541770885443	0.69821600140172
4.24227113556778	0.696676328528375
4.24912456228114	0.695136655655032
4.2559779889945	0.693596982781688
4.26283141570785	0.692057309908343
4.26968484242121	0.690517637034999
4.27653826913457	0.688977964161626
4.28339169584793	0.687438291288283
4.29024512256128	0.685898618414939
4.29709854927464	0.684358945541594
4.30395197598799	0.682944480952614
4.31080540270135	0.681621941433212
4.31765882941471	0.680299401913782
4.32451225612806	0.67897686239438
4.33136568284142	0.67765432287495
4.33821910955478	0.676331783355549
4.34507253626813	0.675009243836148
4.35192596298149	0.673686704316718
4.35877938969485	0.672364164797316
4.3656328164082	0.671041625277886
4.37248624312156	0.698521313662519
4.37933966983492	0.697198774143089
4.38619309654827	0.695876234623688
4.39304652326163	0.694553695104258
4.39989994997499	0.693231155584857
4.40675337668834	0.691675201312029
4.4136068034017	0.718918016946916
4.42046023011506	0.717358604677741
4.42731365682841	0.715799192408595
4.43416708354177	0.71423978013942
4.44102051025513	0.712680367870245
4.44787393696848	0.711120955601098
4.45472736368184	0.709561543331921
4.4615807903952	0.708002131062774
4.46843421710855	0.706442718793601
4.47528764382191	0.704883306524454
4.48214107053527	0.703323894255278
4.48899449724862	0.701764481986131
4.49584792396198	0.700205069716958
4.50270135067534	0.698700120890277
4.5095547773887	0.697278884391779
4.51640820410205	0.695857647893307
4.52326163081541	0.694436411394835
4.53011505752876	0.693015174896363
4.53696848424212	0.691593938397891
4.54382191095548	0.718974929803455
4.55067533766884	0.717553693304955
4.55752876438219	0.716132456806484
4.56438219109555	0.714711220308011
4.5712356178089	0.713289983809541
4.57808904452226	0.711868747311069
4.58494247123562	0.710447510812599
4.59179589794898	0.709026274314097
4.59864932466233	0.707605037815626
4.60550275137569	0.706389840266131
4.61235617808904	0.705225215913237
4.6192096048024	0.704060591560313
4.62606303151576	0.70289596720739
4.63291645822911	0.701731342854466
4.63976988494247	0.700566718501542
4.64662331165583	0.699402094148648
4.65347673836918	0.698237469795724
4.66033016508254	0.697072845442801
4.6671835917959	0.695908221089877
4.67403701850925	0.694743596736953
4.68089044522261	0.693578972384059
4.68774387193597	0.692414348031135
4.69459729864933	0.691249723678212
4.70145072536268	0.690143597096826
4.70830415207604	0.68925532428528
4.71515757878939	0.688367051473736
4.72201100550275	0.687478778662191
4.72886443221611	0.686590505850646
4.73571785892947	0.685702233039073
4.74257128564282	0.684813960227529
4.74942471235618	0.683925687415984
4.75627813906953	0.68303741460444
4.76313156578289	0.682149141792895
4.76998499249625	0.68126086898135
4.77683841920961	0.680372596169805
4.78369184592296	0.67948432335826
4.79054527263632	0.649793822642681
4.79739869934967	0.648905549831108
4.80425212606303	0.647466158851834
4.81110555277639	0.645689613228745
4.81795897948975	0.643913067605626
4.8248124062031	0.642136521982536
4.83166583291646	0.640359976359448
4.83851925962981	0.638583430736359
4.84537268634317	0.636806885113241
4.85222611305653	0.635030339490152
4.85907953976989	0.633253793867062
4.86593296648324	0.631477248243973
4.8727863931966	0.629700702620883
4.87963981990996	0.627924156997766
4.88649324662331	0.626147611374676
4.89334667333667	0.624371065751587
4.90020010005003	0.622623913097442
4.90705352676338	0.621854076660767
4.91390695347674	0.621084240224096
4.9207603801901	0.620314403787426
4.92761380690345	0.619544567350753
4.93446723361681	0.618774730914051
4.94132066033016	0.61800489447738
4.94817408704352	0.617235058040707
4.95502751375688	0.616465221604035
4.96188094047024	0.615695385167364
4.96873436718359	0.614925548730693
4.97558779389695	0.642957940198054
4.9824412206103	0.642188103761383
4.98929464732366	0.641418267324712
4.99614807403702	0.640648430888037
5.00300150075038	0.639766209570085
5.00985492746373	0.638739760987866
5.01670835417709	0.637713312405617
5.02356178089044	0.636686863823398
5.0304152076038	0.63566041524115
5.03726863431716	0.634633966658929
5.04412206103052	0.633607518076682
5.05097548774387	0.632581069494461
5.05782891445723	0.631554620912212
5.06468234117058	0.630528172329991
5.07153576788394	0.629501723747743
5.0783891945973	0.628475275165524
5.08524262131066	0.627448826583304
5.09209604802401	0.626422378001056
5.09894947473737	0.625395929418837
5.10580290145073	0.623734362174245
5.11265632816408	0.621957816551155
5.11950975487744	0.620181270928066
5.1263631815908	0.618404725304978
5.13321660830415	0.616628179681886
5.14007003501751	0.614851634058769
5.14692346173087	0.61307508843568
5.15377688844422	0.611298542812592
5.16063031515758	0.609521997189502
5.16748374187094	0.607745451566412
5.17433716858429	0.605968905943294
5.18119059529765	0.604192360320206
5.18804402201101	0.602415814697116
5.19489744872436	0.600639269074026
5.20175087543772	0.599170341042606
5.20860430215108	0.598597898564045
5.21545772886443	0.598025456085485
5.22231115557779	0.597453013606924
5.22916458229115	0.596880571128392
5.2360180090045	0.596308128649833
5.24287143571786	0.595735686171272
5.24972486243121	0.595163243692711
5.25657828914457	0.59459080121418
5.26343171585793	0.594018358735619
5.27028514257129	0.593445916257059
5.27713856928464	0.592873473778528
5.283991995998	0.592301031299967
5.29084542271136	0.591728588821406
5.29769884942471	0.591156146342845
5.30455227613807	0.590242803057804
5.31140570285143	0.58915713628812
5.31825912956478	0.588071469518463
5.32511255627814	0.586985802748779
5.3319659829915	0.585900135979123
5.33881940970485	0.584814469209438
5.34567283641821	0.583728802439782
5.35252626313157	0.582643135670097
5.35937968984492	0.581557468900441
5.36623311655828	0.580471802130756
5.37308654327164	0.5793861353611
5.37993996998499	0.578300468591444
5.38679339669835	0.577214801821759
5.39364682341171	0.576129135052103
5.40050025012506	0.575042027450623
5.40735367683842	0.573936621285134
5.41420710355178	0.572831215119647
5.42106053026513	0.57172580895416
5.42791395697849	0.570620402788671
5.43476738369185	0.569514996623214
5.4416208104052	0.568409590457726
5.44847423711856	0.567304184292239
5.45532766383192	0.566198778126752
5.46218109054527	0.565093371961264
5.46903451725863	0.563987965795806
5.47588794397199	0.562882559630319
5.48274137068534	0.56177715346483
5.4895947973987	0.560671747299345
5.49644822411206	0.559566341133856
5.50330165082541	0.558375349558815
5.51015507753877	0.557092288831018
5.51700850425213	0.555809228103221
5.52386193096548	0.554526167375424
5.53071535767884	0.553243106647657
5.5375687843922	0.551960045919862
5.54442221110555	0.550676985192066
5.55127563781891	0.549393924464269
5.55812906453227	0.548110863736473
5.56498249124562	0.546827803008676
5.57183591795898	0.545544742280908
5.57868934467234	0.544261681553113
5.58554277138569	0.542978620825318
5.59239619809905	0.541695560097521
5.59924962481241	0.540412499369724
5.60610305152576	0.539481001603851
5.61295647823912	0.538592728792306
5.61980990495248	0.537704455980762
5.62666333166583	0.536816183169218
5.63351675837919	0.535927910357674
5.64037018509255	0.535039637546128
5.6472236118059	0.534151364734556
5.65407703851926	0.53326309192301
5.66093046523262	0.532374819111466
5.66778389194597	0.53148654629992
5.67463731865933	0.530598273488376
5.68149074537269	0.558512228580867
5.68834417208604	0.557623955769323
5.6951975987994	0.556735682957779
5.70205102551276	0.555823780504504
5.70890445222611	0.554856550109722
5.71575787893947	0.553889319714939
5.72261130565283	0.552922089320126
5.72946473236618	0.551954858925341
5.73631815907954	0.550987628530531
5.7431715857929	0.550020398135747
5.75002501250625	0.549053167740935
5.75687843921961	0.548085937346152
5.76373186593297	0.547118706951338
5.77058529264632	0.546151476556556
5.77743871935968	0.545184246161773
5.78429214607304	0.544217015766959
5.79114557278639	0.543249785372175
5.79799899949975	0.542282554977365
5.80485242621311	0.541077731416908
5.81170585292646	0.539774931293309
5.81855927963982	0.538472131169711
5.82541270635318	0.537169331046112
5.83226613306653	0.535866530922513
5.83911955977989	0.534563730798914
5.84597298649325	0.533260930675316
5.8528264132066	0.531958130551687
5.85967983991996	0.530655330428089
5.86653326663332	0.52935253030449
5.87338669334667	0.528049730180891
5.88024012006003	0.526746930057292
5.88709354677339	0.525444129933694
5.89394697348674	0.524141329810065
5.9008004002001	0.522778591083133
5.90765382691346	0.52096256666841
5.91450725362681	0.519146542253687
5.92136068034017	0.517330517838964
5.92821410705353	0.515514493424269
5.93506753376688	0.513698469009548
5.94192096048024	0.511882444594823
5.9487743871936	0.510066420180101
5.95562781390695	0.508250395765377
5.96248124062031	0.506434371350655
5.96933466733367	0.504618346935931
5.97618809404702	0.502802322521209
5.98304152076038	0.500986298106514
5.98989494747374	0.499170273691792
5.99674837418709	0.497354249277068
6.00360180090045	0.496056924314336
6.01045522761381	0.495227869690229
6.01730865432716	0.494398815066119
6.02416208104052	0.493569760442012
6.03101550775388	0.492740705817904
6.03786893446723	0.491911651193795
6.04472236118059	0.491082596569686
6.05157578789395	0.490253541945551
6.0584292146073	0.489424487321441
6.06528264132066	0.488595432697332
6.07213606803402	0.487766378073225
6.07898949474737	0.486937323449117
6.08584292146073	0.486108268825008
6.09269634817409	0.485279214200899
6.09954977488744	0.484450159576791
6.1064032016008	0.483584219658294
6.11325662831416	0.482715686242581
6.12011005502751	0.481847152826838
6.12696348174087	0.480978619411096
6.13381690845423	0.480110085995354
6.14067033516758	0.479241552579641
6.14752376188094	0.478373019163899
6.1543771885943	0.477504485748156
6.16123061530765	0.476635952332416
6.16808404202101	0.475767418916701
6.17493746873437	0.474898885500959
6.18179089544772	0.474030352085216
6.18864432216108	0.473161818669476
6.19549774887444	0.443491057349699
6.20235117558779	0.442527717200812
6.20920460230115	0.44138283224369
6.21605802901451	0.440237947286597
6.22291145572786	0.439093062329477
6.22976488244122	0.437948177372385
6.23661830915458	0.436803292415264
6.24347173586793	0.435658407458172
6.25032516258129	0.43451352250108
6.25717858929465	0.462170865447993
6.264032016008	0.4610259804909
6.27088544272136	0.459881095533778
6.27773886943472	0.458736210576686
6.28459229614807	0.457591325619566
6.29144572286143	0.456446440662473
6.29829914957479	0.455301555705353
6.30515257628814	0.454097308477619
6.3120060030015	0.45287346593729
6.31885942971486	0.451649623396928
6.32571285642821	0.45042578085657
6.33256628314157	0.449201938316209
6.33941970985493	0.447978095775849
6.34627313656828	0.446754253235518
6.35312656328164	0.445530410695158
6.359979989995	0.444306568154799
6.36683341670835	0.443082725614439
6.37368684342171	0.413056655170044
6.38054027013507	0.411832812629713
6.38739369684842	0.410608970089353
6.39424712356178	0.409385127548992
6.40110055027514	0.408170794498599
6.40795397698849	0.407006170145676
6.41480740370185	0.405841545792752
6.42166083041521	0.404676921439828
6.42851425712856	0.403512297086905
6.43536768384192	0.40234767273401
6.44222111055528	0.401183048381087
6.44907453726863	0.400018424028163
6.45592796398199	0.398853799675239
6.46278139069535	0.397689175322316
6.4696348174087	0.396524550969421
6.47648824412206	0.395359926616498
6.48334167083542	0.394195302263574
6.49019509754877	0.39303067791065
6.49704852426213	0.391866053557726
6.50390195097549	0.390431705489768
6.51075537768884	0.388793335637383
6.5176088044022	0.387154965784968
6.52446223111556	0.385516595932554
6.53131565782891	0.383878226080139
6.53816908454227	0.382239856227725
6.54502251125563	0.380601486375311
6.55187593796898	0.378963116522898
6.55872936468234	0.377324746670511
6.5655827913957	0.375686376818098
6.57243621810905	0.374048006965684
6.57928964482241	0.37240963711327
6.58614307153577	0.370771267260855
6.59299649824912	0.369132897408441
6.59984992496248	0.338692299651993
6.60670335167584	0.338347508599617
6.61355677838919	0.338031678266603
6.62041020510255	0.337715847933618
6.62726363181591	0.337400017600635
6.63411705852926	0.337084187267622
6.64097048524262	0.336768356934639
6.64782391195598	0.336452526601626
6.65467733866933	0.336136696268641
6.66153076538269	0.335820865935657
6.66838419209605	0.335505035602644
6.6752376188094	0.335189205269661
6.68209104552276	0.334873374936677
6.68894447223612	0.334557544603665
6.69579789894947	0.33424171427068
6.70265132566283	0.333284425615385
6.70950475237619	0.331310486034154
6.71635817908954	0.329336546452954
6.7232116058029	0.327362606871725
6.73006503251626	0.325388667290495
6.73691845922961	0.323414727709295
6.74377188594297	0.321440788128064
6.75062531265633	0.319466848546864
6.75747873936968	0.317492908965635
6.76433216608304	0.315518969384433
6.7711855927964	0.313545029803205
6.77803901950975	0.311571090221974
6.78489244622311	0.309597150640774
6.79174587293647	0.307623211059545
6.79859929964983	0.305649271478343
6.80545272636318	0.304256419366541
6.81230615307654	0.303012837430379
6.8191595797899	0.301769255494217
6.82601300650325	0.300525673558025
6.83286643321661	0.299282091621863
6.83971985992997	0.298038509685699
6.84657328664332	0.296794927749539
6.85342671335668	0.295551345813375
6.86028014007004	0.294307763877213
6.86713356678339	0.293064181941051
6.87398699349675	0.291820600004859
6.88084042021011	0.290577018068697
6.88769384692346	0.289333436132533
6.89454727363682	0.288089854196373
6.90140070035017	0.286769620007868
6.90825412706353	0.285150989551257
6.91510755377689	0.283532359094673
6.92196098049024	0.281913728638062
6.9288144072036	0.28029509818145
6.93566783391696	0.278676467724867
6.94252126063031	0.277057837268255
6.94937468734367	0.275439206811673
6.95622811405703	0.273820576355062
6.96308154077038	0.272201945898478
6.96993496748374	0.270583315441867
6.9767883941971	0.268964684985283
6.98364182091046	0.267346054528672
6.99049524762381	0.26572742407209
6.99734867433717	0.264108793615478
7.00420210105053	0.262986385634636
7.01105552776388	0.26217707040633
7.01790895447724	0.261367755178024
7.0247623811906	0.260558439949747
7.03161580790395	0.259749124721441
7.03846923461731	0.258939809493135
7.04532266133067	0.25813049426483
7.05217608804402	0.257321179036553
7.05902951475738	0.256511863808247
7.06588294147074	0.255702548579941
7.07273636818409	0.254893233351636
7.07958979489745	0.25408391812333
7.08644322161081	0.253274602895053
7.09329664832416	0.252465287666747
7.10015007503752	0.251662456181583
7.10700350175088	0.251149231890488
7.11385692846423	0.250636007599363
7.12071035517759	0.250122783308239
7.12756378189095	0.249609559017143
7.1344172086043	0.249096334726019
7.14127063531766	0.248583110434895
7.14812406203102	0.248069886143771
7.15497748874437	0.247556661852675
7.16183091545773	0.247043437561551
7.16868434217109	0.217727985366392
7.17553776888444	0.188412533171233
7.1823911955978	0.187899308880137
7.18924462231116	0.187386084589013
7.19609804902451	0.186872860297888
7.20295147573787	0.186189617853075
7.20980490245123	0.185281605645699
7.21665832916458	0.184373593438352
7.22351175587794	0.183465581230976
7.2303651825913	0.182557569023629
7.23721860930465	0.152847328912247
7.24407203601801	0.151939316704871
7.25092546273137	0.151031304497524
7.25777888944472	0.150123292290148
7.26463231615808	0.1492152800828
7.27148574287144	0.148307267875425
7.27833916958479	0.147399255668078
7.28519259629815	0.175293471364765
7.29204602301151	0.17438545915739
7.29889944972486	0.173477446950042
7.30575287643822	0.172221473860292
7.31260630315158	0.170898934340862
7.31945972986493	0.16957639482146
7.32631315657829	0.16825385530203
7.33316658329165	0.166931315782629
7.340020010005	0.165608776263199
7.34687343671836	0.164286236743798
7.35372686343172	0.162963697224396
7.36058029014507	0.161641157704966
7.36743371685843	0.160318618185565
7.37428714357179	0.158996078666135
7.38114057028514	0.157673539146733
7.3879939969985	0.156350999627303
7.39484742371186	0.126226232203867
7.40170085042521	0.124898793856295
7.40855427713857	0.123556514941062
7.41540770385193	0.122214236025829
7.42226113056528	0.120871957110597
7.42911455727864	0.119529678195364
7.435967983992	0.118187399280132
7.44282141070535	0.116845120364928
7.44967483741871	0.115502841449695
7.45652826413207	0.114160562534463
7.46338169084542	0.11281828361923
7.47023511755878	0.111476004703997
7.47708854427214	0.110133725788765
7.48394197098549	0.108791446873561
7.49079539769885	0.107449167958328
7.49764882441221	0.106106889043096
7.50450225112556	0.104284813134781
7.51135567783892	0.102212176574482
7.51820910455228	0.100139540014211
7.52506253126563	0.0980669034539405
7.53191595797899	0.0959942668936692
7.53876938469235	0.09392163033337
7.5456228114057	0.0918489937730987
7.55247623811906	0.0897763572128282
7.55932966483242	0.0877037206525577
7.56618309154577	0.0856310840922577
7.57303651825913	0.0835584475319872
7.57988994497249	0.0814858109717167
7.58674337168584	0.0794131744114454
7.5935967983992	0.0773405378511462
7.60045022511256	0.0752847590230558
7.60730365182591	0.0734687346083614
7.61415707853927	0.0716527101936383
7.62101050525263	0.0698366857789152
7.62786393196598	0.0680206613641921
7.63471735867934	0.0662046369494691
7.6415707853927	0.064388612534746
7.64842421210605	0.0625725881200229
7.65527763881941	0.0607565637053007
7.66213106553277	0.0589405392906062
7.66898449224612	0.0571245148758832
7.67583791895948	0.0553084904611601
7.68269134567284	0.053492466046437
7.68954477238619	0.0516764416317139
7.69639819909955	0.0498604172169909
7.70325162581291	0.04805375820906
7.71010505252626	0.0462574731901396
7.71695847923962	0.0444611881712192
7.72381190595298	0.0426649031523274
7.73066533266633	0.040868618133407
7.73751875937969	0.0390723331145152
7.74437218609305	0.0372760480955948
7.7512256128064	0.035479763076703
7.75807903951976	0.0336834780577826
7.76493246623312	0.0318871930388908
7.77178589294647	0.0300909080199704
7.77863931965983	0.0282946230010786
7.78549274637319	0.0264983379821574
7.79234617308654	0.024702052963237
7.7991995997999	0.0229057679443452
7.80605302651326	0.0221555268203018
7.81290645322661	0.0215436055501364
7.81975987993997	0.0209316842799423
7.82661330665333	0.0203197630097769
7.83346673336668	0.019707841739582
7.84032016008004	0.0190959204694166
7.8471735867934	0.0184839991992225
7.85402701350675	0.0178720779290563
7.86088044022011	0.0172601566588909
7.86773386693347	0.0166482353886968
7.87458729364682	0.0160363141185314
7.88144072036018	0.0154243928483365
7.88829414707354	0.0148124715781711
7.89514757378689	0.0142005503080057
7.90200100050025	0.0133926759114965
7.90885442721361	0.0121096151837291
7.91570785392696	0.0108265544559322
7.92256128064032	0.00954349372813608
7.92941470735368	0.00826043300033999
7.93626813406703	0.0069773722725439
7.94312156078039	0.00569431154474698
7.94997498749375	0.00441125081697954
7.9568284142071	0.00312819008918345
7.96368184092046	0.00184512936138736
7.97053526763382	0.000562068633591265
7.97738869434717	-0.000720992094204827
7.98424212106053	-0.00200405282197227
7.99109554777389	-0.032089341453804
7.99794897448724	-0.0333724021816001
8.0048024012006	-0.0343649912162849
8.01165582791396	-0.0352335246319978
8.01850925462731	-0.0361020580477401
8.02536268134067	-0.0369705914634824
8.03221610805403	-0.0378391248792247
8.03906953476738	-0.0675098861989724
8.04592296148074	-0.0683784196147147
8.0527763881941	-0.069246953030457
8.05962981490745	-0.0701154864461994
8.06648324162081	-0.0709840198619409
8.07333666833417	-0.0718525532776545
8.08019009504752	-0.0727210866933968
8.08704352176088	-0.0735896201091383
8.09389694847424	-0.0744581535248807
8.10075037518759	-0.104016529963376
8.10760380190095	-0.103858614796869
8.11445722861431	-0.103700699630393
8.12131065532766	-0.103542784463886
8.12816408204102	-0.10338486929738
8.13501750875438	-0.103226954130901
8.14187093546773	-0.103069038964395
8.14872436218109	-0.102911123797889
8.15557778889445	-0.102753208631382
8.1624312156078	-0.102595293464906
8.16928464232116	-0.102437378298399
8.17613806903452	-0.102279463131892
8.18299149574787	-0.102121547965414
8.18984492246123	-0.101963632798908
8.19669834917459	-0.101805717632402
8.20355177588795	-0.102302516440867
8.2104052026013	-0.103407922606354
8.21725862931466	-0.104513328771841
8.22411205602801	-0.105618734937329
8.23096548274137	-0.106724141102816
8.23781890945473	-0.107829547268275
8.24467233616808	-0.108934953433762
8.25152576288144	-0.11004035959925
8.2583791895948	-0.139947993668772
8.26523261630815	-0.14105339983426
8.27208604302151	-0.142158805999717
8.27893946973487	-0.143264212165205
8.28579289644822	-0.144369618330693
8.29264632316158	-0.14547502449618
8.29949974987494	-0.146580430661667
8.30635317658829	-0.148125002363154
8.31320660330165	-0.149704154028131
8.32006003001501	-0.15128330569311
8.32691345672836	-0.152862457358087
8.33376688344172	-0.154441609023065
8.34062031015508	-0.156020760688043
8.34747373686843	-0.157599912352992
8.35432716358179	-0.15917906401797
8.36118059029515	-0.160758215682948
8.3680340170085	-0.162337367347925
8.37488744372186	-0.163916519012903
8.38174087043522	-0.165495670677882
8.38859429714858	-0.167074822342859
8.39544772386193	-0.168653974007808
8.40230115057529	-0.170027663056533
8.40915457728864	-0.170994893451317
8.416008004002	-0.171962123846129
8.42286143071536	-0.172929354240912
8.42971485742871	-0.173896584635725
8.43656828414207	-0.174863815030508
8.44342171085543	-0.17583104542532
8.45027513756878	-0.176798275820104
8.45712856428214	-0.177765506214886
8.4639819909955	-0.178732736609699
8.47083541770886	-0.179699967004483
8.47768884442221	-0.180667197399295
8.48454227113557	-0.181634427794078
8.49139569784892	-0.182601658188891
8.49824912456228	-0.212371116487709
8.50510255127564	-0.213500008211721
8.51195597798899	-0.214684371960448
8.51880940470235	-0.215868735709174
8.52566283141571	-0.217053099457899
8.53251625812906	-0.218237463206627
8.53936968484242	-0.219421826955382
8.54622311155578	-0.220606190704107
8.55307653826913	-0.221790554452834
8.55992996498249	-0.22297491820156
8.56678339169585	-0.224159281950285
8.5736368184092	-0.225343645699012
8.58049024512256	-0.226528009447738
8.58734367183592	-0.227712373196493
8.59419709854927	-0.228896736945219
8.60105052526263	-0.230187001832056
8.60790395197599	-0.232062244434215
8.61475737868934	-0.233937487036374
8.6216108054027	-0.235812729638534
8.62846423211606	-0.237687972240693
8.63531765882941	-0.239563214842824
8.64217108554277	-0.241438457444983
8.64902451225613	-0.243313700047142
8.65587793896949	-0.245188942649302
8.66273136568284	-0.247064185251462
8.6695847923962	-0.248939427853621
8.67643821910955	-0.250814670455779
8.68329164582291	-0.252689913057939
8.69014507253627	-0.254565155660099
8.69699849924962	-0.256440398262229
8.70385192596298	-0.258082658360539
8.71070535267634	-0.259543373650645
8.71755877938969	-0.26100408894075
8.72441220610305	-0.262464804230855
8.73126563281641	-0.263925519520932
8.73811905952977	-0.265386234811037
8.74497248624312	-0.266846950101142
8.75182591295648	-0.268307665391247
8.75867933966983	-0.269768380681352
8.76553276638319	-0.271229095971457
8.77238619309655	-0.272689811261535
8.7792396198099	-0.27415052655164
8.78609304652326	-0.275611241841745
8.79294647323662	-0.27707195713185
8.79979989994997	-0.278532672421955
8.80665332666333	-0.280223344469113
8.81350675337669	-0.281920932508963
8.82036018009005	-0.283618520548785
8.8272136068034	-0.285316108588635
8.83406703351676	-0.287013696628487
8.84092046023012	-0.288711284668336
8.84777388694347	-0.290408872708187
8.85462731365683	-0.292106460748038
8.86148074037018	-0.293804048787888
8.86833416708354	-0.29550163682771
8.8751875937969	-0.29719922486756
8.88204102051025	-0.29889681290741
8.88889444722361	-0.300594400947261
8.89574787393697	-0.302291988987111
8.90260130065032	-0.303914653772765
8.90945472736368	-0.305414847854503
8.91630815407704	-0.306915041936214
8.9231615807904	-0.308415236017953
8.93001500750375	-0.309915430099663
8.93686843421711	-0.311415624181402
8.94372186093046	-0.312915818263141
8.95057528764382	-0.314416012344851
8.95742871435718	-0.315916206426591
8.96428214107053	-0.317416400508301
8.97113556778389	-0.318916594590039
8.97798899449725	-0.32041678867175
8.9848424212106	-0.321916982753489
8.99169584792396	-0.323417176835199
8.99854927463732	-0.324917370916938
9.00540270135068	-0.325966296475408
9.01225612806403	-0.326894048078586
9.01910955477739	-0.327821799681764
9.02596298149075	-0.328749551284943
9.0328164082041	-0.358479530792128
9.03966983491746	-0.359407282395307
9.04652326163082	-0.360335033998485
9.05337668834417	-0.361262785601663
9.06023011505753	-0.362190537204812
9.06708354177088	-0.363118288807991
9.07393696848424	-0.36404604041117
9.0807903951976	-0.364973792014348
9.08764382191096	-0.365901543617498
9.09449724862431	-0.366829295220676
9.10135067533767	-0.367714254119077
9.10820410205103	-0.368424872368313
9.11505752876438	-0.369135490617549
9.12191095547774	-0.369846108866784
9.1287643821911	-0.37055672711602
9.13561780890445	-0.371267345365255
9.14247123561781	-0.371977963614491
9.14932466233116	-0.372688581863727
9.15617808904452	-0.373399200112963
9.16303151575788	-0.374109818362198
9.16988494247123	-0.374820436611434
9.17673836918459	-0.375531054860699
9.18359179589795	-0.376241673109935
9.19044522261131	-0.37695229135917
9.19729864932466	-0.377662909608405
9.20415207603802	-0.379593336068931
9.21100550275138	-0.382317372691002
9.21785892946473	-0.385041409313071
9.22471235617809	-0.38776544593517
9.23156578289145	-0.39048948255724
9.2384192096048	-0.39321351917931
9.24527263631816	-0.395937555801409
9.25212606303151	-0.39866159242348
9.25897948974487	-0.40138562904555
9.26583291645823	-0.404109665667649
9.27268634317159	-0.406833702289719
9.27953976988494	-0.409557738911789
9.2863931965983	-0.412281775533888
9.29324662331166	-0.415005812155958
9.30010005002501	-0.417709677132675
9.30695347673837	-0.419051956047908
9.31380690345173	-0.449196462867176
9.32066033016508	-0.450538741782407
9.32751375687844	-0.451881020697611
9.33436718359179	-0.453223299612844
9.34122061030515	-0.454565578528077
9.34807403701851	-0.45590785744331
9.35492746373187	-0.457250136358542
9.36178089044522	-0.458592415273746
9.36863431715858	-0.459934694188978
9.37548774387194	-0.461276973104211
9.38234117058529	-0.462619252019444
9.38919459729865	-0.463961530934676
9.39604802401201	-0.465303809849909
9.40290145072536	-0.466612661467099
9.40975487743872	-0.467875982799093
9.41660830415208	-0.469139304131057
9.42346173086543	-0.470402625463052
9.43031515757879	-0.471665946795016
9.43716858429215	-0.47292926812701
9.4440220110055	-0.474192589458975
9.45087543771886	-0.475455910790969
9.45772886443222	-0.476719232122934
9.46458229114557	-0.477982553454928
9.47143571785893	-0.479245874786893
9.47828914457229	-0.480509196118887
9.48514257128564	-0.481772517450852
9.491995997999	-0.483035838782846
9.49884942471236	-0.48429916011481
9.50570285142571	-0.486860094575883
9.51255627813907	-0.489682828177024
9.51940970485242	-0.492505561778164
9.52626313156578	-0.495328295379305
9.53311655827914	-0.498151028980445
9.5399699849925	-0.500973762581586
9.54682341170585	-0.503796496182725
9.55367683841921	-0.506619229783866
9.56053026513257	-0.509441963385005
9.56738369184592	-0.512264696986146
9.57423711855928	-0.515087430587286
9.58109054527264	-0.517910164188427
9.58794397198599	-0.520732897789567
9.59479739869935	-0.523555631390707
9.60165082541271	-0.526026513863576
9.60850425212606	-0.527388532174611
9.61535767883942	-0.528750550485646
9.62221110555278	-0.530112568796682
9.62906453226613	-0.531474587107716
9.63591795897949	-0.532836605418751
9.64277138569285	-0.534198623729816
9.6496248124062	-0.535560642040851
9.65647823911956	-0.536922660351885
9.66333166583292	-0.53828467866292
9.67018509254627	-0.539646696973955
9.67703851925963	-0.541008715284991
9.68389194597299	-0.542370733596055
9.69074537268634	-0.543732751907089
9.6975987993997	-0.545094770218124
9.70445222611306	-0.545866911985694
9.71130565282641	-0.546320918089383
9.71815907953977	-0.546774924193041
9.72501250625313	-0.547228930296729
9.73186593296648	-0.547682936400417
9.73871935967984	-0.548136942504106
9.7455727863932	-0.548590948607764
9.75242621310655	-0.549044954711452
9.75927963981991	-0.54949896081514
9.76613306653327	-0.549952966918829
9.77298649324662	-0.550406973022487
9.77983991995998	-0.550860979126175
9.78669334667334	-0.551314985229863
9.79354677338669	-0.551768991333522
9.80040020010005	-0.552302531353173
9.80725362681341	-0.554118555767896
9.81410705352676	-0.55593458018262
9.82096048024012	-0.557750604597343
9.82781390695348	-0.559566629012066
9.83466733366683	-0.561382653426789
9.84152076038019	-0.563198677841512
9.84837418709355	-0.565014702256235
9.8552276138069	-0.566830726670929
9.86208104052026	-0.568646751085652
9.86893446723362	-0.570462775500375
9.87578789394697	-0.572278799915099
9.88264132066033	-0.574094824329822
9.88949474737369	-0.575910848744545
9.89634817408704	-0.577726873159267
9.9032016008004	-0.580050070371494
9.91005502751376	-0.582951761555873
9.91690845422711	-0.585853452740282
9.92376188094047	-0.588755143924661
9.93061530765383	-0.591656835109039
9.93746873436718	-0.565756298389413
9.94432216108054	-0.568657989573792
9.9511755877939	-0.571559680758171
9.95802901450725	-0.574461371942579
9.96488244122061	-0.577363063126958
9.97173586793397	-0.580264754311337
9.97858929464732	-0.583166445495745
9.98544272136068	-0.614870364584159
9.99229614807404	-0.617772055768538
9.99914957478739	-0.620673746952946
10.0060030015007	-0.622555329215073
10.0128564282141	-0.624292396046529
10.0197098549275	-0.626029462878013
10.0265632816408	-0.627766529709469
10.0334167083542	-0.629503596540953
10.0402701350675	-0.631240663372408
10.0471235617809	-0.632977730203892
10.0539769884942	-0.634714797035348
10.0608304152076	-0.636451863866832
10.067683841921	-0.666991158602322
10.0745372686343	-0.668728225433806
10.0813906953477	-0.670465292265291
10.088244122061	-0.672202359096746
10.0950975487744	-0.673939425928231
10.1019509754877	-0.675592204098754
10.1088044022011	-0.677033179993027
10.1156578289145	-0.678474155887331
10.1225112556278	-0.679915131781604
10.1293646823412	-0.681356107675907
10.1362181090545	-0.682797083570182
10.1430715357679	-0.684238059464483
10.1499249624812	-0.685679035358758
10.1567783891946	-0.68712001125306
10.163631815908	-0.688560987147334
10.1704852426213	-0.690001963041637
10.1773386693347	-0.691442938935911
10.184192096048	-0.692883914830213
10.1910455227614	-0.694324890724487
10.1978989494747	-0.69576586661879
10.2047523761881	-0.696796205446906
10.2116058029015	-0.697644999466817
10.2184592296148	-0.698493793486757
10.2253126563282	-0.699342587506668
10.2321660830415	-0.700191381526607
10.2390195097549	-0.701040175546518
10.2458729364682	-0.701888969566429
10.2527263631816	-0.702737763586368
10.2595797898949	-0.703586557606279
10.2664332166083	-0.704435351626219
10.2732866433217	-0.70528414564613
10.280140070035	-0.70613293966607
10.2869934967484	-0.706981733685981
10.2938469234617	-0.707830527705891
10.3007003501751	-0.70873580233282
10.3075537768884	-0.710137299435488
10.3144072036018	-0.711538796538157
10.3212606303152	-0.712940293640826
10.3281140570285	-0.714341790743466
10.3349674837419	-0.715743287846134
10.3418209104552	-0.717144784948804
10.3486743371686	-0.718546282051473
10.3555277638819	-0.719947779154141
10.3623811905953	-0.72134927625681
10.3692346173087	-0.72275077335945
10.376088044022	-0.724152270462119
10.3829414707354	-0.725553767564788
10.3897948974487	-0.726955264667458
10.3966483241621	-0.728356761770126
10.4035017508754	-0.729697743936707
10.4103551775888	-0.730980804664504
10.4172086043022	-0.732263865392299
10.4240620310155	-0.704744698216061
10.4309154577289	-0.677225531039823
10.4377688844422	-0.67850859176759
10.4446223111556	-0.679791652495386
10.4514757378689	-0.681074713223183
10.4583291645823	-0.682357773950979
10.4651825912956	-0.683640834678775
10.472036018009	-0.684923895406572
10.4788894447224	-0.686206956134339
10.4857428714357	-0.687490016862135
10.4925962981491	-0.688773077589932
10.4994497248624	-0.690056138317728
10.5063031515758	-0.690667483255168
10.5131565782891	-0.691220186337927
10.5200100050025	-0.691772889420656
10.5268634317159	-0.72112782040742
10.5337168584292	-0.721680523490179
10.5405702851426	-0.722233226572908
10.5474237118559	-0.722785929655666
10.5542771385693	-0.723338632738395
10.5611305652826	-0.723891335821125
10.567983991996	-0.724444038903883
10.5748374187094	-0.724996741986612
10.5816908454227	-0.72554944506937
10.5885442721361	-0.7261021481521
10.5953976988494	-0.726654851234828
10.6022511255628	-0.727447452814127
10.6091045522761	-0.728730513541924
10.6159579789895	-0.73001357426972
10.6228114057029	-0.731296634997517
10.6296648324162	-0.732579695725284
10.6365182591296	-0.73386275645308
10.6433716858429	-0.735145817180876
10.6502251125563	-0.736428877908673
10.6570785392696	-0.737711938636468
10.663931965983	-0.738994999364236
10.6707853926963	-0.740278060092033
10.6776388194097	-0.741561120819829
10.6844922461231	-0.742844181547625
10.6913456728364	-0.744127242275422
10.6981990995498	-0.745410303003217
10.7050525262631	-0.746082162876718
10.7119059529765	-0.746536168980406
10.7187593796898	-0.746990175084094
10.7256128064032	-0.776246409091788
10.7324662331166	-0.805502643099511
10.7393196598299	-0.805956649203199
10.7461730865433	-0.806410655306886
10.7530265132566	-0.806864661410545
10.75987993997	-0.807318667514234
10.7667333666833	-0.807772673617922
10.7735867933967	-0.808226679721581
10.7804402201101	-0.808680685825269
10.7872936468234	-0.809134691928957
10.7941470735368	-0.809588698032645
10.8010005002501	-0.810094574081526
10.8078539269635	-0.810903889309802
10.8147073536768	-0.840515432442144
10.8215607803902	-0.841324747670449
10.8284142071036	-0.842134062898755
10.8352676338169	-0.871745606031067
10.8421210605303	-0.872554921259373
10.8489744872436	-0.873364236487678
10.855827913957	-0.902975779620019
10.8626813406703	-0.903785094848297
10.8695347673837	-0.904594410076603
10.876388194097	-0.905403725304908
10.8832416208104	-0.906213040533214
10.8900950475238	-0.90702235576149
10.8969484742371	-0.907831670989796
10.9038019009505	-0.909352757132787
10.9106553276638	-0.911445133088888
10.9175087543772	-0.913537509044962
10.9243621810905	-0.915629885001064
10.9312156078039	-0.917722260957137
10.9380690345173	-0.91981463691324
10.9449224612306	-0.950709240773377
10.951775887944	-0.95280161672945
10.9586293146573	-0.954893992685552
10.9654827413707	-0.956986368641625
10.972336168084	-0.959078744597727
10.9791895947974	-0.9611711205538
10.9860430215108	-0.963263496509903
10.9928964482241	-0.965355872466005
10.9997498749375	-0.967448248422078
11.0066033016508	-0.970206288674915
11.0134567283642	-0.972989543484421
11.0203101550775	-0.975772798293928
11.0271635817909	-0.978556053103464
11.0340170085043	-0.981339307912969
11.0408704352176	-0.984122562722477
11.047723861931	-0.986905817532012
11.0545772886443	-0.989689072341517
11.0614307153577	-0.992472327151025
11.068284142071	-0.99525558196056
11.0751375687844	-0.998038836770066
11.0819909954977	-1.00082209157957
11.0888444222111	-1.00360534638911
11.0956978489245	-1.00638860119861
11.1025512756378	-1.00913511479694
11.1094047023512	-1.0118196726274
11.1162581290645	-0.98570200255383
11.1231115557779	-0.988386560384267
11.1299649824912	-0.991071118214732
11.1368184092046	-0.993755676045197
11.143671835918	-0.996440233875634
11.1505252626313	-1.02792701961013
11.1573786893447	-1.0306115774406
11.164232116058	-1.03329613527104
11.1710855427714	-1.0359806931015
11.1779389694847	-1.03866525093197
11.1847923961981	-1.0413498087624
11.1916458229115	-1.04403436659287
11.1984992496248	-1.0467189244233
11.2053526763382	-1.04727595000148
11.2122061030515	-1.04723647120987
11.2190595297649	-1.04719699241824
11.2259129564782	-1.04715751362661
11.2327663831916	-1.047118034835
11.239619809905	-1.04707855604337
11.2464732366183	-1.04703907725173
11.2533266633317	-1.04699959846013
11.260180090045	-1.07576234757253
11.2670335167584	-1.0757228687809
11.2738869434717	-1.07568338998929
11.2807403701851	-1.07564391119766
11.2875937968984	-1.07560443240602
11.2944472236118	-1.07556495361442
11.3013006503252	-1.07538686680256
11.3081540770385	-1.07461703036589
11.3150075037519	-1.07384719392922
11.3218609304652	-1.07307735749254
11.3287143571786	-1.07230752105587
11.3355677838919	-1.07153768461917
11.3424212106053	-1.0707678481825
11.3492746373187	-1.06999801174583
11.356128064032	-1.06922817530916
11.3629814907454	-1.06845833887248
11.3698349174587	-1.06768850243581
11.3766883441721	-1.06691866599914
11.3835417708854	-1.06614882956247
11.3903951975988	-1.06537899312579
11.3972486243122	-1.06460915668912
11.4041020510255	-1.06485539484563
11.4109554777389	-1.06578314644881
11.4178089044522	-1.06671089805196
11.4246623311656	-1.06763864965514
11.4315157578789	-1.06856640125832
11.4383691845923	-1.0694941528615
11.4452226113057	-1.07042190446467
11.452076038019	-1.07134965606782
11.4589294647324	-1.072277407671
11.4657828914457	-1.07320515927418
11.4726363181591	-1.07413291087736
11.4794897448724	-1.07506066248051
11.4863431715858	-1.07598841408369
11.4931965982991	-1.07691616568686
11.5000500250125	-1.10665608693357
11.5069034517259	-1.10894585684778
11.5137568784392	-1.11123562676199
11.5206103051526	-1.11352539667621
11.5274637318659	-1.11581516659042
11.5343171585793	-1.11810493650463
11.5411705852926	-1.12039470641885
11.548024012006	-1.12268447633306
11.5548774387194	-1.12497424624727
11.5617308654327	-1.12726401616149
11.5685842921461	-1.12955378607567
11.5754377188594	-1.13184355598989
11.5822911455728	-1.1341333259041
11.5891445722861	-1.13642309581831
11.5959979989995	-1.13871286573253
11.6028514257129	-1.1406002113219
11.6097048524262	-1.17072497874536
11.6165582791396	-1.17204751826476
11.6234117058529	-1.17337005778419
11.6302651325663	-1.1746925973036
11.6371185592796	-1.17601513682303
11.643971985993	-1.17733767634243
11.6508254127064	-1.17866021586186
11.6576788394197	-1.17998275538126
11.6645322661331	-1.18130529490069
11.6713856928464	-1.18262783442009
11.6782391195598	-1.18395037393952
11.6850925462731	-1.18527291345892
11.6919459729865	-1.18659545297835
11.6987993996998	-1.18791799249775
11.7056528264132	-1.18863812023695
11.7125062531266	-1.18923030211132
11.7193596798399	-1.18982248398568
11.7262131065533	-1.19041466586004
11.7330665332666	-1.19100684773441
11.73991995998	-1.19159902960877
11.7467733866933	-1.19219121148313
11.7536268134067	-1.1927833933575
11.7604802401201	-1.22217780313589
11.7673336668334	-1.22276998501026
11.7741870935468	-1.22336216688462
11.7810405202601	-1.19515212085495
11.7878939469735	-1.19574430272931
11.7947473736868	-1.22513871250774
11.8016008004002	-1.22607669401675
11.8084542271136	-1.22814933057702
11.8153076538269	-1.23022196713732
11.8221610805403	-1.23229460369759
11.8290145072536	-1.23436724025786
11.835867933967	-1.23643987681814
11.8427213606803	-1.23851251337843
11.8495747873937	-1.24058514993871
11.8564282141071	-1.24265778649898
11.8632816408204	-1.24473042305925
11.8701350675338	-1.24680305961955
11.8769884942471	-1.24887569617982
11.8838419209605	-1.25094833274009
11.8906953476738	-1.25302096930036
11.8975487743872	-1.25509360586066
11.9044022011005	-1.25692533534211
11.9112556278139	-1.25862292338196
11.9181090545273	-1.26032051142179
11.9249624812406	-1.26201809946164
11.931815907954	-1.26371568750149
11.9386693346673	-1.26541327554134
11.9455227613807	-1.26711086358119
11.952376188094	-1.26880845162104
11.9592296148074	-1.24170381175685
11.9660830415208	-1.2434013997967
11.9729364682341	-1.27390121574056
11.9797898949475	-1.27559880378041
11.9866433216608	-1.27729639182026
11.9934967483742	-1.27899397986011
12.0003501750875	-1.28069358506448
12.0072036018009	-1.28243065189597
12.0140570285143	-1.28416771872742
12.0209104552276	-1.28590478555891
12.027763881941	-1.28764185239039
12.0346173086543	-1.28937891922185
12.0414707353677	-1.29111598605332
12.048324162081	-1.32165528078882
12.0551775887944	-1.3233923476203
12.0620310155078	-1.32512941445177
12.0688844422211	-1.32686648128324
12.0757378689345	-1.32860354811471
12.0825912956478	-1.33034061494618
12.0894447223612	-1.33207768177765
12.0962981490745	-1.33381474860912
12.1031515757879	-1.33609644986519
12.1100050025013	-1.31021565254136
12.1168584292146	-1.31313708312156
12.123711855928	-1.31605851370176
12.1305652826413	-1.347782172186
12.1374187093547	-1.3507036027662
12.144272136068	-1.38242726125043
12.1511255627814	-1.38534869183064
12.1579789894947	-1.38827012241084
12.1648324162081	-1.39119155299104
12.1716858429215	-1.39411298357124
12.1785392696348	-1.39703441415144
12.1853926963482	-1.39995584473164
12.1922461230615	-1.43167950321588
12.1990995497749	-1.43460093379608
12.2059529764882	-1.43604781710079
12.2128064032016	-1.43727165964115
12.219659829915	-1.46729773008553
12.2265132566283	-1.49732380052993
12.2333666833417	-1.49854764307028
12.240220110055	-1.49977148561063
12.2470735367684	-1.50099532815099
12.2539269634817	-1.50221917069134
12.2607803901951	-1.5034430132317
12.2676338169085	-1.50466685577205
12.2744872436218	-1.50589069831241
12.2813406703352	-1.50711454085276
12.2881940970485	-1.50833838339312
12.2950475237619	-1.50956222593347
12.3019009504752	-1.51092294749588
12.3087543771886	-1.51264027493154
12.315607803902	-1.5143576023672
12.3224612306153	-1.51607492980286
12.3293146573287	-1.51779225723852
12.336168084042	-1.51950958467417
12.3430215107554	-1.52122691210983
12.3498749374687	-1.49414201164146
12.3567283641821	-1.49585933907712
12.3635817908954	-1.49757666651277
12.3704352176088	-1.52809622185247
12.3772886443222	-1.52981354928813
12.3841420710355	-1.53153087672379
12.3909954977489	-1.53324820415944
12.3978489244622	-1.5349655315951
12.4047023511756	-1.53641198265027
12.4115557778889	-1.56653675007372
12.4184092046023	-1.56785928959314
12.4252626313157	-1.56918182911255
12.432116058029	-1.57050436863197
12.4389694847424	-1.57182690815139
12.4458229114557	-1.5731494476708
12.4526763381691	-1.57447198719022
12.4595297648824	-1.57579452670963
12.4663831915958	-1.57711706622905
12.4732366183092	-1.57843960574846
12.4800900450225	-1.57976214526788
12.4869434717359	-1.58108468478729
12.4937968984492	-1.61120945221074
12.5006503251626	-1.61250014934713
12.5075037518759	-1.61348711913774
12.5143571785893	-1.64327631683239
12.5212106053027	-1.64426328662299
12.528064032016	-1.6452502564136
12.5349174587294	-1.64623722620421
12.5417708854427	-1.67602642389885
12.5486243121561	-1.67701339368946
12.5554777388694	-1.70680259138411
12.5623311655828	-1.70778956117471
12.5691845922961	-1.70877653096532
12.5760380190095	-1.70976350075593
12.5828914457229	-1.71075047054654
12.5897448724362	-1.71173744033715
12.5965982991496	-1.71272441012776
12.6034517258629	-1.74308028697371
12.6103051525763	-1.77399463022965
12.6171585792896	-1.77610674558155
12.624012006003	-1.77821886093345
12.6308654327164	-1.78033097628535
12.6377188594297	-1.78244309163725
12.6445722861431	-1.75575297908512
12.6514257128564	-1.75786509443702
12.6582791395698	-1.75997720978893
12.6651325662831	-1.76208932514083
12.6719859929965	-1.76420144049273
12.6788394197099	-1.76631355584463
12.6856928464232	-1.76842567119654
12.6925462731366	-1.77053778654844
12.6993996998499	-1.77264990190034
12.7062531265633	-1.77317710226002
12.7131065532766	-1.77355215078045
12.71995997999	-1.77392719930089
12.7268134067034	-1.77430224782132
12.7336668334167	-1.77467729634175
12.7405202601301	-1.77505234486218
12.7473736868434	-1.80422962128665
12.7542271135568	-1.80460466980708
12.7610805402701	-1.80497971832751
12.7679339669835	-1.80535476684794
12.7747873936968	-1.80572981536837
12.7816408204102	-1.8061048638888
12.7884942471236	-1.80647991240923
12.7953476738369	-1.80685496092966
12.8022011005503	-1.80757869074838
12.8090545272636	-1.86664386184655
12.815907953977	-1.86810457713665
12.8227613806903	-1.86956529242675
12.8296148074037	-1.89982823562089
12.8364682341171	-1.90128895091099
12.8433216608304	-1.90274966620109
12.8501750875438	-1.90421038149119
12.8570285142571	-1.90567109678129
12.8638819409705	-1.90713181207139
12.8707353676838	-1.90859252736149
12.8775887943972	-1.9100532426516
12.8844422211106	-1.91151395794169
12.8912956478239	-1.91297467323179
12.8981490745373	-1.9144353885219
12.9050025012506	-1.91582406222144
12.911855927964	-1.91718608053248
12.9187093546773	-1.94735032674755
12.9255627813907	-1.9487123450586
12.9324162081041	-1.95007436336964
12.9392696348174	-1.95143638168067
12.9461230615308	-1.95279839999171
12.9529764882441	-1.95416041830275
12.9598299149575	-1.92672020870976
12.9666833416708	-1.9280822270208
12.9735367683842	-1.92944424533184
12.9803901950975	-1.93080626364288
12.9872436218109	-1.93216828195392
12.9940970485243	-1.93353030026496
13.0009504752376	-1.93480745358232
13.007803901951	-1.93555755062319
13.0146573286643	-1.96510987556808
13.0215107553777	-1.96585997260894
13.028364182091	-1.96661006964981
13.0352176088044	-1.96736016669067
13.0420710355178	-1.96811026373153
13.0489244622311	-1.96886036077239
13.0557778889445	-1.94080822990922
13.0626313156578	-1.94155832695008
13.0694847423712	-1.94230842399095
13.0763381690845	-1.94305852103181
13.0831915957979	-1.94380861807267
13.0900450225113	-1.97336094301757
13.0968984492246	-1.97411104005843
13.103751875938	-1.97473146223629
13.1106053026513	-1.97524468652741
13.1174587293647	-1.97575791081853
13.124312156078	-2.00507336301368
13.1311655827914	-2.00558658730479
13.1380190095048	-2.00609981159591
13.1448724362181	-2.0642174916951
13.1517258629315	-2.12233517179428
13.1585792896448	-2.1228483960854
13.1654327163582	-2.12336162037652
13.1722861430715	-2.12387484466763
13.1791395697849	-2.12438806895875
13.1859929964982	-2.12490129324986
13.1928464232116	-2.15421674544502
13.199699849925	-2.15472996973613
13.2065532766383	-2.15633793803733
13.2134067033517	-2.15799604728555
13.220260130065	-2.15965415653378
13.2271135567784	-2.161312265782
13.2339669834917	-2.16297037503022
13.2408204102051	-2.16462848427844
13.2476738369185	-2.16628659352666
13.2545272636318	-2.16794470277488
13.2613806903452	-2.16960281202311
13.2682341170585	-2.17126092127133
13.2750875437719	-2.20172125842359
13.2819409704852	-2.20337936767181
13.2887943971986	-2.20503747692003
13.295647823912	-2.20669558616825
13.3025012506253	-2.20794305835031
13.3093546773387	-2.20847602203724
13.316208104052	-2.26661344153224
13.3230615307654	-2.26714640521917
13.3299149574787	-2.2676793689061
13.3367683841921	-2.26821233259302
13.3436218109055	-2.29754752418399
13.3504752376188	-2.26927825996688
13.3573286643322	-2.26981122365381
13.3641820910455	-2.29914641524477
13.3710355177589	-2.2996793789317
13.3778889444722	-2.30021234261863
13.3847423711856	-2.30074530630556
13.3915957978989	-2.30127826999249
13.3984492246123	-2.30181123367941
13.4053026513257	-2.30211510510838
13.412156078039	-2.30235197785812
13.4190095047524	-2.3313910785119
13.4258629314657	-2.33162795126165
13.4327163581791	-2.3318648240114
13.4395697848924	-2.33210169676114
13.4464232116058	-2.33233856951089
13.4532766383192	-2.27497098645257
13.4601300650325	-2.27520785920231
13.4669834917459	-2.27544473195206
13.4738369184592	-2.30448383260584
13.4806903451726	-2.36232516116365
13.4875437718859	-2.3625620339134
13.4943971985993	-2.36279890666315
13.5012506253127	-2.36326271042314
13.508104052026	-2.36474316510905
13.5149574787394	-2.395025847699
13.5218109054527	-2.39650630238491
13.5286643321661	-2.42678898497486
13.5355177588794	-2.42826943966077
13.5423711855928	-2.42974989434669
13.5492246123062	-2.4312303490326
13.5560780390195	-2.46151303162255
13.5629314657329	-2.46299348630846
13.5697848924462	-2.49327616889841
13.5766383191596	-2.52355885148836
13.5834917458729	-2.5538415340783
13.5903451725863	-2.58412421666825
13.5971985992996	-2.6144068992582
13.604052026013	-2.70028667077698
13.6109054527264	-2.72717417728724
13.6177588794397	-2.78286391170152
13.6246123061531	-2.80975141821178
13.6314657328664	-2.83663892472203
13.6383191595798	-2.83472420332825
13.6451725862931	-2.83280948193447
13.6520260130065	-2.83089476054069
13.6588794397199	-2.82898003914691
13.6657328664332	-2.82706531775313
13.6725862931466	-2.82515059635935
13.6794397198599	-2.82323587496557
13.6862931465733	-2.82132115357179
13.6931465732866	-2.81940643217801
13.7	-2.81749171078423
13.67	0
14.0369696969697	0
14.4039393939394	0
14.7709090909091	0
15.1378787878788	0
15.5048484848485	0
15.8718181818182	0
16.2387878787879	0
16.6057575757576	0
16.9727272727273	0
17.339696969697	0
17.7066666666667	0
18.0736363636364	0
18.4406060606061	0
18.8075757575758	0
19.1745454545455	0
19.5415151515151	0
19.9084848484848	0
20.2754545454545	0
20.6424242424242	0
21.0093939393939	0
21.3763636363636	0
21.7433333333333	0
22.110303030303	0
22.4772727272727	0
22.8442424242424	0
23.2112121212121	0
23.5781818181818	0
23.9451515151515	0
24.3121212121212	0
24.6790909090909	0
25.0460606060606	0
25.4130303030303	0
25.78	0
26.1469696969697	0
26.5139393939394	0
26.8809090909091	0
27.2478787878788	0
27.6148484848485	0
27.9818181818182	0
28.3487878787879	0
28.7157575757576	0
29.0827272727273	0
29.449696969697	0
29.8166666666667	0
30.1836363636364	0
30.5506060606061	0
30.9175757575758	0
31.2845454545455	0
31.6515151515151	0
32.0184848484848	0
32.3854545454545	0
32.7524242424242	0
33.1193939393939	0
33.4863636363636	0
33.8533333333333	0
34.220303030303	0
34.5872727272727	0
34.9542424242424	0
35.3212121212121	0
35.6881818181818	0
36.0551515151515	0
36.4221212121212	0
36.7890909090909	0
37.1560606060606	0
37.5230303030303	0
37.89	0
38.2569696969697	0
38.6239393939394	0
38.9909090909091	0
39.3578787878788	0
39.7248484848485	0
40.0918181818182	0
40.4587878787879	0
40.8257575757576	0
41.1927272727273	0
41.559696969697	0
41.9266666666667	0
42.2936363636364	0
42.6606060606061	0
43.0275757575758	0
43.3945454545455	0
43.7615151515151	0
44.1284848484848	0
44.4954545454545	0
44.8624242424242	0
45.2293939393939	0
45.5963636363636	0
45.9633333333333	0
46.330303030303	0
46.6972727272727	0
47.0642424242424	0
47.4312121212121	0
47.7981818181818	0
48.1651515151515	0
48.5321212121212	0
48.8990909090909	0
49.2660606060606	0
49.6330303030303	0
50	0
