time	DD
0	1.18995455240717
0.00685342671335754	1.18891047256103
0.0137068534267133	1.18786639271485
0.0205602801400708	1.1868223128687
0.0274137068534266	1.18577823302252
0.0342671335667841	1.18473415317637
0.0411205602801399	1.1836900733302
0.0479739869934974	1.18264599348405
0.0548274137068532	1.2108988761937
0.0616808404202107	1.20985479634755
0.0685342671335682	1.20881071650138
0.075387693846924	1.20776663665523
0.0822411205602815	1.20672255680908
0.0890945472736373	1.2056784769629
0.0959479739869948	1.20463439711675
0.102801400700351	1.20375446233343
0.109654827413708	1.20311195165886
0.116508254127064	1.20246944098429
0.123361680840421	1.20182693030975
0.130215107553777	1.20118441963518
0.137068534267135	1.20054190896061
0.14392196098049	1.19989939828604
0.150775387693848	1.19925688761151
0.157628814407204	1.19861437693693
0.164482241120561	1.19797186626237
0.171335667833917	1.1973293555878
0.178189094547275	1.19668684491326
0.18504252126063	1.19604433423869
0.191895947973988	1.19540182356412
0.198749374687344	1.19475931288955
0.205602801400701	1.19421528925271
0.212456228114057	1.19369324932962
0.219309654827414	1.19317120940656
0.22616308154077	1.19264916948347
0.233016508254128	1.19212712956038
0.239869934967484	1.19160508963732
0.246723361680841	1.19108304971423
0.253576788394197	1.19056100979114
0.260430215107554	1.19003896986805
0.267283641820912	1.18951692994499
0.274137068534268	1.18899489002191
0.280990495247625	1.18847285009882
0.287843921960981	1.18795081017573
0.294697348674338	1.18742877025267
0.301550775387694	1.18682040761348
0.308404202101052	1.18591687697739
0.315257628814408	1.18501334634129
0.322111055527765	1.18410981570519
0.328964482241121	1.18320628506909
0.335817908954478	1.18230275443299
0.342671335667834	1.18139922379689
0.349524762381192	1.18049569316079
0.356378189094547	1.1795921625247
0.363231615807905	1.17868863188857
0.370085042521261	1.17778510125247
0.376938469234618	1.17688157061637
0.383791895947974	1.17597803998027
0.390645322661332	1.17507450934417
0.397498749374687	1.17417097870807
0.404352176088045	1.17326744807198
0.411205602801401	1.17236391743588
0.418059029514758	1.17146038679978
0.424912456228114	1.17055685616365
0.431765882941471	1.16965332552755
0.438619309654827	1.16874979489145
0.445472736368185	1.16784626425535
0.45232616308154	1.16694273361926
0.459179589794898	1.16603920298316
0.466033016508254	1.16513567234706
0.472886443221611	1.16423214171096
0.479739869934969	1.16332861107486
0.486593296648325	1.16242508043876
0.493446723361682	1.16152154980263
0.500300150075038	1.16064703766873
0.507153576788395	1.16040609616577
0.514007003501751	1.16016515466281
0.520860430215109	1.15992421315985
0.527713856928465	1.15968327165689
0.534567283641822	1.15944233015393
0.541420710355178	1.15920138865097
0.548274137068535	1.15896044714801
0.555127563781891	1.15871950564505
0.561980990495249	1.15847856414209
0.568834417208604	1.15823762263913
0.575687843921962	1.15799668113617
0.582541270635318	1.15775573963321
0.589394697348675	1.15751479813025
0.596248124062031	1.1572738566273
0.603101550775389	1.15701474192092
0.609954977488744	1.15673364350082
0.616808404202102	1.15645254508069
0.623661830915458	1.15617144666056
0.630515257628815	1.15589034824046
0.637368684342171	1.15560924982033
0.644222111055528	1.1553281514002
0.651075537768884	1.1550470529801
0.657928964482242	1.15476595455997
0.664782391195597	1.15448485613985
0.671635817908955	1.15420375771972
0.678489244622313	1.15392265929962
0.685342671335668	1.15364156087949
0.692196098049026	1.15336046245936
0.699049524762382	1.15307936403926
0.705902951475739	1.15196816058702
0.712756378189095	1.15072329615508
0.719609804902452	1.14947843172311
0.726463231615808	1.14823356729114
0.733316658329166	1.14698870285917
0.740170085042521	1.14574383842721
0.747023511755879	1.14449897399527
0.753876938469235	1.1432541095633
0.760730365182592	1.14200924513133
0.767583791895948	1.14076438069937
0.774437218609306	1.1395195162674
0.781290645322661	1.16757161439126
0.788144072036019	1.16632674995933
0.794997498749375	1.16508188552736
0.801850925462732	1.16397258733033
0.808704352176088	1.16322968436286
0.815557778889445	1.16248678139541
0.822411205602801	1.16174387842796
0.829264632316159	1.16100097546048
0.836118059029515	1.16025807249303
0.842971485742872	1.15951516952555
0.849824912456228	1.1587722665581
0.856678339169585	1.15802936359065
0.863531765882941	1.15728646062318
0.870385192596299	1.15654355765572
0.877238619309656	1.15580065468825
0.884092046023012	1.1550577517208
0.890945472736369	1.15431484875332
0.897798899449725	1.15357194578587
0.904652326163083	1.15240651583968
0.911505752876439	1.15104118065623
0.918359179589796	1.14967584547278
0.925212606303152	1.14831051028936
0.932066033016509	1.14694517510592
0.938919459729865	1.14557983992247
0.945772886443223	1.14421450473902
0.952626313156578	1.14284916955557
0.959479739869936	1.14148383437213
0.966333166583292	1.14011849918871
0.973186593296649	1.13875316400526
0.980040020010005	1.13738782882181
0.986893446723363	1.13602249363837
0.993746873436718	1.13465715845492
1.00060030015008	1.13333579069904
1.00745372686343	1.13247241698008
1.01430715357679	1.13160904326115
1.02116058029014	1.1307456695422
1.0280140070035	1.12988229582327
1.03486743371686	1.12901892210434
1.04172086043022	1.12815554838538
1.04857428714357	1.12729217466645
1.05542771385693	1.12642880094749
1.06228114057028	1.12556542722856
1.06913456728364	1.15399901606544
1.075987993997	1.15313564234651
1.08284142071036	1.15227226862755
1.08969484742371	1.15140889490862
1.09654827413707	1.1505455211897
1.10340170085043	1.14993129622684
1.11025512756378	1.1495698839724
1.11710855427714	1.14920847171796
1.1239619809905	1.14884705946352
1.13081540770385	1.14848564720908
1.13766883441721	1.14812423495464
1.14452226113057	1.1477628227002
1.15137568784392	1.14740141044576
1.15822911455728	1.14703999819132
1.16508254127064	1.14667858593688
1.17193596798399	1.14631717368244
1.17878939469735	1.145955761428
1.18564282141071	1.14559434917356
1.19249624812406	1.14523293691913
1.19934967483742	1.14487152466469
1.20620310155078	1.14421934115604
1.21305652826413	1.14353667356434
1.21990995497749	1.14285400597263
1.22676338169085	1.14217133838089
1.2336168084042	1.14148867078918
1.24047023511756	1.14080600319744
1.24732366183092	1.14012333560573
1.25417708854427	1.13944066801399
1.26103051525763	1.13875800042228
1.26788394197099	1.13807533283057
1.27473736868434	1.13739266523883
1.2815907953977	1.13670999764712
1.28844422211106	1.13602733005539
1.29529764882441	1.13534466246368
1.30215107553777	1.13475652484118
1.30900450225113	1.13437503412817
1.31585792896448	1.13399354341513
1.32271135567784	1.13361205270212
1.3295647823912	1.13323056198911
1.33641820910455	1.13284907127607
1.34327163581791	1.13246758056306
1.35012506253127	1.13208608985005
1.35697848924462	1.13170459913701
1.36383191595798	1.131323108424
1.37068534267134	1.13094161771096
1.37753876938469	1.13056012699795
1.38439219609805	1.13017863628494
1.39124562281141	1.1297971455719
1.39809904952476	1.1294156548589
1.40495247623812	1.12858437736205
1.41180590295148	1.12758045443307
1.41865932966483	1.12657653150406
1.42551275637819	1.12557260857506
1.43236618309155	1.12456868564605
1.4392196098049	1.12356476271704
1.44607303651826	1.12256083978806
1.45292646323162	1.12155691685905
1.45977988994497	1.12055299393004
1.46663331665833	1.11954907100104
1.47348674337169	1.11854514807206
1.48034017008504	1.11754122514305
1.4871935967984	1.11653730221404
1.49404702351176	1.11553337928503
1.50090045022511	1.11450043785386
1.50775387693847	1.11327565188046
1.51460730365183	1.1120508659071
1.52146073036518	1.1108260799337
1.52831415707854	1.10960129396033
1.5351675837919	1.10837650798693
1.54202101050525	1.10715172201356
1.54887443721861	1.10592693604016
1.55572786393197	1.1047021500668
1.56258129064532	1.10347736409343
1.56943471735868	1.10225257812003
1.57628814407204	1.10102779214666
1.58314157078539	1.09980300617327
1.58999499749875	1.0985782201999
1.59684842421211	1.0973534342265
1.60370185092546	1.09631301833264
1.61055527763882	1.09542956615511
1.61740870435218	1.09454611397758
1.62426213106553	1.09366266180008
1.63111555777889	1.09277920962255
1.63796898449225	1.09189575744503
1.6448224112056	1.0910123052675
1.65167583791896	1.09012885309
1.65852926463232	1.08924540091247
1.66538269134567	1.08836194873494
1.67223611805903	1.08747849655741
1.67908954477239	1.08659504437989
1.68594297148574	1.08571159220239
1.6927963981991	1.08482814002486
1.69964982491246	1.08394468784733
1.70650325162581	1.08361375967599
1.71335667833917	1.08331258279729
1.72021010505253	1.08301140591859
1.72706353176588	1.08271022903989
1.73391695847924	1.08240905216119
1.7407703851926	1.08210787528249
1.74762381190595	1.08180669840379
1.75447723861931	1.08150552152509
1.76133066533267	1.08120434464639
1.76818409204602	1.08090316776769
1.77503751875938	1.08060199088899
1.78189094547274	1.08030081401029
1.78874437218609	1.07999963713159
1.79559779889945	1.07969846025289
1.80245122561281	1.0791028481677
1.80930465232616	1.07797845448724
1.81615807903952	1.07685406080675
1.82301150575288	1.07572966712627
1.82986493246623	1.07460527344578
1.83671835917959	1.07348087976529
1.84357178589295	1.07235648608483
1.8504252126063	1.07123209240434
1.85727863931966	1.07010769872386
1.86413206603302	1.06898330504337
1.87098549274637	1.06785891136288
1.87783891945973	1.06673451768242
1.88469234617309	1.06561012400193
1.89154577288644	1.06448573032145
1.8983991995998	1.06336133664096
1.90525262631316	1.06214461136262
1.91210605302651	1.06089974693068
1.91895947973987	1.05965488249871
1.92581290645323	1.05841001806674
1.93266633316658	1.05716515363477
1.93951975987994	1.05592028920281
1.9463731865933	1.05467542477087
1.95322661330665	1.0534305603389
1.96008004002001	1.05218569590693
1.96693346673337	1.05094083147497
1.97378689344672	1.049695967043
1.98064032016008	1.07774806516689
1.98749374687344	1.07650320073493
1.99434717358679	1.07525833630296
2.00120060030015	1.07409788933187
2.00805402701351	1.07333490790585
2.01490745372686	1.0725719264798
2.02176088044022	1.07180894505375
2.02861430715358	1.07104596362771
2.03546773386693	1.07028298220169
2.04232116058029	1.06952000077564
2.04917458729365	1.06875701934959
2.056028014007	1.06799403792354
2.06288144072036	1.06723105649752
2.06973486743372	1.06646807507147
2.07658829414707	1.06570509364542
2.08344172086043	1.06494211221938
2.09029514757379	1.06417913079336
2.09714857428714	1.06341614936731
2.1040020010005	1.06234832711027
2.11085542771386	1.06106330576113
2.11770885442721	1.05977828441203
2.12456228114057	1.05849326306289
2.13141570785393	1.05720824171378
2.13826913456728	1.05592322036464
2.14512256128064	1.05463819901554
2.151975987994	1.0533531776664
2.15882941470735	1.05206815631729
2.16568284142071	1.05078313496815
2.17253626813407	1.04949811361904
2.17938969484742	1.04821309226991
2.18624312156078	1.0469280709208
2.19309654827414	1.04564304957169
2.19994997498749	1.04435802822255
2.20680340170085	1.0434517129827
2.21365682841421	1.0425481823466
2.22051025512756	1.04164465171051
2.22736368184092	1.04074112107441
2.23421710855428	1.03983759043831
2.24107053526763	1.03893405980221
2.24792396198099	1.03803052916611
2.25477738869435	1.03712699852998
2.2616308154077	1.03622346789388
2.26848424212106	1.03531993725779
2.27533766883442	1.03441640662169
2.28219109554778	1.03351287598559
2.28904452226113	1.03260934534949
2.29589794897449	1.03170581471339
2.30275137568784	1.03068943434659
2.3096048024012	1.02950480529036
2.31645822911456	1.02832017623413
2.32331165582791	1.0271355471779
2.33016508254127	1.0259509181217
2.33701850925463	1.02476628906548
2.34387193596798	1.02358166000925
2.35072536268134	1.02239703095302
2.3575787893947	1.02121240189679
2.36443221610805	1.02002777284056
2.37128564282141	1.01884314378437
2.37813906953477	1.01765851472814
2.38499249624812	1.01647388567191
2.39184592296148	1.01528925661568
2.39869934967484	1.01410462755946
2.40555277638819	1.0132453574671
2.41240620310155	1.01246229758248
2.41925962981491	1.01167923769786
2.42611305652826	1.01089617781324
2.43296648324162	1.01011311792862
2.43981990995498	1.009330058044
2.44667333666833	1.00854699815938
2.45352676338169	1.00776393827474
2.46038019009505	1.00698087839012
2.4672336168084	1.0061978185055
2.47408704352176	1.00541475862088
2.48094047023512	1.00463169873626
2.48779389694847	1.00384863885164
2.49464732366183	1.00306557896702
2.50150075037519	1.00219898097006
2.50835417708855	1.0010344303724
2.5152076038019	0.999869879774774
2.52206103051526	0.998705329177146
2.52891445722861	0.997540778579488
2.53576788394197	0.996376227981859
2.54262131065533	0.995211677384202
2.54947473736869	0.994047126786574
2.55632816408204	0.992882576188917
2.5631815907954	0.991718025591289
2.57003501750875	0.99055347499363
2.57688844422211	0.989388924396002
2.58374187093547	0.988224373798344
2.59059529764883	0.987059823200715
2.59744872436218	0.985895272603057
2.60430215107554	0.984629890038237
2.61115557778889	0.983304711771959
2.61800900450225	1.01127649606152
2.62486243121561	1.00995131779524
2.63171585792897	1.00862613952896
2.63856928464232	1.00730096126268
2.64542271135568	1.0059757829964
2.65227613806903	1.0046506047301
2.65912956478239	0.974028463907986
2.66598299149575	0.972703285641708
2.6728364182091	0.97137810737543
2.67968984492246	0.970052929109151
2.68654327163582	0.968727750842873
2.69339669834918	0.967402572576566
2.70025012506253	0.966074463148452
2.70710355177589	0.964668971047864
2.71395697848924	0.963263478947247
2.7208104052026	0.961857986846657
2.72766383191596	0.960452494746041
2.73451725862932	0.959047002645452
2.74137068534267	0.957641510544836
2.74822411205603	0.956236018444247
2.75507753876938	0.954830526343631
2.76193096548274	0.953425034243042
2.7687843921961	0.952019542142426
2.77563781890946	0.950614050041837
2.78249124562281	0.949208557941221
2.78934467233617	0.947803065840632
2.79619809904952	0.946397573740016
2.80305152576288	0.944965261508619
2.80990495247624	0.943499534032261
2.8167583791896	0.942033806555933
2.82361180590295	0.940568079079576
2.83046523261631	0.939102351603248
2.83731865932966	0.93763662412689
2.84417208604302	0.936170896650562
2.85102551275638	0.934705169174206
2.85787893946974	0.933239441697878
2.86473236618309	0.931773714221521
2.87158579289645	0.930307986745193
2.87843921960981	0.928842259268837
2.88529264632316	0.927376531792509
2.89214607303652	0.925910804316151
2.89899949974988	0.924445076839823
2.90585292646323	0.92344232637555
2.91270635317659	0.922518717280881
2.91955977988995	0.921595108186181
2.9264132066033	0.920671499091514
2.93326663331666	0.919747889996816
2.94012006003002	0.918824280902147
2.94697348674337	0.917900671807447
2.95382691345673	0.91697706271278
2.96068034017009	0.916053453618111
2.96753376688344	0.915129844523413
2.9743871935968	0.914206235428744
2.98124062031015	0.913282626334046
2.98809404702351	0.912359017239379
2.99494747373687	0.911435408144679
3.00180090045023	0.910459038136959
3.00865432716358	0.909334644456472
3.01550775387694	0.908210250775984
3.02236118059029	0.907085857095496
3.02921460730365	0.905961463415038
3.03606803401701	0.904837069734549
3.04292146073037	0.903712676054061
3.04977488744372	0.902588282373574
3.05662831415708	0.901463888693086
3.06348174087043	0.900339495012627
3.07033516758379	0.899215101332139
3.07718859429715	0.898090707651651
3.08404202101051	0.896966313971163
3.09089544772386	0.895841920290674
3.09774887443722	0.894717526610216
3.10460230115058	0.893498749518575
3.11145572786393	0.892233806628038
3.11830915457729	0.8909688637375
3.12516258129065	0.889703920846961
3.132016008004	0.888438977956423
3.13886943471736	0.887174035065885
3.14572286143072	0.885909092175318
3.15257628814407	0.88464414928478
3.15942971485743	0.883379206394242
3.16628314157079	0.882114263503705
3.17313656828414	0.880849320613165
3.1799899949975	0.879584377722628
3.18684342171086	0.87831943483209
3.19369684842421	0.877054491941523
3.20055027513757	0.875804058302082
3.20740370185093	0.874719821538762
3.21425712856428	0.873635584775445
3.22111055527764	0.872551348012126
3.227963981991	0.871467111248807
3.23481740870435	0.87038287448549
3.24167083541771	0.869298637722143
3.24852426213107	0.868214400958823
3.25537768884442	0.89642712675134
3.26223111555778	0.895342889988021
3.26908454227114	0.894258653224703
3.27593796898449	0.893174416461386
3.28279139569785	0.892090179698067
3.28964482241121	0.891005942934718
3.29649824912456	0.889921706171401
3.30335167583792	0.889505188074442
3.31020510255128	0.889786286494572
3.31705852926463	0.890067384914672
3.32391195597799	0.890348483334801
3.33076538269135	0.890629581754931
3.3376188094047	0.890910680175059
3.34447223611806	0.891191778595159
3.35132566283142	0.891472877015289
3.35817908954477	0.891753975435417
3.36503251625813	0.892035073855517
3.37188594297149	0.892316172275647
3.37873936968484	0.892597270695777
3.3855927963982	0.892878369115877
3.39244622311156	0.893159467536007
3.39929964982491	0.893440565956136
3.40615307653827	0.892531905786816
3.41300650325163	0.891487825940666
3.41985992996498	0.89044374609449
3.42671335667834	0.88939966624834
3.4335667833917	0.888355586402163
3.44042021010505	0.887311506556014
3.44727363681841	0.886267426709836
3.45412706353177	0.885223346863688
3.46098049024512	0.88417926701751
3.46783391695848	0.883135187171362
3.47468734367184	0.882091107325184
3.48154077038519	0.881047027479036
3.48839419709855	0.880002947632887
3.49524762381191	0.878958867786709
3.50210105052526	0.877779368263703
3.50895447723862	0.876293562328774
3.51580790395198	0.874807756393847
3.52266133066533	0.873321950458948
3.52951475737869	0.87183614452402
3.53636818409205	0.870350338589093
3.5432216108054	0.868864532654166
3.55007503751876	0.867378726719238
3.55692846423212	0.865892920784311
3.56378189094547	0.864407114849384
3.57063531765883	0.862921308914486
3.57748874437219	0.861435502979559
3.58434217108554	0.859949697044632
3.5911955977989	0.858463891109705
3.59804902451226	0.856978085174777
3.60490245122561	0.85570771963485
3.61175587793897	0.854523090578622
3.61860930465233	0.853338461522394
3.62546273136568	0.852153832466166
3.63231615807904	0.850969203409968
3.6391695847924	0.84978457435374
3.64602301150575	0.848599945297512
3.65287643821911	0.847415316241284
3.65972986493247	0.846230687185056
3.66658329164582	0.845046058128856
3.67343671835918	0.843861429072629
3.68029014507254	0.842676800016401
3.68714357178589	0.841492170960173
3.69399699849925	0.840307541903945
3.70085042521261	0.839170251111407
3.70770385192596	0.83836711276819
3.71455727863932	0.837563974425
3.72141070535268	0.836760836081782
3.72826413206603	0.835957697738592
3.73511755877939	0.835154559395375
3.74197098549275	0.834351421052186
3.7488244122061	0.833548282708997
3.75567783891946	0.832745144365778
3.76253126563282	0.831942006022589
3.76938469234617	0.831138867679372
3.77623811905953	0.830335729336182
3.78309154577289	0.829532590992964
3.78994497248624	0.828729452649774
3.7967983991996	0.827926314306587
3.80365182591296	0.826898502408607
3.81050525262631	0.825673716435209
3.81735867933967	0.82444893046184
3.82421210605303	0.823224144488473
3.83106553276638	0.821999358515074
3.83791895947974	0.820774572541706
3.8447723861931	0.819549786568309
3.85162581290645	0.81832500059494
3.85847923961981	0.817100214621542
3.86533266633317	0.815875428648175
3.87218609304652	0.814650642674778
3.87903951975988	0.813425856701407
3.88589294647324	0.81220107072801
3.89274637318659	0.810976284754643
3.89959979989995	0.809751498781245
3.90645322661331	0.809093892623242
3.91330665332666	0.808471460407244
3.92016008004002	0.807849028191274
3.92701350675338	0.807226595975304
3.93386693346673	0.806604163759306
3.94072036018009	0.805981731543338
3.94757378689345	0.80535929932734
3.9544272136068	0.80473686711137
3.96128064032016	0.80411443489537
3.96813406703352	0.803492002679401
3.97498749374687	0.802869570463433
3.98184092046023	0.802247138247435
3.98869434717359	0.801624706031463
3.99554777388694	0.801002273815465
4.0024012006003	0.800239145831333
4.00925462731366	0.799215144443755
4.01610805402701	0.798191143056176
4.02296148074037	0.797167141668597
4.02981490745373	0.796143140281019
4.03666833416708	0.79511913889344
4.04352176088044	0.794095137505862
4.0503751875938	0.793071136118284
4.05722861430715	0.792047134730705
4.06408204102051	0.791023133343098
4.07093546773387	0.78999913195552
4.07778889444722	0.788975130567941
4.08464232116058	0.787951129180364
4.09149574787394	0.786927127792786
4.09834917458729	0.785903126405207
4.10520260130065	0.784711462560572
4.11205602801401	0.783466598128604
4.11890945472736	0.782221733696637
4.12576288144072	0.780976869264697
4.13261630815408	0.779732004832731
4.13946973486743	0.778487140400761
4.14632316158079	0.777242275968795
4.15317658829415	0.775997411536827
4.1600300150075	0.774752547104858
4.16688344172086	0.77350768267292
4.17373686843422	0.772262818240952
4.18059029514757	0.771017953808986
4.18744372186093	0.769773089377016
4.19429714857429	0.768528224945049
4.20115057528764	0.767229427135297
4.208004002001	0.765663307366058
4.21485742871436	0.734800225040987
4.22171085542771	0.73323410527175
4.22856428214107	0.731667985502511
4.23541770885443	0.730101865733246
4.24227113556778	0.728535745964007
4.24912456228114	0.72696962619477
4.2559779889945	0.725403506425533
4.26283141570785	0.723837386656294
4.26968484242121	0.722271266887057
4.27653826913457	0.72070514711779
4.28339169584793	0.719139027348553
4.29024512256128	0.717572907579316
4.29709854927464	0.716006787810078
4.30395197598799	0.743864989578449
4.31080540270135	0.7425197328536
4.31765882941471	0.741174476128722
4.32451225612806	0.739829219403873
4.33136568284142	0.738483962678996
4.33821910955478	0.737138705954149
4.34507253626813	0.735793449229301
4.35192596298149	0.734448192504424
4.35877938969485	0.733102935779575
4.3656328164082	0.731757679054697
4.37248624312156	0.730412422329848
4.37933966983492	0.729067165604971
4.38619309654827	0.727721908880124
4.39304652326163	0.726376652155246
4.39989994997499	0.725031395430399
4.40675337668834	0.723448714596765
4.4136068034017	0.721862516368957
4.42046023011506	0.720276318141121
4.42731365682841	0.718690119913312
4.43416708354177	0.717103921685476
4.44102051025513	0.715517723457639
4.44787393696848	0.713931525229831
4.45472736368184	0.712345327001993
4.4615807903952	0.710759128774185
4.46843421710855	0.70917293054635
4.47528764382191	0.678289769762707
4.48214107053527	0.676703571534869
4.48899449724862	0.675117373307061
4.49584792396198	0.673531175079226
4.50270135067534	0.672000375810134
4.5095547773887	0.670554726792349
4.51640820410205	0.669109077774591
4.52326163081541	0.667663428756832
4.53011505752876	0.666217779739074
4.53696848424212	0.664772130721316
4.54382191095548	0.663326481703559
4.55067533766884	0.661880832685773
4.55752876438219	0.660435183668015
4.56438219109555	0.658989534650256
4.5712356178089	0.6575438856325
4.57808904452226	0.656098236614741
4.58494247123562	0.654652587596985
4.59179589794898	0.682503901135031
4.59864932466233	0.681058252117273
4.60550275137569	0.679822181170813
4.61235617808904	0.678637552114616
4.6192096048024	0.677452923058388
4.62606303151576	0.705565256557994
4.63291645822911	0.704380627501766
4.63976988494247	0.703195998445538
4.64662331165583	0.70201136938934
4.65347673836918	0.700826740333112
4.66033016508254	0.699642111276884
4.6671835917959	0.698457482220656
4.67403701850925	0.697272853164428
4.68089044522261	0.696088224108231
4.68774387193597	0.694903595052003
4.69459729864933	0.693718965995775
4.70145072536268	0.692593839524835
4.70830415207604	0.691690308888736
4.71515757878939	0.690786778252637
4.72201100550275	0.689883247616538
4.72886443221611	0.688979716980439
4.73571785892947	0.688076186344311
4.74257128564282	0.687172655708213
4.74942471235618	0.686269125072115
4.75627813906953	0.685365594436017
4.76313156578289	0.684462063799917
4.76998499249625	0.683558533163819
4.77683841920961	0.68265500252772
4.78369184592296	0.681751471891621
4.79054527263632	0.680847941255523
4.79739869934967	0.679944410619395
4.80425212606303	0.707777257837919
4.81110555277639	0.705970196565723
4.81795897948975	0.704163135293495
4.8248124062031	0.702356074021298
4.83166583291646	0.700549012749101
4.83851925962981	0.698741951476905
4.84537268634317	0.696934890204679
4.85222611305653	0.695127828932481
4.85907953976989	0.693320767660283
4.86593296648324	0.691513706388087
4.8727863931966	0.689706645115889
4.87963981990996	0.687899583843663
4.88649324662331	0.686092522571465
4.89334667333667	0.684285461299269
4.90020010005003	0.682508297877801
4.90705352676338	0.68172523799318
4.91390695347674	0.680942178108563
4.9207603801901	0.680159118223945
4.92761380690345	0.679376058339325
4.93446723361681	0.678592998454676
4.94132066033016	0.677809938570058
4.94817408704352	0.677026878685439
4.95502751375688	0.67624381880082
4.96188094047024	0.675460758916202
4.96873436718359	0.674677699031584
4.97558779389695	0.673894639146963
4.9824412206103	0.673111579262346
4.98929464732366	0.672328519377728
4.99614807403702	0.671545459493107
5.00300150075038	0.670648084296851
5.00985492746373	0.669604004450703
5.01670835417709	0.668559924604525
5.02356178089044	0.638218882202542
5.0304152076038	0.637174802356364
5.03726863431716	0.636130722510215
5.04412206103052	0.635086642664038
5.05097548774387	0.634042562817889
5.05782891445723	0.632998482971711
5.06468234117058	0.631954403125561
5.07153576788394	0.630910323279383
5.0783891945973	0.629866243433235
5.08524262131066	0.628822163587087
5.09209604802401	0.627778083740909
5.09894947473737	0.626734003894761
5.10580290145073	0.625043895979811
5.11265632816408	0.623236834707613
5.11950975487744	0.621429773435416
5.1263631815908	0.61962271216322
5.13321660830415	0.617815650891021
5.14007003501751	0.616008589618795
5.14692346173087	0.614201528346598
5.15377688844422	0.612394467074402
5.16063031515758	0.610587405802204
5.16748374187094	0.608780344530007
5.17433716858429	0.60697328325778
5.18119059529765	0.605166221985584
5.18804402201101	0.603359160713386
5.19489744872436	0.601552099441189
5.20175087543772	0.600057939695036
5.20860430215108	0.599475664396207
5.21545772886443	0.598893389097378
5.22231115557779	0.598311113798548
5.22916458229115	0.597728838499749
5.2360180090045	0.597146563200922
5.24287143571786	0.596564287902092
5.24972486243121	0.595982012603263
5.25657828914457	0.595399737304464
5.26343171585793	0.594817462005635
5.27028514257129	0.594235186706807
5.27713856928464	0.593652911408008
5.283991995998	0.593070636109179
5.29084542271136	0.59248836081035
5.29769884942471	0.59190608551152
5.30455227613807	0.590977053767461
5.31140570285143	0.589872738545545
5.31825912956478	0.588768423323655
5.32511255627814	0.587664108101738
5.3319659829915	0.557262830324015
5.33881940970485	0.556158515102097
5.34567283641821	0.555054199880209
5.35252626313157	0.553949884658291
5.35937968984492	0.552845569436403
5.36623311655828	0.551741254214484
5.37308654327164	0.550636938992596
5.37993996998499	0.549532623770708
5.38679339669835	0.54842830854879
5.39364682341171	0.547323993326902
5.40050025012506	0.546218212524082
5.40735367683842	0.545093818843592
5.41420710355178	0.543969425163104
5.42106053026513	0.542845031482617
5.42791395697849	0.541720637802127
5.43476738369185	0.54059624412167
5.4416208104052	0.539471850441182
5.44847423711856	0.538347456760694
5.45532766383192	0.537223063080206
5.46218109054527	0.536098669399717
5.46903451725863	0.534974275719259
5.47588794397199	0.533849882038771
5.48274137068534	0.532725488358282
5.4895947973987	0.531601094677796
5.49644822411206	0.530476700997307
5.50330165082541	0.529265251810301
5.51015507753877	0.527960152002593
5.51700850425213	0.526655052194885
5.52386193096548	0.525349952387176
5.53071535767884	0.524044852579498
5.5375687843922	0.522739752771791
5.54442221110555	0.521434652964085
5.55127563781891	0.520129553156376
5.55812906453227	0.518824453348668
5.56498249124562	0.51751935354096
5.57183591795898	0.516214253733281
5.57868934467234	0.514909153925574
5.58554277138569	0.513604054117868
5.59239619809905	0.512298954310159
5.59924962481241	0.510993854502451
5.60610305152576	0.51004635643881
5.61295647823912	0.509142825802712
5.61980990495248	0.508239295166614
5.62666333166583	0.507335764530515
5.63351675837919	0.506432233894417
5.64037018509255	0.505528703258318
5.6472236118059	0.504625172622191
5.65407703851926	0.503721641986091
5.66093046523262	0.502818111349993
5.66778389194597	0.501914580713894
5.67463731865933	0.501011050077796
5.68149074537269	0.500107519441697
5.68834417208604	0.469907026249765
5.6951975987994	0.469003495613667
5.70205102551276	0.468075929450481
5.70890445222611	0.467092084980073
5.71575787893947	0.466108240509665
5.72261130565283	0.465124396039226
5.72946473236618	0.464140551568816
5.73631815907954	0.46315670709838
5.7431715857929	0.462172862627971
5.75002501250625	0.461189018157533
5.75687843921961	0.460205173687125
5.76373186593297	0.459221329216686
5.77058529264632	0.458237484746278
5.77743871935968	0.45725364027587
5.78429214607304	0.456269795805431
5.79114557278639	0.484582913890856
5.79799899949975	0.483599069420419
5.80485242621311	0.482373550656569
5.81170585292646	0.481048372390291
5.81855927963982	0.479723194124013
5.82541270635318	0.478398015857736
5.83226613306653	0.477072837591458
5.83911955977989	0.47574765932518
5.84597298649325	0.474422481058902
5.8528264132066	0.473097302792594
5.85967983991996	0.471772124526316
5.86653326663332	0.470446946260038
5.87338669334667	0.46912176799376
5.88024012006003	0.467796589727483
5.88709354677339	0.466471411461205
5.89394697348674	0.465146233194897
5.9008004002001	0.463760086762429
5.90765382691346	0.461912868573062
5.91450725362681	0.460065650383695
5.92136068034017	0.458218432194328
5.92821410705353	0.45637121400499
5.93506753376688	0.454523995815624
5.94192096048024	0.452676777626256
5.9487743871936	0.450829559436891
5.95562781390695	0.448982341247522
5.96248124062031	0.447135123058157
5.96933466733367	0.445287904868788
5.97618809404702	0.443440686679423
5.98304152076038	0.441593468490085
5.98989494747374	0.43974625030072
5.99674837418709	0.437899032111351
6.00360180090045	0.436579423052547
6.01045522761381	0.435736127792189
6.01730865432716	0.43489283253183
6.02416208104052	0.434049537271472
6.03101550775388	0.433206242011114
6.03786893446723	0.432362946750754
6.04472236118059	0.431519651490395
6.05157578789395	0.430676356230009
6.0584292146073	0.429833060969649
6.06528264132066	0.42898976570929
6.07213606803402	0.428146470448932
6.07898949474737	0.427303175188574
6.08584292146073	0.426459879928214
6.09269634817409	0.425616584667855
6.09954977488744	0.424773289407497
6.1064032016008	0.423892475275605
6.11325662831416	0.423009023098107
6.12011005502751	0.422125570920578
6.12696348174087	0.42124211874305
6.13381690845423	0.420358666565521
6.14067033516758	0.419475214388023
6.14752376188094	0.418591762210494
6.1543771885943	0.417708310032965
6.16123061530765	0.416824857855439
6.16808404202101	0.415941405677938
6.17493746873437	0.41505795350041
6.18179089544772	0.414174501322881
6.18864432216108	0.413291049145354
6.19549774887444	0.412407596967826
6.20235117558779	0.411427709565903
6.20920460230115	0.410263158968244
6.21605802901451	0.43839557092645
6.22291145572786	0.437231020328794
6.22976488244122	0.436066469731165
6.23661830915458	0.434901919133508
6.24347173586793	0.43373736853588
6.25032516258129	0.432572817938252
6.25717858929465	0.431408267340593
6.264032016008	0.430243716742965
6.27088544272136	0.429079166145306
6.27773886943472	0.427914615547678
6.28459229614807	0.426750064950021
6.29144572286143	0.425585514352393
6.29829914957479	0.424420963754736
6.30515257628814	0.423196031223252
6.3120060030015	0.421951166791315
6.31885942971486	0.420706302359345
6.32571285642821	0.419461437927379
6.33256628314157	0.418216573495411
6.33941970985493	0.416971709063443
6.34627313656828	0.415726844631504
6.35312656328164	0.414481980199536
6.359979989995	0.41323711576757
6.36683341670835	0.411992251335602
6.37368684342171	0.410747386903634
6.38054027013507	0.409502522471695
6.38739369684842	0.408257658039727
6.39424712356178	0.377715831051925
6.40110055027514	0.376480639454031
6.40795397698849	0.375296010397803
6.41480740370185	0.374111381341576
6.42166083041521	0.372926752285348
6.42851425712856	0.37174212322912
6.43536768384192	0.370557494172922
6.44222111055528	0.369372865116694
6.44907453726863	0.368188236060466
6.45592796398199	0.367003607004238
6.46278139069535	0.36581897794801
6.4696348174087	0.364634348891812
6.47648824412206	0.33415275727975
6.48334167083542	0.332968128223522
6.49019509754877	0.331783499167294
6.49704852426213	0.330598870111066
6.50390195097549	0.329139884306946
6.51075537768884	0.327473372244828
6.5176088044022	0.32580686018268
6.52446223111556	0.324140348120534
6.53131565782891	0.322473836058386
6.53816908454227	0.320807323996238
6.54502251125563	0.319140811934092
6.55187593796898	0.317474299871946
6.55872936468234	0.315807787809826
6.5655827913957	0.31414127574768
6.57243621810905	0.312474763685533
6.57928964482241	0.310808251623386
6.58614307153577	0.309141739561238
6.59299649824912	0.307475227499091
6.59984992496248	0.305808715436945
6.60670335167584	0.30545800192323
6.61355677838919	0.305136746585929
6.62041020510255	0.304815491248659
6.62726363181591	0.30449423591139
6.63411705852926	0.304172980574091
6.64097048524262	0.303851725236822
6.64782391195598	0.303530469899523
6.65467733866933	0.303209214562253
6.66153076538269	0.302887959224982
6.66838419209605	0.302566703887683
6.6752376188094	0.302245448550415
6.68209104552276	0.301924193213146
6.68894447223612	0.301602937875847
6.69579789894947	0.301281682538576
6.70265132566283	0.300307950576495
6.70950475237619	0.298300104718477
6.71635817908954	0.296292258860491
6.7232116058029	0.294284413002475
6.73006503251626	0.292276567144458
6.73691845922961	0.290268721286472
6.74377188594297	0.288260875428455
6.75062531265633	0.286253029570468
6.75747873936968	0.254948221156617
6.76433216608304	0.25294037529863
6.7711855927964	0.250932529440614
6.77803901950975	0.248924683582597
6.78489244622311	0.24691683772461
6.79174587293647	0.244908991866594
6.79859929964983	0.242901146008607
6.80545272636318	0.241484368934928
6.81230615307654	0.24021942604439
6.8191595797899	0.238954483153852
6.82601300650325	0.237689540263285
6.83286643321661	0.236424597372746
6.83971985992997	0.235159654482209
6.84657328664332	0.233894711591671
6.85342671335668	0.232629768701133
6.86028014007004	0.231364825810595
6.86713356678339	0.230099882920056
6.87398699349675	0.22883494002949
6.88084042021011	0.227569997138951
6.88769384692346	0.226305054248413
6.89454727363682	0.225040111357876
6.90140070035017	0.223697199562496
6.90825412706353	0.222050765958919
6.91510755377689	0.220404332355372
6.92196098049024	0.218757898751795
6.9288144072036	0.217111465148218
6.93566783391696	0.215465031544671
6.94252126063031	0.213818597941093
6.94937468734367	0.212172164337545
6.95622811405703	0.210525730733969
6.96308154077038	0.208879297130421
6.96993496748374	0.207232863526844
6.9767883941971	0.205586429923297
6.98364182091046	0.203939996319719
6.99049524762381	0.202293562716172
6.99734867433717	0.200647129112595
7.00420210105053	0.199505441577289
7.01105552776388	0.1986822247755
7.01790895447724	0.197859007973711
7.0247623811906	0.197035791171952
7.03161580790395	0.196212574370164
7.03846923461731	0.195389357568375
7.04532266133067	0.194566140766587
7.05217608804402	0.193742923964828
7.05902951475738	0.134325782051371
7.06588294147074	0.104205602693748
7.07273636818409	0.10338238589196
7.07958979489745	0.102559169090171
7.08644322161081	0.101735952288412
7.09329664832416	0.100912735486624
7.10015007503752	0.100096113798959
7.10700350175088	0.0995740738758993
7.11385692846423	0.0990520339528103
7.12071035517759	0.0985299940297213
7.12756378189095	0.0980079541066615
7.1344172086043	0.0974859141835725
7.14127063531766	0.0969638742604835
7.14812406203102	0.0964418343373953
7.15497748874437	0.0959197944143354
7.16183091545773	0.0953977544912464
7.16868434217109	0.0948757145681574
7.17553776888444	0.0943536746450684
7.1823911955978	0.0938316347220086
7.18924462231116	0.0933095947989196
7.19609804902451	0.0927875548758306
7.20295147573787	0.0920925764044102
7.20980490245123	0.0911689673097118
7.21665832916458	0.0902453582150433
7.22351175587794	0.0893217491203449
7.2303651825913	0.0883981400256765
7.23721860930465	0.0874745309310072
7.24407203601801	0.0865509218363096
7.25092546273137	0.0856273127416403
7.25777888944472	0.0847037036469428
7.26463231615808	0.0837800945522735
7.27148574287144	0.0828564854575759
7.27833916958479	0.0819328763629074
7.28519259629815	0.0810092672682382
7.29204602301151	0.0800856581735406
7.29889944972486	0.0791620490788713
7.30575287643822	0.0778845021924237
7.31260630315158	0.0765392454675463
7.31945972986493	0.0751939887426981
7.32631315657829	0.0738487320178208
7.33316658329165	0.0725034752929725
7.340020010005	0.0711582185680952
7.34687343671836	0.069812961843247
7.35372686343172	0.0684677051183987
7.36058029014507	0.0671224483935214
7.36743371685843	0.0657771916686732
7.37428714357179	0.0644319349437958
7.38114057028514	0.0630866782189476
7.3879939969985	0.0324444589382358
7.39484742371186	0.0310992022133876
7.40170085042521	0.0297489625134039
7.40855427713857	0.0283836273299562
7.41540770385193	0.0270182921465084
7.42226113056528	0.0256529569630607
7.42911455727864	0.024287621779613
7.435967983992	0.0229222865961661
7.44282141070535	0.0215569514127475
7.44967483741871	0.0201916162292998
7.45652826413207	0.0188262810458521
7.46338169084542	0.0174609458624044
7.47023511755878	0.0160956106789567
7.47708854427214	0.0147302754955098
7.48394197098549	0.0133649403120912
7.49079539769885	0.0119996051286435
7.49764882441221	0.0106342699451958
7.50450225112556	0.00878089631598796
7.51135567783892	0.00667265816506161
7.51820910455228	0.00456442001416523
7.52506253126563	0.00245618186326886
7.53191595797899	0.000347943712371648
7.53876938469235	-0.00176029443855387
7.5456228114057	-0.00386853258945108
7.55247623811906	-0.00597677074034745
7.55932966483242	-0.00808500889124383
7.56618309154577	-0.0101932470421702
7.57303651825913	-0.0123014851930666
7.57988994497249	-0.0144097233439629
7.58674337168584	-0.0165179614948601
7.5935967983992	-0.0186261996457857
7.60045022511256	-0.0207172904999486
7.60730365182591	-0.0225645086892863
7.61415707853927	-0.0244117268786532
7.62101050525263	-0.02625894506802
7.62786393196598	-0.0281061632573869
7.63471735867934	-0.0299533814467537
7.6415707853927	-0.0318005996361206
7.64842421210605	-0.0336478178254875
7.65527763881941	-0.0354950360148535
7.66213106553277	-0.0373422542041912
7.66898449224612	-0.0391894723935581
7.67583791895948	-0.041036690582925
7.68269134567284	-0.0135869462164574
7.68954477238619	-0.0154341644058243
7.69639819909955	-0.0172813825951912
7.70325162581291	-0.019119074508569
7.71010505252626	-0.0209462142393655
7.71695847923962	-0.022773353970162
7.72381190595298	-0.0246004937009294
7.73066533266633	-0.0264276334317259
7.73751875937969	-0.0282547731624932
7.74437218609305	-0.0300819128932898
7.7512256128064	-0.0319090526240571
7.75807903951976	-0.0337361923548536
7.76493246623312	-0.035563332085621
7.77178589294647	-0.0373904718164175
7.77863931965983	-0.0392176115471849
7.78549274637319	-0.0410447512779822
7.79234617308654	-0.0428718910087787
7.7991995997999	-0.0446990307395461
7.80605302651326	-0.0454621587236791
7.81290645322661	-0.0460845909396482
7.81975987993997	-0.0467070231556464
7.82661330665333	-0.0473294553716155
7.83346673336668	-0.0479518875876145
7.84032016008004	-0.0485743198035836
7.8471735867934	-0.0491967520195818
7.85402701350675	-0.0498191842355518
7.86088044022011	-0.0504416164515208
7.86773386693347	-0.0510640486675191
7.87458729364682	-0.0516864808834881
7.88144072036018	-0.0523089130994872
7.88829414707354	-0.0529313453154563
7.89514757378689	-0.0535537775314254
7.90200100050025	-0.0543755287523103
7.90885442721361	-0.0556806285599886
7.91570785392696	-0.056985728367697
7.92256128064032	-0.0582908281754045
7.92941470735368	-0.059595927983112
7.93626813406703	-0.0609010277908195
7.94312156078039	-0.0622061275985279
7.94997498749375	-0.0635112274062062
7.9568284142071	-0.0648163272139137
7.96368184092046	-0.0661214270216212
7.97053526763382	-0.0674265268293287
7.97738869434717	-0.0687316266370363
7.98424212106053	-0.0700367264447146
7.99109554777389	-0.071341826252423
7.99794897448724	-0.0726469260601305
8.0048024012006	-0.0736565647547267
8.01165582791396	-0.0745400169322253
8.01850925462731	-0.0754234691097539
8.02536268134067	-0.0763069212872824
8.03221610805403	-0.077190373464811
8.03906953476738	-0.0780738256423096
8.04592296148074	-0.0789572778198382
8.0527763881941	-0.0798407299973667
8.05962981490745	-0.0807241821748953
8.06648324162081	-0.081607634352423
8.07333666833417	-0.0824910865299225
8.08019009504752	-0.083374538707451
8.08704352176088	-0.0842579908849788
8.09389694847424	-0.0851414430625073
8.10075037518759	-0.0859105799283965
8.10760380190095	-0.085749952259747
8.11445722861431	-0.0855893245911276
8.12131065532766	-0.0854286969224782
8.12816408204102	-0.0852680692538287
8.13501750875438	-0.114404404141042
8.14187093546773	-0.114243776472393
8.14872436218109	-0.114083148803743
8.15557778889445	-0.113922521135094
8.1624312156078	-0.113761893466474
8.16928464232116	-0.113601265797825
8.17613806903452	-0.113440638129175
8.18299149574787	-0.113280010460554
8.18984492246123	-0.113119382791905
8.19669834917459	-0.112958755123255
8.20355177588795	-0.113464087423864
8.2104052026013	-0.114588481104352
8.21725862931466	-0.115712874784839
8.22411205602801	-0.116837268465328
8.23096548274137	-0.117961662145816
8.23781890945473	-0.119086055826274
8.24467233616808	-0.120210449506762
8.25152576288144	-0.12133484318725
8.2583791895948	-0.122459236867739
8.26523261630815	-0.123583630548227
8.27208604302151	-0.124708024228684
8.27893946973487	-0.125832417909173
8.28579289644822	-0.126956811589662
8.29264632316158	-0.128081205270149
8.29949974987494	-0.129205598950637
8.30635317658829	-0.130776701694981
8.31320660330165	-0.132382978381388
8.32006003001501	-0.133989255067796
8.32691345672836	-0.135595531754203
8.33376688344172	-0.13720180844061
8.34062031015508	-0.138808085127017
8.34747373686843	-0.140414361813395
8.35432716358179	-0.142020638499803
8.36118059029515	-0.14362691518621
8.3680340170085	-0.145233191872616
8.37488744372186	-0.146839468559024
8.38174087043522	-0.148445745245432
8.38859429714858	-0.150052021931839
8.39544772386193	-0.151658298618217
8.40230115057529	-0.153055583465693
8.40915457728864	-0.154039427936101
8.416008004002	-0.155023272406539
8.42286143071536	-0.156007116876948
8.42971485742871	-0.156990961347387
8.43656828414207	-0.157974805817794
8.44342171085543	-0.158958650288232
8.45027513756878	-0.159942494758642
8.45712856428214	-0.160926339229049
8.4639819909955	-0.161910183699488
8.47083541770886	-0.162894028169897
8.47768884442221	-0.163877872640334
8.48454227113557	-0.164861717110743
8.49139569784892	-0.165845561581182
8.49824912456228	-0.16682940605159
8.50510255127564	-0.167977688701049
8.51195597798899	-0.169182396215848
8.51880940470235	-0.170387103730646
8.52566283141571	-0.171591811245443
8.53251625812906	-0.172796518760243
8.53936968484242	-0.17400122627507
8.54622311155578	-0.175205933789867
8.55307653826913	-0.176410641304666
8.55992996498249	-0.177615348819464
8.56678339169585	-0.178820056334261
8.5736368184092	-0.18002476384906
8.58049024512256	-0.210526433919692
8.58734367183592	-0.21173114143452
8.59419709854927	-0.212935848949317
8.60105052526263	-0.243545239217436
8.60790395197599	-0.245452692782543
8.61475737868934	-0.247360146347649
8.6216108054027	-0.249267599912756
8.62846423211606	-0.251175053477862
8.63531765882941	-0.25308250704294
8.64217108554277	-0.254989960608046
8.64902451225613	-0.256897414173153
8.65587793896949	-0.258804867738261
8.66273136568284	-0.260712321303368
8.6695847923962	-0.262619774868474
8.67643821910955	-0.26452722843358
8.68329164582291	-0.266434681998687
8.69014507253627	-0.268342135563794
8.69699849924962	-0.270249589128871
8.70385192596298	-0.271920058259504
8.71070535267634	-0.273405864194431
8.71755877938969	-0.27489167012936
8.72441220610305	-0.276377476064287
8.73126563281641	-0.277863281999185
8.73811905952977	-0.279349087934112
8.74497248624312	-0.28083489386904
8.75182591295648	-0.282320699803967
8.75867933966983	-0.283806505738894
8.76553276638319	-0.285292311673822
8.77238619309655	-0.286778117608721
8.7792396198099	-0.288263923543648
8.78609304652326	-0.289749729478575
8.79294647323662	-0.291235535413502
8.79979989994997	-0.29272134134843
8.80665332666333	-0.29444105399791
8.81350675337669	-0.296167801435797
8.82036018009005	-0.297894548873655
8.8272136068034	-0.299621296311541
8.83406703351676	-0.301348043749429
8.84092046023012	-0.303074791187316
8.84777388694347	-0.304801538625203
8.85462731365683	-0.30652828606309
8.86148074037018	-0.308255033500977
8.86833416708354	-0.309981780938835
8.8751875937969	-0.311708528376721
8.88204102051025	-0.313435275814609
8.88889444722361	-0.315162023252496
8.89574787393697	-0.316888770690383
8.90260130065032	-0.318539307920502
8.90945472736368	-0.320065270772598
8.91630815407704	-0.321591233624666
8.9231615807904	-0.323117196476763
8.93001500750375	-0.324643159328831
8.93686843421711	-0.326169122180928
8.94372186093046	-0.327695085033025
8.95057528764382	-0.329221047885092
8.95742871435718	-0.33074701073719
8.96428214107053	-0.332272973589259
8.97113556778389	-0.333798936441355
8.97798899449725	-0.364621861849257
8.9848424212106	-0.366147824701354
8.99169584792396	-0.367673787553422
8.99854927463732	-0.36919975040552
9.00540270135068	-0.37026669331399
9.01225612806403	-0.371210380867258
9.01910955477739	-0.372154068420526
9.02596298149075	-0.373097755973795
9.0328164082041	-0.374041443527033
9.03966983491746	-0.374985131080302
9.04652326163082	-0.37592881863357
9.05337668834417	-0.376872506186838
9.06023011505753	-0.377816193740077
9.06708354177088	-0.378759881293346
9.07393696848424	-0.379703568846614
9.0807903951976	-0.380647256399882
9.08764382191096	-0.381590943953121
9.09449724862431	-0.382534631506389
9.10135067533767	-0.383434791306398
9.10820410205103	-0.384157615815277
9.11505752876438	-0.384880440324156
9.12191095547774	-0.385603264833035
9.1287643821911	-0.386326089341914
9.13561780890445	-0.387048913850792
9.14247123561781	-0.387771738359671
9.14932466233116	-0.38849456286855
9.15617808904452	-0.38921738737743
9.16303151575788	-0.389940211886308
9.16988494247123	-0.390663036395187
9.17673836918459	-0.391385860904095
9.18359179589795	-0.392108685412975
9.19044522261131	-0.392831509921853
9.19729864932466	-0.393554334430731
9.20415207603802	-0.395517919745008
9.21100550275138	-0.398288747029044
9.21785892946473	-0.401059574313078
9.22471235617809	-0.403830401597144
9.23156578289145	-0.406601228881179
9.2384192096048	-0.409372056165215
9.24527263631816	-0.41214288344928
9.25212606303151	-0.414913710733316
9.25897948974487	-0.417684538017351
9.26583291645823	-0.420455365301416
9.27268634317159	-0.423226192585452
9.27953976988494	-0.425997019869487
9.2863931965983	-0.428767847153552
9.29324662331166	-0.431538674437587
9.30010005002501	-0.43428898358877
9.30695347673837	-0.435654318772218
9.31380690345173	-0.437019653955666
9.32066033016508	-0.438384989139113
9.32751375687844	-0.439750324322531
9.33436718359179	-0.441115659505979
9.34122061030515	-0.442480994689427
9.34807403701851	-0.443846329872874
9.35492746373187	-0.445211665056322
9.36178089044522	-0.475873962795575
9.36863431715858	-0.477239297979022
9.37548774387194	-0.47860463316247
9.38234117058529	-0.479969968345917
9.38919459729865	-0.481335303529365
9.39604802401201	-0.482700638712813
9.40290145072536	-0.484031972418932
9.40975487743872	-0.48531699376807
9.41660830415208	-0.486602015117177
9.42346173086543	-0.487887036466315
9.43031515757879	-0.489172057815423
9.43716858429215	-0.49045707916456
9.4440220110055	-0.491742100513669
9.45087543771886	-0.493027121862806
9.45772886443222	-0.494312143211915
9.46458229114557	-0.495597164561052
9.47143571785893	-0.49688218591016
9.47828914457229	-0.498167207259298
9.48514257128564	-0.499452228608406
9.491995997999	-0.500737249957544
9.49884942471236	-0.502022271306651
9.50570285142571	-0.504627194830762
9.51255627813907	-0.507498414407707
9.51940970485242	-0.510369633984653
9.52626313156578	-0.513240853561598
9.53311655827914	-0.516112073138543
9.5399699849925	-0.518983292715489
9.54682341170585	-0.521854512292433
9.55367683841921	-0.524725731869379
9.56053026513257	-0.527596951446323
9.56738369184592	-0.530468171023268
9.57423711855928	-0.533339390600214
9.58109054527264	-0.536210610177159
9.58794397198599	-0.539081829754105
9.59479739869935	-0.54195304933105
9.60165082541271	-0.544466374047759
9.60850425212606	-0.545851787689777
9.61535767883942	-0.547237201331795
9.62221110555278	-0.548622614973813
9.62906453226613	-0.55000802861583
9.63591795897949	-0.551393442257847
9.64277138569285	-0.552778855899895
9.6496248124062	-0.554164269541913
9.65647823911956	-0.555549683183931
9.66333166583292	-0.556935096825948
9.67018509254627	-0.558320510467966
9.67703851925963	-0.559705924109984
9.68389194597299	-0.561091337752031
9.69074537268634	-0.562476751394049
9.6975987993997	-0.563862165036067
9.70445222611306	-0.564647569850154
9.71130565282641	-0.565109374397504
9.71815907953977	-0.565571178944823
9.72501250625313	-0.566032983492172
9.73186593296648	-0.566494788039521
9.73871935967984	-0.566956592586871
9.7455727863932	-0.56741839713419
9.75242621310655	-0.567880201681539
9.75927963981991	-0.568342006228888
9.76613306653327	-0.568803810776238
9.77298649324662	-0.569265615323556
9.77983991995998	-0.569727419870906
9.78669334667334	-0.570189224418255
9.79354677338669	-0.570651028965575
9.80040020010005	-0.571193733579601
9.80725362681341	-0.573040951768968
9.81410705352676	-0.574888169958334
9.82096048024012	-0.576735388147701
9.82781390695348	-0.578582606337068
9.83466733366683	-0.580429824526435
9.84152076038019	-0.582277042715802
9.84837418709355	-0.584124260905169
9.8552276138069	-0.585971479094507
9.86208104052026	-0.587818697283873
9.86893446723362	-0.58966591547324
9.87578789394697	-0.591513133662607
9.88264132066033	-0.593360351851974
9.88949474737369	-0.595207570041341
9.89634817408704	-0.597054788230707
9.9032016008004	-0.599417890903293
9.91005502751376	-0.602369424314548
9.91690845422711	-0.576023995169998
9.92376188094047	-0.578975528581253
9.93061530765383	-0.581927061992509
9.93746873436718	-0.584878595403794
9.94432216108054	-0.587830128815049
9.9511755877939	-0.590781662226304
9.95802901450725	-0.593733195637589
9.96488244122061	-0.596684729048844
9.97173586793397	-0.599636262460099
9.97858929464732	-0.602587795871384
9.98544272136068	-0.605539329282639
9.99229614807404	-0.608490862693894
9.99914957478739	-0.611442396105179
10.0060030015007	-0.613356298226325
10.0128564282141	-0.615123202581353
10.0197098549275	-0.61689010693641
10.0265632816408	-0.618657011291438
10.0334167083542	-0.620423915646494
10.0402701350675	-0.622190820001521
10.0471235617809	-0.623957724356577
10.0539769884942	-0.625724628711606
10.0608304152076	-0.627491533066662
10.067683841921	-0.62925843742169
10.0745372686343	-0.631025341776746
10.0813906953477	-0.632792246131803
10.088244122061	-0.63455915048683
10.0950975487744	-0.636326054841888
10.1019509754877	-0.638007222713215
10.1088044022011	-0.668769912745377
10.1156578289145	-0.670235640221735
10.1225112556278	-0.671701367698063
10.1293646823412	-0.67316709517442
10.1362181090545	-0.674632822650748
10.1430715357679	-0.676098550127104
10.1499249624812	-0.677564277603433
10.1567783891946	-0.67903000507979
10.163631815908	-0.680495732556118
10.1704852426213	-0.681961460032475
10.1773386693347	-0.683427187508803
10.184192096048	-0.68489291498516
10.1910455227614	-0.686358642461488
10.1978989494747	-0.687824369937845
10.2047523761881	-0.68887240685248
10.2116058029015	-0.689735780571409
10.2184592296148	-0.690599154290367
10.2253126563282	-0.691462528009296
10.2321660830415	-0.692325901728254
10.2390195097549	-0.693189275447183
10.2458729364682	-0.694052649166112
10.2527263631816	-0.69491602288507
10.2595797898949	-0.695779396603999
10.2664332166083	-0.696642770322957
10.2732866433217	-0.697506144041886
10.280140070035	-0.698369517760844
10.2869934967484	-0.728529854035608
10.2938469234617	-0.729393227754536
10.3007003501751	-0.730314052245483
10.3075537768884	-0.73173962280467
10.3144072036018	-0.733165193363857
10.3212606303152	-0.734590763923045
10.3281140570285	-0.736016334482203
10.3349674837419	-0.73744190504139
10.3418209104552	-0.768164438156413
10.3486743371686	-0.7695900087156
10.3555277638819	-0.771015579274788
10.3623811905953	-0.772441149833975
10.3692346173087	-0.773866720393133
10.376088044022	-0.745995328396486
10.3829414707354	-0.747420898955674
10.3897948974487	-0.748846469514862
10.3966483241621	-0.750272040074049
10.4035017508754	-0.751636056234648
10.4103551775888	-0.752941156042357
10.4172086043022	-0.754246255850063
10.4240620310155	-0.755551355657772
10.4309154577289	-0.756856455465479
10.4377688844422	-0.758161555273157
10.4446223111556	-0.759466655080865
10.4514757378689	-0.760771754888573
10.4583291645823	-0.762076854696281
10.4651825912956	-0.792678917059823
10.472036018009	-0.793984016867531
10.4788894447224	-0.795289116675209
10.4857428714357	-0.796594216482916
10.4925962981491	-0.797899316290624
10.4994497248624	-0.799204416098332
10.5063031515758	-0.799826262081933
10.5131565782891	-0.800388458922193
10.5200100050025	-0.800950655762422
10.5268634317159	-0.801512852602651
10.5337168584292	-0.80207504944291
10.5405702851426	-0.802637246283139
10.5474237118559	-0.803199443123398
10.5542771385693	-0.803761639963627
10.5611305652826	-0.804323836803857
10.567983991996	-0.804886033644116
10.5748374187094	-0.805448230484344
10.5816908454227	-0.806010427324603
10.5885442721361	-0.806572624164833
10.5953976988494	-0.807134821005062
10.6022511255628	-0.807941037068201
10.6091045522761	-0.809246136875908
10.6159579789895	-0.810551236683616
10.6228114057029	-0.811856336491324
10.6296648324162	-0.813161436299003
10.6365182591296	-0.81446653610671
10.6433716858429	-0.815771635914418
10.6502251125563	-0.817076735722126
10.6570785392696	-0.818381835529833
10.663931965983	-0.819686935337511
10.6707853926963	-0.820992035145219
10.6776388194097	-0.822297134952927
10.6844922461231	-0.823602234760634
10.6913456728364	-0.824907334568343
10.6981990995498	-0.826212434376049
10.7050525262631	-0.826895834758211
10.7119059529765	-0.82735763930556
10.7187593796898	-0.827819443852909
10.7256128064032	-0.828281248400228
10.7324662331166	-0.828743052947578
10.7393196598299	-0.829204857494927
10.7461730865433	-0.829666662042276
10.7530265132566	-0.830128466589595
10.75987993997	-0.830590271136945
10.7667333666833	-0.831052075684294
10.7735867933967	-0.831513880231613
10.7804402201101	-0.831975684778962
10.7872936468234	-0.832437489326312
10.7941470735368	-0.832899293873661
10.8010005002501	-0.83341385933406
10.8078539269635	-0.834237076135818
10.8147073536768	-0.835060292937608
10.8215607803902	-0.835883509739396
10.8284142071036	-0.836706726541184
10.8352676338169	-0.837529943342944
10.8421210605303	-0.867650122700566
10.8489744872436	-0.868473339502355
10.855827913957	-0.869296556304143
10.8626813406703	-0.870119773105903
10.8695347673837	-0.870942989907691
10.876388194097	-0.87176620670948
10.8832416208104	-0.872589423511268
10.8900950475238	-0.873412640313027
10.8969484742371	-0.874235857114815
10.9038019009505	-0.875783070890218
10.9106553276638	-0.877911387499713
10.9175087543772	-0.88003970410918
10.9243621810905	-0.882168020718676
10.9312156078039	-0.884296337328143
10.9380690345173	-0.88642465393764
10.9449224612306	-0.888552970547136
10.951775887944	-0.919978249712437
10.9586293146573	-0.922106566321933
10.9654827413707	-0.924234882931399
10.972336168084	-0.926363199540896
10.9791895947974	-0.928491516150363
10.9860430215108	-0.930619832759859
10.9928964482241	-0.932748149369355
10.9997498749375	-0.934876465978822
11.0066033016508	-0.937681880972554
11.0134567283642	-0.940512943632329
11.0203101550775	-0.943344006292105
11.0271635817909	-0.94617506895191
11.0340170085043	-0.949006131611684
11.0408704352176	-0.951837194271461
11.047723861931	-0.954668256931265
11.0545772886443	-0.95749931959104
11.0614307153577	-0.960330382250816
11.068284142071	-0.963161444910621
11.0751375687844	-0.965992507570397
11.0819909954977	-0.968823570230172
11.0888444222111	-0.971654632889977
11.0956978489245	-1.00378265810559
11.1025512756378	-1.00657634845194
11.1094047023512	-1.00930701881884
11.1162581290645	-1.01203768918573
11.1231115557779	-1.0147683595526
11.1299649824912	-1.0174990299195
11.1368184092046	-1.02022970028639
11.143671835918	-1.02296037065326
11.1505252626313	-1.02569104102015
11.1573786893447	-1.02842171138705
11.164232116058	-1.03115238175391
11.1710855427714	-1.03388305212081
11.1779389694847	-1.0366137224877
11.1847923961981	-1.03934439285457
11.1916458229115	-1.04207506322147
11.1984992496248	-1.04480573358833
11.2053526763382	-1.04537232717133
11.2122061030515	-1.04533217025419
11.2190595297649	-1.04529201333702
11.2259129564782	-1.04525185641985
11.2327663831916	-1.04521169950271
11.239619809905	-1.04517154258554
11.2464732366183	-1.04513138566837
11.2533266633317	-1.04509122875123
11.260180090045	-1.01575410927822
11.2670335167584	-1.01571395236105
11.2738869434717	-1.01567379544391
11.2807403701851	-1.01563363852675
11.2875937968984	-1.01559348160957
11.2944472236118	-1.01555332469243
11.3013006503252	-1.01537217889093
11.3081540770385	-1.01458911900631
11.3150075037519	-1.01380605912169
11.3218609304652	-1.01302299923708
11.3287143571786	-1.01223993935246
11.3355677838919	-1.01145687946781
11.3424212106053	-1.01067381958319
11.3492746373187	-1.00989075969857
11.356128064032	-1.00910769981395
11.3629814907454	-1.00832463992933
11.3698349174587	-1.00754158004472
11.3766883441721	-1.0067585201601
11.3835417708854	-1.00597546027548
11.3903951975988	-1.00519240039086
11.3972486243122	-1.00440934050624
11.4041020510255	-1.00465980828516
11.4109554777389	-1.00560349583843
11.4178089044522	-1.00654718339167
11.4246623311656	-1.00749087094493
11.4315157578789	-1.03773152105404
11.4383691845923	-1.03867520860731
11.4452226113057	-1.03961889616057
11.452076038019	-1.04056258371381
11.4589294647324	-1.04150627126708
11.4657828914457	-1.04244995882035
11.4726363181591	-1.04339364637362
11.4794897448724	-1.04433733392686
11.4863431715858	-1.04528102148013
11.4931965982991	-1.04622470903339
11.5000500250125	-1.01788154653915
11.5069034517259	-1.04950761029028
11.5137568784392	-1.0811336740414
11.5206103051526	-1.08346277523668
11.5274637318659	-1.08579187643197
11.5343171585793	-1.08812097762725
11.5411705852926	-1.09045007882254
11.548024012006	-1.09277918001783
11.5548774387194	-1.09510828121311
11.5617308654327	-1.0974373824084
11.5685842921461	-1.09976648360366
11.5754377188594	-1.10209558479894
11.5822911455728	-1.10442468599423
11.5891445722861	-1.10675378718951
11.5959979989995	-1.1090828883848
11.6028514257129	-1.11100265282962
11.6097048524262	-1.1123479095545
11.6165582791396	-1.11369316627934
11.6234117058529	-1.11503842300422
11.6302651325663	-1.11638367972907
11.6371185592796	-1.11772893645395
11.643971985993	-1.11907419317879
11.6508254127064	-1.12041944990367
11.6576788394197	-1.12176470662852
11.6645322661331	-1.1231099633534
11.6713856928464	-1.12445522007825
11.6782391195598	-1.12580047680312
11.6850925462731	-1.12714573352797
11.6919459729865	-1.12849099025285
11.6987993996998	-1.1298362469777
11.7056528264132	-1.13056874432065
11.7125062531266	-1.13117109807805
11.7193596798399	-1.13177345183545
11.7262131065533	-1.13237580559285
11.7330665332666	-1.13297815935025
11.73991995998	-1.13358051310764
11.7467733866933	-1.13418286686504
11.7536268134067	-1.13478522062244
11.7604802401201	-1.16468453693568
11.7673336668334	-1.16528689069308
11.7741870935468	-1.16588924445047
11.7810405202601	-1.16649159820787
11.7878939469735	-1.16709395196527
11.7947473736868	-1.1676963057227
11.8016008004002	-1.1979473614563
11.8084542271136	-1.2000555996072
11.8153076538269	-1.20216383775812
11.8221610805403	-1.23356903846485
11.8290145072536	-1.23567727661575
11.835867933967	-1.23778551476665
11.8427213606803	-1.23989375291757
11.8495747873937	-1.24200199106847
11.8564282141071	-1.24411022921937
11.8632816408204	-1.2755154299261
11.8701350675338	-1.27762366807702
11.8769884942471	-1.27973190622792
11.8838419209605	-1.28184014437882
11.8906953476738	-1.28394838252971
11.8975487743872	-1.28605662068064
11.9044022011005	-1.287919813702
11.9112556278139	-1.28964656113989
11.9181090545273	-1.29137330857775
11.9249624812406	-1.29310005601564
11.931815907954	-1.29482680345352
11.9386693346673	-1.29655355089141
11.9455227613807	-1.2982802983293
11.952376188094	-1.30000704576719
11.9592296148074	-1.30173379320507
11.9660830415208	-1.30346054064296
11.9729364682341	-1.30518728808082
11.9797898949475	-1.33621099807454
11.9866433216608	-1.33793774551243
11.9934967483742	-1.33966449295031
12.0003501750875	-1.34139329220147
12.0072036018009	-1.34316019655653
12.0140570285143	-1.34492710091155
12.0209104552276	-1.34669400526661
12.027763881941	-1.34846090962167
12.0346173086543	-1.32093085142086
12.0414707353677	-1.35199471833174
12.048324162081	-1.35376162268678
12.0551775887944	-1.35552852704183
12.0620310155078	-1.35729543139687
12.0688844422211	-1.35906233575191
12.0757378689345	-1.36082924010696
12.0825912956478	-1.362596144462
12.0894447223612	-1.36436304881704
12.0962981490745	-1.36612995317209
12.1031515757879	-1.36845084711423
12.1100050025013	-1.37142245898407
12.1168584292146	-1.37439407085392
12.123711855928	-1.37736568272377
12.1305652826413	-1.40963425714945
12.1374187093547	-1.41260586901929
12.144272136068	-1.41557748088914
12.1511255627814	-1.41854909275898
12.1579789894947	-1.42152070462883
12.1648324162081	-1.42449231649867
12.1716858429215	-1.42746392836852
12.1785392696348	-1.40113857768253
12.1853926963482	-1.40411018955237
12.1922461230615	-1.40708180142222
12.1990995497749	-1.41005341329206
12.2059529764882	-1.41152514965017
12.2128064032016	-1.41277001408213
12.219659829915	-1.4140148785141
12.2265132566283	-1.41525974294606
12.2333666833417	-1.41650460737802
12.240220110055	-1.44704643436582
12.2470735367684	-1.44829129879778
12.2539269634817	-1.44953616322974
12.2607803901951	-1.4507810276617
12.2676338169085	-1.45202589209367
12.2744872436218	-1.45327075652563
12.2813406703352	-1.45451562095759
12.2881940970485	-1.45576048538956
12.2950475237619	-1.45700534982152
12.3019009504752	-1.45838944444071
12.3087543771886	-1.46013627033718
12.315607803902	-1.46188309623364
12.3224612306153	-1.49292688468594
12.3293146573287	-1.4946737105824
12.336168084042	-1.49642053647886
12.3430215107554	-1.46887039981949
12.3498749374687	-1.47061722571595
12.3567283641821	-1.47236405161242
12.3635817908954	-1.44481391495305
12.3704352176088	-1.44656074084951
12.3772886443222	-1.44830756674597
12.3841420710355	-1.45005439264244
12.3909954977489	-1.4518012185389
12.3978489244622	-1.4828450069912
12.4047023511756	-1.48431630367503
12.4115557778889	-1.48566156039989
12.4184092046023	-1.48700681712475
12.4252626313157	-1.48835207384962
12.432116058029	-1.51899429313031
12.4389694847424	-1.52033954985518
12.4458229114557	-1.52168480658004
12.4526763381691	-1.5230300633049
12.4595297648824	-1.52437532002976
12.4663831915958	-1.52572057675462
12.4732366183092	-1.52706583347949
12.4800900450225	-1.52841109020435
12.4869434717359	-1.52975634692921
12.4937968984492	-1.53110160365407
12.5006503251626	-1.56171143359648
12.5075037518759	-1.59201231908131
12.5143571785893	-1.59301624201032
12.5212106053027	-1.59402016493932
12.528064032016	-1.59502408786832
12.5349174587294	-1.59602801079732
12.5417708854427	-1.62632889628216
12.5486243121561	-1.62733281921116
12.5554777388694	-1.62833674214016
12.5623311655828	-1.658637627625
12.5691845922961	-1.659641550554
12.5760380190095	-1.660645473483
12.5828914457229	-1.661649396412
12.5897448724362	-1.66265331934101
12.5965982991496	-1.66365724227001
12.6034517258629	-1.66523757817416
12.6103051525763	-1.66738597324222
12.6171585792896	-1.66953436831028
12.624012006003	-1.67168276337835
12.6308654327164	-1.70312812100225
12.6377188594297	-1.70527651607031
12.6445722861431	-1.70742491113838
12.6514257128564	-1.70957330620644
12.6582791395698	-1.7117217012745
12.6651325662831	-1.71387009634257
12.6719859929965	-1.71601849141063
12.6788394197099	-1.7181668864787
12.6856928464232	-1.72031528154676
12.6925462731366	-1.72246367661482
12.6993996998499	-1.72461207168289
12.7062531265633	-1.72514832774087
12.7131065532766	-1.72552981845389
12.71995997999	-1.72591130916692
12.7268134067034	-1.72629279987994
12.7336668334167	-1.72667429059296
12.7405202601301	-1.72705578130598
12.7473736868434	-1.727437272019
12.7542271135568	-1.72781876273202
12.7610805402701	-1.72820025344504
12.7679339669835	-1.72858174415806
12.7747873936968	-1.72896323487108
12.7816408204102	-1.7293447255841
12.7884942471236	-1.75902317885296
12.7953476738369	-1.75940466956598
12.8022011005503	-1.76014083086121
12.8090545272636	-1.76162663679614
12.815907953977	-1.73381548017523
12.8227613806903	-1.73530128611015
12.8296148074037	-1.73678709204507
12.8364682341171	-1.73827289797999
12.8433216608304	-1.73975870391492
12.8501750875438	-1.74124450984984
12.8570285142571	-1.74273031578476
12.8638819409705	-1.74421612171968
12.8707353676838	-1.77499889021044
12.8775887943972	-1.77648469614537
12.8844422211106	-1.77797050208029
12.8912956478239	-1.77945630801521
12.8981490745373	-1.81023907650597
12.9050025012506	-1.81165160339498
12.911855927964	-1.813037017037
12.9187093546773	-1.81442243067902
12.9255627813907	-1.81580784432105
12.9324162081041	-1.81719325796307
12.9392696348174	-1.81857867160509
12.9461230615308	-1.81996408524711
12.9529764882441	-1.82134949888913
12.9598299149575	-1.82273491253116
12.9666833416708	-1.82412032617318
12.9735367683842	-1.8255057398152
12.9803901950975	-1.82689115345722
12.9872436218109	-1.82827656709925
12.9940970485243	-1.82966198074127
13.0009504752376	-1.83096107166721
13.007803901951	-1.83172405309325
13.0146573286643	-1.83248703451929
13.0215107553777	-1.83325001594533
13.028364182091	-1.86330995992721
13.0352176088044	-1.89336990390908
13.0420710355178	-1.86483592277929
13.0489244622311	-1.86559890420533
13.0557778889445	-1.86636188563137
13.0626313156578	-1.89642182961325
13.0694847423712	-1.89718481103929
13.0763381690845	-1.89794779246533
13.0831915957979	-1.92800773644721
13.0900450225113	-1.92877071787325
13.0968984492246	-1.92953369929929
13.103751875938	-1.93016477844269
13.1106053026513	-1.93068681836577
13.1174587293647	-1.93120885828885
13.124312156078	-1.93173089821193
13.1311655827914	-1.96154990069085
13.1380190095048	-1.96207194061393
13.1448724362181	-1.96259398053701
13.1517258629315	-1.96311602046009
13.1585792896448	-1.96363806038317
13.1654327163582	-1.96416010030625
13.1722861430715	-1.96468214022933
13.1791395697849	-1.96520418015241
13.1859929964982	-1.96572622007549
13.1928464232116	-1.96624825999858
13.199699849925	-2.02536422503333
13.2065532766383	-2.05629677589393
13.2134067033517	-2.05798336641465
13.220260130065	-2.08896691949121
13.2271135567784	-2.09065351001193
13.2339669834917	-2.09234010053266
13.2408204102051	-2.12332365360921
13.2476738369185	-2.15430720668577
13.2545272636318	-2.18529075976233
13.2613806903452	-2.21627431283888
13.2682341170585	-2.21796090335961
13.2750875437719	-2.21964749388033
13.2819409704852	-2.22133408440105
13.2887943971986	-2.25231763747761
13.295647823912	-2.25400422799833
13.3025012506253	-2.25527312795735
13.3093546773387	-2.25581524633902
13.316208104052	-2.25635736472068
13.3230615307654	-2.25689948310234
13.3299149574787	-2.257441601484
13.3367683841921	-2.25798371986566
13.3436218109055	-2.25852583824732
13.3504752376188	-2.25906795662898
13.3573286643322	-2.25961007501064
13.3641820910455	-2.2601521933923
13.3710355177589	-2.26069431177397
13.3778889444722	-2.29053339271146
13.3847423711856	-2.29107551109312
13.3915957978989	-2.35021155458645
13.3984492246123	-2.35075367296811
13.4053026513257	-2.40965668909544
13.412156078039	-2.4098976305984
13.4190095047524	-2.41013857210136
13.4258629314657	-2.41037951360432
13.4327163581791	-2.41062045510728
13.4395697848924	-2.41086139661024
13.4464232116058	-2.4111023381132
13.4532766383192	-2.41134327961616
13.4601300650325	-2.41158422111912
13.4669834917459	-2.41182516262208
13.4738369184592	-2.41206610412505
13.4806903451726	-2.41230704562801
13.4875437718859	-2.47114191224263
13.4943971985993	-2.50067981630143
13.5012506253127	-2.50115158679901
13.508104052026	-2.50265747119252
13.5149574787394	-2.53346031814185
13.5218109054527	-2.53496620253535
13.5286643321661	-2.53647208692886
13.5355177588794	-2.50868100876653
13.5423711855928	-2.4808899306042
13.5492246123062	-2.4823958149977
13.5560780390195	-2.4839016993912
13.5629314657329	-2.51470454634054
13.5697848924462	-2.51621043073404
13.5766383191596	-2.54701327768338
13.5834917458729	-2.54851916207688
13.5903451725863	-2.57932200902622
13.5971985992996	-2.58082789341972
13.604052026013	-2.58029193047792
13.6109054527264	-2.57834431999565
13.6177588794397	-2.63499063462506
13.6246123061531	-2.7209339118103
13.6314657328664	-2.7775802264397
13.6383191595798	-2.83422654106911
13.6451725862931	-2.86157589314268
13.6520260130065	-2.85962828266042
13.6588794397199	-2.94557155984566
13.6657328664332	-2.97292091191923
13.6725862931466	-2.97097330143696
13.6794397198599	-2.9690256909547
13.6862931465733	-2.96707808047243
13.6931465732866	-2.96513046999017
13.7	-2.96318285950791
13.67	0
14.0369696969697	0
14.4039393939394	0
14.7709090909091	0
15.1378787878788	0
15.5048484848485	0
15.8718181818182	0
16.2387878787879	0
16.6057575757576	0
16.9727272727273	0
17.339696969697	0
17.7066666666667	0
18.0736363636364	0
18.4406060606061	0
18.8075757575758	0
19.1745454545455	0
19.5415151515151	0
19.9084848484848	0
20.2754545454545	0
20.6424242424242	0
21.0093939393939	0
21.3763636363636	0
21.7433333333333	0
22.110303030303	0
22.4772727272727	0
22.8442424242424	0
23.2112121212121	0
23.5781818181818	0
23.9451515151515	0
24.3121212121212	0
24.6790909090909	0
25.0460606060606	0
25.4130303030303	0
25.78	0
26.1469696969697	0
26.5139393939394	0
26.8809090909091	0
27.2478787878788	0
27.6148484848485	0
27.9818181818182	0
28.3487878787879	0
28.7157575757576	0
29.0827272727273	0
29.449696969697	0
29.8166666666667	0
30.1836363636364	0
30.5506060606061	0
30.9175757575758	0
31.2845454545455	0
31.6515151515151	0
32.0184848484848	0
32.3854545454545	0
32.7524242424242	0
33.1193939393939	0
33.4863636363636	0
33.8533333333333	0
34.220303030303	0
34.5872727272727	0
34.9542424242424	0
35.3212121212121	0
35.6881818181818	0
36.0551515151515	0
36.4221212121212	0
36.7890909090909	0
37.1560606060606	0
37.5230303030303	0
37.89	0
38.2569696969697	0
38.6239393939394	0
38.9909090909091	0
39.3578787878788	0
39.7248484848485	0
40.0918181818182	0
40.4587878787879	0
40.8257575757576	0
41.1927272727273	0
41.559696969697	0
41.9266666666667	0
42.2936363636364	0
42.6606060606061	0
43.0275757575758	0
43.3945454545455	0
43.7615151515151	0
44.1284848484848	0
44.4954545454545	0
44.8624242424242	0
45.2293939393939	0
45.5963636363636	0
45.9633333333333	0
46.330303030303	0
46.6972727272727	0
47.0642424242424	0
47.4312121212121	0
47.7981818181818	0
48.1651515151515	0
48.5321212121212	0
48.8990909090909	0
49.2660606060606	0
49.6330303030303	0
50	0
