time	DD
0	1.18437185244327
0.00685342671335754	1.1833285353616
0.0137068534267133	1.1822852182799
0.0205602801400708	1.18124190119822
0.0274137068534266	1.18019858411652
0.0342671335667841	1.2084308263595
0.0411205602801399	1.2073875092778
0.0479739869934974	1.20634419219613
0.0548274137068532	1.20530087511443
0.0616808404202107	1.20425755803276
0.0685342671335682	1.20321424095106
0.075387693846924	1.20217092386938
0.0822411205602815	1.20112760678771
0.0890945472736373	1.20008428970601
0.0959479739869948	1.19904097262434
0.102801400700351	1.19816168068744
0.109654827413708	1.19751963940639
0.116508254127064	1.19687759812535
0.123361680840421	1.19623555684433
0.130215107553777	1.19559351556329
0.137068534267135	1.19495147428225
0.14392196098049	1.1943094330012
0.150775387693848	1.19366739172019
0.157628814407204	1.19302535043914
0.164482241120561	1.1923833091581
0.171335667833917	1.19174126787705
0.178189094547275	1.19109922659604
0.18504252126063	1.19045718531499
0.191895947973988	1.18981514403395
0.198749374687344	1.1891731027529
0.205602801400701	1.18862947655875
0.212456228114057	1.1881078180179
0.219309654827414	1.18758615947708
0.22616308154077	1.18706450093623
0.233016508254128	1.18654284239538
0.239869934967484	1.18602118385456
0.246723361680841	1.18549952531371
0.253576788394197	1.18497786677286
0.260430215107554	1.18445620823201
0.267283641820912	1.18393454969119
0.274137068534268	1.18341289115033
0.280990495247625	1.18289123260948
0.287843921960981	1.18236957406863
0.294697348674338	1.18184791552781
0.301550775387694	1.18123999733492
0.308404202101052	1.18033712678346
0.315257628814408	1.179434256232
0.322111055527765	1.17853138568055
0.328964482241121	1.17762851512909
0.335817908954478	1.17672564457764
0.342671335667834	1.17582277402618
0.349524762381192	1.17491990347473
0.356378189094547	1.17401703292328
0.363231615807905	1.17311416237179
0.370085042521261	1.17221129182033
0.376938469234618	1.17130842126888
0.383791895947974	1.17040555071742
0.390645322661332	1.16950268016597
0.397498749374687	1.16859980961452
0.404352176088045	1.16769693906306
0.411205602801401	1.16679406851161
0.418059029514758	1.16589119796015
0.424912456228114	1.16498832740867
0.431765882941471	1.16408545685721
0.438619309654827	1.16318258630575
0.445472736368185	1.1622797157543
0.45232616308154	1.16137684520285
0.459179589794898	1.16047397465139
0.466033016508254	1.15957110409994
0.472886443221611	1.15866823354848
0.479739869934969	1.15776536299703
0.486593296648325	1.15686249244557
0.493446723361682	1.15595962189409
0.500300150075038	1.15508574864503
0.507153576788395	1.15484498316464
0.514007003501751	1.15460421768425
0.520860430215109	1.15436345220386
0.527713856928465	1.15412268672347
0.534567283641822	1.15388192124309
0.541420710355178	1.1536411557627
0.548274137068535	1.15340039028231
0.555127563781891	1.15315962480192
0.561980990495249	1.15291885932153
0.568834417208604	1.15267809384114
0.575687843921962	1.15243732836076
0.582541270635318	1.15219656288037
0.589394697348675	1.15195579739998
0.596248124062031	1.15171503191959
0.603101550775389	1.15145610651243
0.609954977488744	1.151175213452
0.616808404202102	1.15089432039154
0.623661830915458	1.15061342733108
0.630515257628815	1.15033253427064
0.637368684342171	1.15005164121018
0.644222111055528	1.14977074814972
0.651075537768884	1.14948985508929
0.657928964482242	1.14920896202882
0.664782391195597	1.14892806896836
0.671635817908955	1.1486471759079
0.678489244622313	1.14836628284746
0.685342671335668	1.148085389787
0.692196098049026	1.14780449672654
0.699049524762382	1.14752360366611
0.705902951475739	1.14641321201626
0.712756378189095	1.14516925703428
0.719609804902452	1.14392530205226
0.726463231615808	1.14268134707025
0.733316658329166	1.14143739208823
0.740170085042521	1.14019343710622
0.747023511755879	1.16822504144888
0.753876938469235	1.16698108646687
0.760730365182592	1.16573713148486
0.767583791895948	1.16449317650284
0.774437218609306	1.16324922152083
0.781290645322661	1.16200526653881
0.788144072036019	1.16076131155683
0.794997498749375	1.15951735657481
0.801850925462732	1.15840886878828
0.808704352176088	1.15766650855706
0.815557778889445	1.15692414832588
0.822411205602801	1.15618178809469
0.829264632316159	1.15543942786347
0.836118059029515	1.15469706763229
0.842971485742872	1.15395470740107
0.849824912456228	1.15321234716988
0.856678339169585	1.1524699869387
0.863531765882941	1.15172762670748
0.870385192596299	1.15098526647629
0.877238619309656	1.15024290624508
0.884092046023012	1.14950054601389
0.890945472736369	1.14875818578268
0.897798899449725	1.14801582555149
0.904652326163083	1.14685124702348
0.911505752876439	1.14548690930127
0.918359179589796	1.14412257157906
0.925212606303152	1.14275823385688
0.932066033016509	1.14139389613467
0.938919459729865	1.14002955841246
0.945772886443223	1.13866522069026
0.952626313156578	1.13730088296805
0.959479739869936	1.13593654524584
0.966333166583292	1.13457220752366
0.973186593296649	1.13320786980145
0.980040020010005	1.13184353207924
0.986893446723363	1.13047919435703
0.993746873436718	1.12911485663483
1.00060030015008	1.12779445421928
1.00745372686343	1.12693171124787
1.01430715357679	1.12606896827649
1.02116058029014	1.12520622530508
1.0280140070035	1.1243434823337
1.03486743371686	1.12348073936232
1.04172086043022	1.12261799639091
1.04857428714357	1.12175525341953
1.05542771385693	1.12089251044812
1.06228114057028	1.12002976747674
1.06913456728364	1.11916702450533
1.075987993997	1.11830428153395
1.08284142071036	1.11744153856254
1.08969484742371	1.11657879559116
1.09654827413707	1.11571605261978
1.10340170085043	1.11510227638599
1.11025512756378	1.11474112816541
1.11710855427714	1.11437997994483
1.1239619809905	1.11401883172425
1.13081540770385	1.11365768350367
1.13766883441721	1.11329653528308
1.14452226113057	1.1129353870625
1.15137568784392	1.11257423884192
1.15822911455728	1.11221309062134
1.16508254127064	1.11185194240076
1.17193596798399	1.11149079418017
1.17878939469735	1.11112964595959
1.18564282141071	1.11076849773901
1.19249624812406	1.11040734951843
1.19934967483742	1.11004620129785
1.20620310155078	1.10939449424933
1.21305652826413	1.10871232538824
1.21990995497749	1.10803015652715
1.22676338169085	1.10734798766603
1.2336168084042	1.10666581880494
1.24047023511756	1.10598364994382
1.24732366183092	1.10530148108273
1.25417708854427	1.10461931222161
1.26103051525763	1.10393714336052
1.26788394197099	1.10325497449943
1.27473736868434	1.10257280563831
1.2815907953977	1.10189063677722
1.28844422211106	1.10120846791611
1.29529764882441	1.10052629905502
1.30215107553777	1.09993859110319
1.30900450225113	1.09955737909258
1.31585792896448	1.09917616708195
1.32271135567784	1.09879495507134
1.3295647823912	1.09841374306074
1.33641820910455	1.0980325310501
1.34327163581791	1.0976513190395
1.35012506253127	1.09727010702889
1.35697848924462	1.09688889501826
1.36383191595798	1.09650768300765
1.37068534267134	1.09612647099702
1.37753876938469	1.09574525898642
1.38439219609805	1.09536404697581
1.39124562281141	1.09498283496518
1.39809904952476	1.09460162295457
1.40495247623812	1.09377095275701
1.41180590295148	1.09276776325542
1.41865932966483	1.09176457375379
1.42551275637819	1.09076138425217
1.43236618309155	1.08975819475054
1.4392196098049	1.08875500524891
1.44607303651826	1.08775181574731
1.45292646323162	1.08674862624569
1.45977988994497	1.08574543674406
1.46663331665833	1.08474224724244
1.47348674337169	1.08373905774084
1.48034017008504	1.08273586823921
1.4871935967984	1.08173267873759
1.49404702351176	1.08072948923596
1.50090045022511	1.07969730243197
1.50775387693847	1.07847341123998
1.51460730365183	1.07724952004802
1.52146073036518	1.07602562885602
1.52831415707854	1.07480173766406
1.5351675837919	1.07357784647207
1.54202101050525	1.07235395528011
1.54887443721861	1.07113006408811
1.55572786393197	1.06990617289615
1.56258129064532	1.06868228170419
1.56943471735868	1.0674583905122
1.57628814407204	1.06623449932023
1.58314157078539	1.06501060812824
1.58999499749875	1.06378671693628
1.59684842421211	1.06256282574429
1.60370185092546	1.06152316993816
1.61055527763882	1.06064036317673
1.61740870435218	1.0597575564153
1.62426213106553	1.05887474965389
1.63111555777889	1.05799194289246
1.63796898449225	1.05710913613103
1.6448224112056	1.08550188869425
1.65167583791896	1.08461908193284
1.65852926463232	1.08373627517141
1.66538269134567	1.08285346840998
1.67223611805903	1.08197066164855
1.67908954477239	1.08108785488711
1.68594297148574	1.08020504812571
1.6927963981991	1.07932224136428
1.69964982491246	1.07843943460285
1.70650325162581	1.07810874819486
1.71335667833917	1.07780779134438
1.72021010505253	1.07750683449389
1.72706353176588	1.07720587764341
1.73391695847924	1.07690492079292
1.7407703851926	1.07660396394244
1.74762381190595	1.07630300709195
1.75447723861931	1.07600205024147
1.76133066533267	1.07570109339098
1.76818409204602	1.0754001365405
1.77503751875938	1.07509917969001
1.78189094547274	1.07479822283953
1.78874437218609	1.07449726598904
1.79559779889945	1.07419630913856
1.80245122561281	1.07360113218459
1.80930465232616	1.0724775599428
1.81615807903952	1.07135398770098
1.82301150575288	1.07023041545916
1.82986493246623	1.06910684321734
1.83671835917959	1.06798327097552
1.84357178589295	1.06685969873373
1.8504252126063	1.06573612649191
1.85727863931966	1.06461255425009
1.86413206603302	1.06348898200827
1.87098549274637	1.06236540976645
1.87783891945973	1.06124183752466
1.88469234617309	1.06011826528283
1.89154577288644	1.05899469304102
1.8983991995998	1.05787112079919
1.90525262631316	1.05665528441343
1.91210605302651	1.05541132943144
1.91895947973987	1.05416737444943
1.92581290645323	1.05292341946741
1.93266633316658	1.0516794644854
1.93951975987994	1.05043550950338
1.9463731865933	1.0491915545214
1.95322661330665	1.04794759953938
1.96008004002001	1.04670364455737
1.96693346673337	1.04545968957536
1.97378689344672	1.04421573459334
1.98064032016008	1.04297177961136
1.98749374687344	1.04172782462934
1.99434717358679	1.04048386964733
2.00120060030015	1.03932427045405
2.00805402701351	1.03856184643284
2.01490745372686	1.0377994224116
2.02176088044022	1.03703699839036
2.02861430715358	1.03627457436913
2.03546773386693	1.06478770967257
2.04232116058029	1.06402528565133
2.04917458729365	1.06326286163009
2.056028014007	1.06250043760885
2.06288144072036	1.06173801358764
2.06973486743372	1.0609755895664
2.07658829414707	1.06021316554517
2.08344172086043	1.05945074152393
2.09029514757379	1.05868831750272
2.09714857428714	1.05792589348148
2.1040020010005	1.05685885133421
2.11085542771386	1.05557476877212
2.11770885442721	1.05429068621006
2.12456228114057	1.05300660364797
2.13141570785393	1.05172252108591
2.13826913456728	1.05043843852383
2.14512256128064	1.04915435596177
2.151975987994	1.04787027339968
2.15882941470735	1.04658619083762
2.16568284142071	1.04530210827553
2.17253626813407	1.04401802571347
2.17938969484742	1.04273394315138
2.18624312156078	1.04144986058932
2.19309654827414	1.04016577802726
2.19994997498749	1.03888169546517
2.20680340170085	1.03797604234429
2.21365682841421	1.03707317179283
2.22051025512756	1.03617030124138
2.22736368184092	1.03526743068993
2.23421710855428	1.03436456013847
2.24107053526763	1.03346168958701
2.24792396198099	1.03255881903556
2.25477738869435	1.03165594848408
2.2616308154077	1.03075307793262
2.26848424212106	1.02985020738117
2.27533766883442	1.02894733682971
2.28219109554778	1.02804446627826
2.28904452226113	1.0271415957268
2.29589794897449	1.02623872517535
2.30275137568784	1.02522308733685
2.3096048024012	1.02403932372493
2.31645822911456	1.02285556011301
2.32331165582791	1.02167179650109
2.33016508254127	1.02048803288921
2.33701850925463	1.01930426927729
2.34387193596798	1.01812050566537
2.35072536268134	1.01693674205345
2.3575787893947	1.01575297844154
2.36443221610805	1.01456921482962
2.37128564282141	1.01338545121773
2.37813906953477	1.01220168760581
2.38499249624812	1.0110179239939
2.39184592296148	1.00983416038198
2.39869934967484	1.00865039677006
2.40555277638819	1.0077917544273
2.41240620310155	1.00700926661604
2.41925962981491	1.00622677880478
2.42611305652826	1.00544429099352
2.43296648324162	1.00466180318226
2.43981990995498	1.003879315371
2.44667333666833	1.00309682755973
2.45352676338169	1.00231433974844
2.46038019009505	1.03080741126183
2.4672336168084	1.03002492345057
2.47408704352176	1.02924243563931
2.48094047023512	1.02845994782805
2.48779389694847	1.02767746001679
2.49464732366183	1.02689497220553
2.50150075037519	1.02602900731165
2.50835417708855	1.02486530748975
2.5152076038019	1.02370160766789
2.52206103051526	1.02253790784602
2.52891445722861	0.992098648699475
2.53576788394197	0.990934948877609
2.54262131065533	0.960495689731065
2.54947473736869	0.9593319899092
2.55632816408204	0.958168290087306
2.5631815907954	0.95700459026544
2.57003501750875	0.955840890443544
2.57688844422211	0.954677190621679
2.58374187093547	0.953513490799783
2.59059529764883	0.952349790977918
2.59744872436218	0.951186091156022
2.60430215107554	0.949921633030913
2.61115557778889	0.948597422888779
2.61800900450225	0.947273212746645
2.62486243121561	0.945949002604511
2.63171585792897	0.944624792462377
2.63856928464232	0.943300582320243
2.64542271135568	0.941976372178109
2.65227613806903	0.940652162035947
2.65912956478239	0.939327951893813
2.66598299149575	0.938003741751679
2.6728364182091	0.936679531609545
2.67968984492246	0.935355321467409
2.68654327163582	0.934031111325275
2.69339669834918	0.932706901183113
2.70025012506253	0.931379762020536
2.70710355177589	0.929975296718283
2.71395697848924	0.928570831416
2.7208104052026	0.927166366113745
2.72766383191596	0.925761900811463
2.73451725862932	0.924357435509209
2.74137068534267	0.922952970206927
2.74822411205603	0.921548504904672
2.75507753876938	0.920144039602391
2.76193096548274	0.918739574300136
2.7687843921961	0.917335108997855
2.77563781890946	0.9159306436956
2.78249124562281	0.914526178393318
2.78934467233617	0.913121713091064
2.79619809904952	0.911717247788782
2.80305152576288	0.910285981949473
2.80990495247624	0.908821325277093
2.8167583791896	0.907356668604743
2.82361180590295	0.905892011932362
2.83046523261631	0.904427355260012
2.83731865932966	0.902962698587631
2.84417208604302	0.901498041915281
2.85102551275638	0.900033385242902
2.85787893946974	0.898568728570552
2.86473236618309	0.897104071898171
2.87158579289645	0.895639415225821
2.87843921960981	0.894174758553442
2.88529264632316	0.892710101881092
2.89214607303652	0.891245445208711
2.89899949974988	0.889780788536361
2.90585292646323	0.888778770642911
2.91270635317659	0.887855836301433
2.91955977988995	0.886932901959925
2.9264132066033	0.886009967618449
2.93326663331666	0.885087033276943
2.94012006003002	0.884164098935465
2.94697348674337	0.883241164593957
2.95382691345673	0.88231823025248
2.96068034017009	0.881395295911002
2.96753376688344	0.880472361569496
2.9743871935968	0.879549427228018
2.98124062031015	0.878626492886511
2.98809404702351	0.877703558545035
2.99494747373687	0.876780624203527
3.00180090045023	0.875804967494087
3.00865432716358	0.874681395252267
3.01550775387694	0.873557823010446
3.02236118059029	0.872434250768626
3.02921460730365	0.871310678526836
3.03606803401701	0.870187106285014
3.04292146073037	0.869063534043194
3.04977488744372	0.867939961801374
3.05662831415708	0.866816389559554
3.06348174087043	0.865692817317762
3.07033516758379	0.864569245075942
3.07718859429715	0.863445672834122
3.08404202101051	0.862322100592301
3.09089544772386	0.86119852835048
3.09774887443722	0.860074956108689
3.10460230115058	0.858857069408597
3.11145572786393	0.85759305063656
3.11830915457729	0.856329031864524
3.12516258129065	0.855065013092485
3.132016008004	0.853800994320449
3.13886943471736	0.852536975548412
3.14572286143072	0.851272956776346
3.15257628814407	0.850008938004309
3.15942971485743	0.848744919232272
3.16628314157079	0.847480900460236
3.17313656828414	0.846216881688197
3.1799899949975	0.844952862916161
3.18684342171086	0.843688844144124
3.19369684842421	0.842424825372057
3.20055027513757	0.841175305251218
3.20740370185093	0.84009186058947
3.21425712856428	0.839008415927726
3.22111055527764	0.837924971265979
3.227963981991	0.836841526604233
3.23481740870435	0.835758081942488
3.24167083541771	0.834674637280713
3.24852426213107	0.833591192618965
3.25537768884442	0.83250774795722
3.26223111555778	0.831424303295474
3.26908454227114	0.830340858633728
3.27593796898449	0.829257413971983
3.28279139569785	0.828173969310236
3.28964482241121	0.82709052464846
3.29649824912456	0.826007079986715
3.30335167583792	0.825590866181817
3.31020510255128	0.82587175924228
3.31705852926463	0.826152652302713
3.32391195597799	0.826433545363176
3.33076538269135	0.826714438423639
3.3376188094047	0.8269953314841
3.34447223611806	0.827276224544533
3.35132566283142	0.827557117604996
3.35817908954477	0.827838010665457
3.36503251625813	0.82811890372589
3.37188594297149	0.828399796786353
3.37873936968484	0.828680689846816
3.3855927963982	0.828961582907249
3.39244622311156	0.829242475967712
3.39929964982491	0.829523369028175
3.40615307653827	0.828615372690938
3.41300650325163	0.827572055609265
3.41985992996498	0.826528738527566
3.42671335667834	0.825485421445893
3.4335667833917	0.824442104364192
3.44042021010505	0.823398787282521
3.44727363681841	0.82235547020082
3.45412706353177	0.821312153119149
3.46098049024512	0.820268836037448
3.46783391695848	0.819225518955777
3.47468734367184	0.818182201874076
3.48154077038519	0.817138884792405
3.48839419709855	0.816095567710733
3.49524762381191	0.815052250629032
3.50210105052526	0.813873612802897
3.50895447723862	0.812388892340493
3.51580790395198	0.810904171878091
3.52266133066533	0.809419451415717
3.52951475737869	0.807934730953314
3.53636818409205	0.806450010490912
3.5432216108054	0.80496529002851
3.55007503751876	0.803480569566108
3.55692846423212	0.801995849103705
3.56378189094547	0.800511128641303
3.57063531765883	0.799026408178931
3.57748874437219	0.826817247041178
3.58434217108554	0.825332526578776
3.5911955977989	0.823847806116374
3.59804902451226	0.822363085653972
3.60490245122561	0.821093648194123
3.61175587793897	0.819909884582206
3.61860930465233	0.818726120970288
3.62546273136568	0.817542357358371
3.63231615807904	0.816358593746483
3.6391695847924	0.815174830134566
3.64602301150575	0.813991066522649
3.65287643821911	0.812807302910731
3.65972986493247	0.811623539298814
3.66658329164582	0.810439775686924
3.67343671835918	0.809256012075007
3.68029014507254	0.80807224846309
3.68714357178589	0.806888484851172
3.69399699849925	0.805704721239255
3.70085042521261	0.804568261307518
3.70770385192596	0.803765709706206
3.71455727863932	0.802963158104921
3.72141070535268	0.802160606503609
3.72826413206603	0.801358054902324
3.73511755877939	0.800555503301012
3.74197098549275	0.799752951699728
3.7488244122061	0.798950400098445
3.75567783891946	0.798147848497132
3.76253126563282	0.797345296895848
3.76938469234617	0.796542745294536
3.77623811905953	0.795740193693251
3.78309154577289	0.79493764209194
3.78994497248624	0.794135090490654
3.7967983991996	0.793332538889373
3.80365182591296	0.792305477871134
3.81050525262631	0.791081586679142
3.81735867933967	0.789857695487179
3.82421210605303	0.788633804295217
3.83106553276638	0.787409913103225
3.83791895947974	0.786186021911262
3.8447723861931	0.78496213071927
3.85162581290645	0.783738239527308
3.85847923961981	0.782514348335315
3.86533266633317	0.781290457143353
3.87218609304652	0.780066565951362
3.87903951975988	0.778842674759398
3.88589294647324	0.777618783567407
3.89274637318659	0.776394892375445
3.89959979989995	0.775171001183452
3.90645322661331	0.774513875447152
3.91330665332666	0.773891897956131
3.92016008004002	0.773269920465138
3.92701350675338	0.772647942974144
3.93386693346673	0.772025965483123
3.94072036018009	0.800679547316781
3.94757378689345	0.80005756982576
3.9544272136068	0.799435592334766
3.96128064032016	0.798813614843743
3.96813406703352	0.798191637352752
3.97498749374687	0.79756965986176
3.98184092046023	0.796947682370739
3.98869434717359	0.796325704879744
3.99554777388694	0.795703727388722
4.0024012006003	0.79494115691647
4.00925462731366	0.793917903624821
4.01610805402701	0.763619091008522
4.02296148074037	0.762595837716872
4.02981490745373	0.761572584425223
4.03666833416708	0.760549331133574
4.04352176088044	0.788801637166575
4.0503751875938	0.787778383874926
4.05722861430715	0.786755130583277
4.06408204102051	0.7857318772916
4.07093546773387	0.78470862399995
4.07778889444722	0.783685370708301
4.08464232116058	0.782662117416654
4.09149574787394	0.781638864125005
4.09834917458729	0.780615610833356
4.10520260130065	0.779424817572376
4.11205602801401	0.778180862590361
4.11890945472736	0.776936907608348
4.12576288144072	0.746417393301711
4.13261630815408	0.745173438319698
4.13946973486743	0.743929483337682
4.14632316158079	0.742685528355669
4.15317658829415	0.741441573373654
4.1600300150075	0.740197618391639
4.16688344172086	0.738953663409655
4.17373686843422	0.73770970842764
4.18059029514757	0.736465753445627
4.18744372186093	0.73522179846361
4.19429714857429	0.733977843481597
4.20115057528764	0.732679994523444
4.208004002001	0.731115018900921
4.21485742871436	0.7295500432784
4.22171085542771	0.727985067655878
4.22856428214107	0.726420092033355
4.23541770885443	0.724855116410805
4.24227113556778	0.723290140788282
4.24912456228114	0.72172516516576
4.2559779889945	0.720160189543239
4.26283141570785	0.718595213920716
4.26968484242121	0.717030238298194
4.27653826913457	0.715465262675643
4.28339169584793	0.713900287053121
4.29024512256128	0.7123353114306
4.29709854927464	0.710770335808077
4.30395197598799	0.709332626123768
4.31080540270135	0.70798835219161
4.31765882941471	0.706644078259425
4.32451225612806	0.705299804327267
4.33136568284142	0.703955530395081
4.33821910955478	0.702611256462925
4.34507253626813	0.70126698253077
4.35192596298149	0.699922708598584
4.35877938969485	0.698578434666426
4.3656328164082	0.69723416073424
4.37248624312156	0.695889886802083
4.37933966983492	0.694545612869897
4.38619309654827	0.693201338937741
4.39304652326163	0.691857065005556
4.39989994997499	0.6905127910734
4.40675337668834	0.688931266485357
4.4136068034017	0.687346227072812
4.42046023011506	0.685761187660238
4.42731365682841	0.684176148247693
4.43416708354177	0.68259110883512
4.44102051025513	0.681006069422547
4.44787393696848	0.679421030010002
4.45472736368184	0.677835990597427
4.4615807903952	0.676250951184882
4.46843421710855	0.67466591177231
4.47528764382191	0.673080872359765
4.48214107053527	0.67149583294719
4.48899449724862	0.669910793534645
4.49584792396198	0.668325754122073
4.50270135067534	0.666796073195901
4.5095547773887	0.665351480313546
4.51640820410205	0.663906887431217
4.52326163081541	0.662462294548889
4.53011505752876	0.66101770166656
4.53696848424212	0.659573108784232
4.54382191095548	0.658128515901905
4.55067533766884	0.656683923019548
4.55752876438219	0.655239330137219
4.56438219109555	0.653794737254891
4.5712356178089	0.652350144372564
4.57808904452226	0.650905551490235
4.58494247123562	0.649460958607909
4.59179589794898	0.64801636572555
4.59864932466233	0.646571772843221
4.60550275137569	0.645336604922534
4.61235617808904	0.644152841310647
4.6192096048024	0.642969077698729
4.62606303151576	0.641785314086812
4.63291645822911	0.640601550474894
4.63976988494247	0.639417786862977
4.64662331165583	0.638234023251089
4.65347673836918	0.637050259639172
4.66033016508254	0.635866496027255
4.6671835917959	0.634682732415337
4.67403701850925	0.63349896880342
4.68089044522261	0.632315205191532
4.68774387193597	0.631131441579615
4.69459729864933	0.629947677967697
4.70145072536268	0.628823373470774
4.70830415207604	0.657196062243968
4.71515757878939	0.656293191692513
4.72201100550275	0.655390321141057
4.72886443221611	0.654487450589602
4.73571785892947	0.653584580038118
4.74257128564282	0.652681709486663
4.74942471235618	0.651778838935209
4.75627813906953	0.650875968383754
4.76313156578289	0.649973097832298
4.76998499249625	0.649070227280844
4.77683841920961	0.648167356729388
4.78369184592296	0.647264486177933
4.79054527263632	0.646361615626479
4.79739869934967	0.645458745074994
4.80425212606303	0.643995699363894
4.81110555277639	0.642189958260985
4.81795897948975	0.640384217158045
4.8248124062031	0.638578476055134
4.83166583291646	0.636772734952225
4.83851925962981	0.634966993849316
4.84537268634317	0.633161252746377
4.85222611305653	0.631355511643466
4.85907953976989	0.629549770540556
4.86593296648324	0.627744029437647
4.8727863931966	0.625938288334736
4.87963981990996	0.624132547231797
4.88649324662331	0.622326806128886
4.89334667333667	0.620521065025977
4.90020010005003	0.61874519993158
4.90705352676338	0.617962712120316
4.91390695347674	0.617180224309056
4.9207603801901	0.616397736497797
4.92761380690345	0.615615248686535
4.93446723361681	0.614832760875243
4.94132066033016	0.614050273063983
4.94817408704352	0.613267785252722
4.95502751375688	0.61248529744146
4.96188094047024	0.6117028096302
4.96873436718359	0.61092032181894
4.97558779389695	0.610137834007677
4.9824412206103	0.609355346196417
4.98929464732366	0.608572858385157
4.99614807403702	0.607790370573894
5.00300150075038	0.606893650965354
5.00985492746373	0.605850333883683
5.01670835417709	0.604807016801982
5.02356178089044	0.603763699720311
5.0304152076038	0.60272038263861
5.03726863431716	0.601677065556938
5.04412206103052	0.600633748475239
5.05097548774387	0.599590431393566
5.05782891445723	0.598547114311865
5.06468234117058	0.597503797230192
5.07153576788394	0.596460480148491
5.0783891945973	0.59541716306682
5.08524262131066	0.594373845985149
5.09209604802401	0.593330528903448
5.09894947473737	0.592287211821777
5.10580290145073	0.590598338634501
5.11265632816408	0.58879259753159
5.11950975487744	0.586986856428681
5.1263631815908	0.585181115325772
5.13321660830415	0.58337537422286
5.14007003501751	0.581569633119921
5.14692346173087	0.579763892017012
5.15377688844422	0.577958150914103
5.16063031515758	0.576152409811192
5.16748374187094	0.574346668708281
5.17433716858429	0.572540927605342
5.18119059529765	0.570735186502433
5.18804402201101	0.568929445399523
5.19489744872436	0.567123704296612
5.20175087543772	0.565630636125957
5.20860430215108	0.565048786215009
5.21545772886443	0.564466936304061
5.22231115557779	0.563885086393113
5.22916458229115	0.563303236482195
5.2360180090045	0.562721386571249
5.24287143571786	0.562139536660302
5.24972486243121	0.561557686749354
5.25657828914457	0.560975836838436
5.26343171585793	0.560393986927488
5.27028514257129	0.559812137016542
5.27713856928464	0.559230287105624
5.283991995998	0.558648437194676
5.29084542271136	0.558066587283729
5.29769884942471	0.557484737372781
5.30455227613807	0.556556384343491
5.31140570285143	0.555452875891695
5.31825912956478	0.554349367439925
5.32511255627814	0.553245858988128
5.3319659829915	0.55214235053636
5.33881940970485	0.580314401409212
5.34567283641821	0.579210892957443
5.35252626313157	0.578107384505645
5.35937968984492	0.577003876053877
5.36623311655828	0.575900367602079
5.37308654327164	0.57479685915031
5.37993996998499	0.573693350698542
5.38679339669835	0.572589842246744
5.39364682341171	0.571486333794975
5.40050025012506	0.570381360832972
5.40735367683842	0.56925778859115
5.41420710355178	0.56813421634933
5.42106053026513	0.56701064410751
5.42791395697849	0.565887071865688
5.43476738369185	0.564763499623898
5.4416208104052	0.563639927382078
5.44847423711856	0.562516355140258
5.45532766383192	0.561392782898438
5.46218109054527	0.560269210656616
5.46903451725863	0.559145638414826
5.47588794397199	0.558022066173005
5.48274137068534	0.556898493931184
5.4895947973987	0.555774921689365
5.49644822411206	0.554651349447543
5.50330165082541	0.553440785298602
5.51015507753877	0.55213663894649
5.51700850425213	0.550832492594378
5.52386193096548	0.549528346242266
5.53071535767884	0.548224199890184
5.5375687843922	0.546920053538073
5.54442221110555	0.545615907185963
5.55127563781891	0.544311760833851
5.55812906453227	0.543007614481739
5.56498249124562	0.541703468129627
5.57183591795898	0.540399321777544
5.57868934467234	0.539095175425434
5.58554277138569	0.537791029073324
5.59239619809905	0.536486882721212
5.59924962481241	0.5351827363691
5.60610305152576	0.534235930511009
5.61295647823912	0.533333059959554
5.61980990495248	0.5324301894081
5.62666333166583	0.531527318856645
5.63351675837919	0.530624448305191
5.64037018509255	0.558997137078385
5.6472236118059	0.558094266526902
5.65407703851926	0.557191395975446
5.66093046523262	0.556288525423991
5.66778389194597	0.555385654872535
5.67463731865933	0.554482784321081
5.68149074537269	0.553579913769626
5.68834417208604	0.552677043218172
5.6951975987994	0.551774172666717
5.70205102551276	0.521571724822954
5.70890445222611	0.52058859911138
5.71575787893947	0.519605473399807
5.72261130565283	0.518622347688201
5.72946473236618	0.517639221976626
5.73631815907954	0.516656096265024
5.7431715857929	0.515672970553449
5.75002501250625	0.514689844841845
5.75687843921961	0.513706719130271
5.76373186593297	0.512723593418666
5.77058529264632	0.511740467707092
5.77743871935968	0.510757341995518
5.78429214607304	0.509774216283913
5.79114557278639	0.508791090572338
5.79799899949975	0.507807964860736
5.80485242621311	0.50658334141364
5.81170585292646	0.505259131271506
5.81855927963982	0.503934921129372
5.82541270635318	0.502610710987238
5.83226613306653	0.501286500845104
5.83911955977989	0.49996229070297
5.84597298649325	0.498638080560836
5.8528264132066	0.497313870418672
5.85967983991996	0.495989660276538
5.86653326663332	0.494665450134404
5.87338669334667	0.49334123999227
5.88024012006003	0.492017029850136
5.88709354677339	0.490692819708002
5.89394697348674	0.489368609565838
5.9008004002001	0.487983475798505
5.90765382691346	0.486137607115521
5.91450725362681	0.484291738432537
5.92136068034017	0.482445869749552
5.92821410705353	0.480600001066596
5.93506753376688	0.478754132383613
5.94192096048024	0.476908263700627
5.9487743871936	0.475062395017644
5.95562781390695	0.473216526334658
5.96248124062031	0.471370657651675
5.96933466733367	0.469524788968689
5.97618809404702	0.467678920285707
5.98304152076038	0.46583305160275
5.98989494747374	0.463987182919768
5.99674837418709	0.462141314236782
6.00360180090045	0.460822669233473
6.01045522761381	0.459979990052116
6.01730865432716	0.459137310870757
6.02416208104052	0.4582946316894
6.03101550775388	0.457451952508043
6.03786893446723	0.456609273326684
6.04472236118059	0.455766594145325
6.05157578789395	0.45492391496394
6.0584292146073	0.454081235782581
6.06528264132066	0.453238556601222
6.07213606803402	0.452395877419865
6.07898949474737	0.451553198238507
6.08584292146073	0.450710519057149
6.09269634817409	0.44986783987579
6.09954977488744	0.449025160694433
6.1064032016008	0.448144990051383
6.11325662831416	0.44726218328998
6.12011005502751	0.446379376528547
6.12696348174087	0.445496569767115
6.13381690845423	0.444613763005682
6.14067033516758	0.443730956244279
6.14752376188094	0.442848149482847
6.1543771885943	0.441965342721414
6.16123061530765	0.441082535959983
6.16808404202101	0.440199729198579
6.17493746873437	0.439316922437146
6.18179089544772	0.438434115675714
6.18864432216108	0.437551308914283
6.19549774887444	0.43666850215285
6.20235117558779	0.43568933061888
6.20920460230115	0.434525630796984
6.21605802901451	0.433361930975119
6.22291145572786	0.432198231153225
6.22976488244122	0.431034531331359
6.23661830915458	0.429870831509465
6.24347173586793	0.45798269101225
6.25032516258129	0.456818991190384
6.25717858929465	0.455655291368488
6.264032016008	0.454491591546623
6.27088544272136	0.453327891724727
6.27773886943472	0.452164191902862
6.28459229614807	0.451000492080968
6.29144572286143	0.449836792259102
6.29829914957479	0.448673092437208
6.30515257628814	0.447449054794199
6.3120060030015	0.446205099812216
6.31885942971486	0.4449611448302
6.32571285642821	0.443717189848187
6.33256628314157	0.442473234866172
6.33941970985493	0.441229279884157
6.34627313656828	0.439985324902172
6.35312656328164	0.438741369920158
6.359979989995	0.437497414938145
6.36683341670835	0.43625345995613
6.37368684342171	0.435009504974115
6.38054027013507	0.43376554999213
6.38739369684842	0.432521595010116
6.39424712356178	0.431277640028101
6.40110055027514	0.430043350813561
6.40795397698849	0.428859587201644
6.41480740370185	0.427675823589726
6.42166083041521	0.426492059977809
6.42851425712856	0.425308296365891
6.43536768384192	0.424124532754004
6.44222111055528	0.422940769142086
6.44907453726863	0.421757005530169
6.45592796398199	0.420573241918251
6.46278139069535	0.419389478306334
6.4696348174087	0.418205714694446
6.47648824412206	0.417021951082529
6.48334167083542	0.386562628145961
6.49019509754877	0.385378864534044
6.49704852426213	0.384195100922127
6.50390195097549	0.382737180996778
6.51075537768884	0.381071886424114
6.5176088044022	0.37940659185142
6.52446223111556	0.377741297278727
6.53131565782891	0.376076002706033
6.53816908454227	0.374410708133339
6.54502251125563	0.372745413560646
6.55187593796898	0.371080118987954
6.55872936468234	0.369414824415288
6.5655827913957	0.367749529842595
6.57243621810905	0.366084235269903
6.57928964482241	0.364418940697209
6.58614307153577	0.362753646124514
6.59299649824912	0.361088351551822
6.59984992496248	0.359423056979129
6.60670335167584	0.359072599683184
6.61355677838919	0.358751579042646
6.62041020510255	0.358430558402137
6.62726363181591	0.358109537761631
6.63411705852926	0.357788517121094
6.64097048524262	0.357467496480587
6.64782391195598	0.357146475840051
6.65467733866933	0.356825455199542
6.66153076538269	0.356504434559034
6.66838419209605	0.356183413918497
6.6752376188094	0.35586239327799
6.68209104552276	0.355541372637484
6.68894447223612	0.355220351996947
6.69579789894947	0.325623772031789
6.70265132566283	0.324650751440733
6.70950475237619	0.322644372437479
6.71635817908954	0.320637993434256
6.7232116058029	0.318631614431003
6.73006503251626	0.31662523542775
6.73691845922961	0.314618856424527
6.74377188594297	0.312612477421273
6.75062531265633	0.31060609841805
6.75747873936968	0.308599719414797
6.76433216608304	0.306593340411573
6.7711855927964	0.304586961408322
6.77803901950975	0.302580582405067
6.78489244622311	0.300574203401844
6.79174587293647	0.298567824398592
6.79859929964983	0.296561445395367
6.80545272636318	0.29514570336439
6.81230615307654	0.264606125267703
6.8191595797899	0.263342106495665
6.82601300650325	0.2620780877236
6.83286643321661	0.260814068951562
6.83971985992997	0.259550050179526
6.84657328664332	0.258286031407489
6.85342671335668	0.257022012635451
6.86028014007004	0.255757993863415
6.86713356678339	0.254493975091377
6.87398699349675	0.253229956319312
6.88084042021011	0.251965937547274
6.88769384692346	0.250701918775237
6.89454727363682	0.249437900003201
6.90140070035017	0.248095969287397
6.90825412706353	0.246450738504727
6.91510755377689	0.244805507722085
6.92196098049024	0.243160276939415
6.9288144072036	0.241515046156744
6.93566783391696	0.239869815374102
6.94252126063031	0.238224584591431
6.94937468734367	0.236579353808789
6.95622811405703	0.234934123026119
6.96308154077038	0.233288892243477
6.96993496748374	0.231643661460807
6.9767883941971	0.229998430678165
6.98364182091046	0.228353199895494
6.99049524762381	0.255983528437502
6.99734867433717	0.254338297654832
7.00420210105053	0.253197444192417
7.01105552776388	0.25237482880108
7.01790895447724	0.251552213409745
7.0247623811906	0.250729598018439
7.03161580790395	0.249906982627104
7.03846923461731	0.219808807911118
7.04532266133067	0.218986192519783
7.05217608804402	0.218163577128477
7.05902951475738	0.217340961737141
7.06588294147074	0.187242787021156
7.07273636818409	0.186420171629821
7.07958979489745	0.185597556238485
7.08644322161081	0.184774940847179
7.09329664832416	0.183952325455844
7.10015007503752	0.183136300360496
7.10700350175088	0.182614641819675
7.11385692846423	0.182092983278824
7.12071035517759	0.181571324737974
7.12756378189095	0.181049666197153
7.1344172086043	0.180528007656302
7.14127063531766	0.180006349115452
7.14812406203102	0.179484690574602
7.15497748874437	0.178963032033781
7.16183091545773	0.17844137349293
7.16868434217109	0.17791971495208
7.17553776888444	0.177398056411229
7.1823911955978	0.176876397870408
7.18924462231116	0.176354739329557
7.19609804902451	0.175833080788707
7.20295147573787	0.17513861004176
7.20980490245123	0.174215675700253
7.21665832916458	0.173292741358776
7.22351175587794	0.172369807017268
7.2303651825913	0.171446872675791
7.23721860930465	0.170523938334313
7.24407203601801	0.169601003992807
7.25092546273137	0.168678069651329
7.25777888944472	0.167755135309822
7.26463231615808	0.166832200968344
7.27148574287144	0.165909266626838
7.27833916958479	0.164986332285361
7.28519259629815	0.134787838619233
7.29204602301151	0.133864904277726
7.29889944972486	0.132941969936248
7.30575287643822	0.131665356376295
7.31260630315158	0.130321082444109
7.31945972986493	0.128976808511952
7.32631315657829	0.127632534579767
7.33316658329165	0.12628826064761
7.340020010005	0.124943986715424
7.34687343671836	0.123599712783267
7.35372686343172	0.122255438851111
7.36058029014507	0.120911164918925
7.36743371685843	0.119566890986768
7.37428714357179	0.118222617054583
7.38114057028514	0.116878343122426
7.3879939969985	0.11553406919024
7.39484742371186	0.114189795258083
7.40170085042521	0.112840541991161
7.40855427713857	0.111476204268952
7.41540770385193	0.110111866546744
7.42226113056528	0.108747528824535
7.42911455727864	0.107383191102327
7.435967983992	0.106018853380119
7.44282141070535	0.104654515657939
7.44967483741871	0.103290177935731
7.45652826413207	0.101925840213522
7.46338169084542	0.100561502491314
7.47023511755878	0.0991971647691053
7.47708854427214	0.0978328270468976
7.48394197098549	0.0964684893247182
7.49079539769885	0.0951041516025097
7.49764882441221	0.0937398138803012
7.50450225112556	0.0918877942544028
7.51135567783892	0.0897810963009781
7.51820910455228	0.0876743983475834
7.52506253126563	0.0855677003941887
7.53191595797899	0.0834610024407932
7.53876938469235	0.0813543044873694
7.5456228114057	0.0792476065339738
7.55247623811906	0.0771409085805791
7.55932966483242	0.0750342106271845
7.56618309154577	0.0729275126737598
7.57303651825913	0.0708208147203651
7.57988994497249	0.0687141167669704
7.58674337168584	0.0666074188135749
7.5935967983992	0.0645007208601511
7.60045022511256	0.062411157676336
7.60730365182591	0.0605652889933807
7.61415707853927	0.0587194203103963
7.62101050525263	0.0568735516274118
7.62786393196598	0.0550276829444274
7.63471735867934	0.053181814261443
7.6415707853927	0.0513359455784585
7.64842421210605	0.0494900768954741
7.65527763881941	0.0476442082124905
7.66213106553277	0.0457983395295352
7.66898449224612	0.0439524708465508
7.67583791895948	0.0421066021635663
7.68269134567284	0.0402607334805819
7.68954477238619	0.0384148647975975
7.69639819909955	0.036568996114613
7.70325162581291	0.0347326467480877
7.71010505252626	0.032906841855126
7.71695847923962	0.0310810369621643
7.72381190595298	0.0292552320692317
7.73066533266633	0.02742942717627
7.73751875937969	0.0256036222833374
7.74437218609305	0.0237778173903757
7.7512256128064	0.0219520124974431
7.75807903951976	0.0201262076044814
7.76493246623312	0.0183004027115488
7.77178589294647	0.0164745978185871
7.77863931965983	0.0146487929256545
7.78549274637319	0.012822988032692
7.79234617308654	0.0109971831397303
7.7991995997999	0.00917137824679769
7.80605302651326	0.00840880777454451
7.81290645322661	0.00778683028355211
7.81975987993997	0.00716485279253058
7.82661330665333	0.00654287530153818
7.83346673336668	0.00592089781051583
7.84032016008004	0.00529892031952342
7.8471735867934	0.0046769428285019
7.85402701350675	0.00405496533750867
7.86088044022011	0.00343298784651626
7.86773386693347	0.00281101035549474
7.87458729364682	0.00218903286450234
7.88144072036018	0.00156705537347998
7.88829414707354	0.000945077882487581
7.89514757378689	0.000323100391495179
7.90200100050025	-0.000498050489633582
7.90885442721361	-0.00180219684171569
7.91570785392696	-0.00310634319382774
7.92256128064032	-0.00441048954593897
7.92941470735368	-0.0057146358980502
7.93626813406703	-0.00701878225016142
7.94312156078039	-0.00832292860227348
7.94997498749375	-0.00962707495435559
7.9568284142071	-0.0109312213064668
7.96368184092046	-0.012235367658578
7.97053526763382	-0.0135395140106893
7.97738869434717	-0.0148436603628005
7.98424212106053	-0.0161478067148826
7.99109554777389	-0.0174519530669947
7.99794897448724	-0.0187560994191059
8.0048024012006	-0.0197650005106024
8.01165582791396	-0.0206478072720051
8.01850925462731	-0.0215306140334377
8.02536268134067	-0.0224134207948703
8.03221610805403	0.00597933176834712
8.03906953476738	0.00509652500694445
8.04592296148074	0.00421371824551183
8.0527763881941	0.00333091148407921
8.05962981490745	0.00244810472264659
8.06648324162081	0.00156529796121481
8.07333666833417	0.000682491199811308
8.08019009504752	-0.000200315561621312
8.08704352176088	-0.0010831223230531
8.09389694847424	-0.00196592908448572
8.10075037518759	-0.00273450404863771
8.10760380190095	-0.00257399372836937
8.11445722861431	-0.00241348340813098
8.12131065532766	-0.00225297308786264
8.12816408204102	-0.0020924627675943
8.13501750875438	-0.00193195244735424
8.14187093546773	-0.0017714421270859
8.14872436218109	-0.00161093180681756
8.15557778889445	-0.00145042148654921
8.1624312156078	-0.0305654704909609
8.16928464232116	-0.0304049601706925
8.17613806903452	-0.0302444498504234
8.18299149574787	-0.0300839395301841
8.18984492246123	-0.0299234292099158
8.19669834917459	-0.0297629188896475
8.20355177588795	-0.0595434413386122
8.2104052026013	-0.0606670135804323
8.21725862931466	-0.0617905858222525
8.22411205602801	-0.0629141580640735
8.23096548274137	-0.0933132896305437
8.23781890945473	-0.0944368618723347
8.24467233616808	-0.0955604341141549
8.25152576288144	-0.0966840063559759
8.2583791895948	-0.0978075785977969
8.26523261630815	-0.098931150839617
8.27208604302151	-0.100054723081407
8.27893946973487	-0.101178295323228
8.28579289644822	-0.102301867565049
8.29264632316158	-0.103425439806869
8.29949974987494	-0.10454901204869
8.30635317658829	-0.106118967005949
8.31320660330165	-0.107724070208545
8.32006003001501	-0.109329173411142
8.32691345672836	-0.110934276613738
8.33376688344172	-0.112539379816334
8.34062031015508	-0.114144483018931
8.34747373686843	-0.115749586221498
8.35432716358179	-0.117354689424095
8.36118059029515	-0.118959792626691
8.3680340170085	-0.120564895829287
8.37488744372186	-0.122169999031884
8.38174087043522	-0.123775102234481
8.38859429714858	-0.125380205437077
8.39544772386193	-0.126985308639643
8.40230115057529	-0.128381572684688
8.40915457728864	-0.129364698396263
8.416008004002	-0.130347824107866
8.42286143071536	-0.131330949819441
8.42971485742871	-0.132314075531045
8.43656828414207	-0.133297201242619
8.44342171085543	-0.134280326954223
8.45027513756878	-0.135263452665798
8.45712856428214	-0.136246578377372
8.4639819909955	-0.137229704088976
8.47083541770886	-0.138212829800551
8.47768884442221	-0.139195955512154
8.48454227113557	-0.140179081223729
8.49139569784892	-0.141162206935333
8.49824912456228	-0.142145332646907
8.50510255127564	-0.14329277640534
8.51195597798899	-0.14449660380728
8.51880940470235	-0.14570043120922
8.52566283141571	-0.14690425861116
8.53251625812906	-0.148108086013101
8.53936968484242	-0.14931191341507
8.54622311155578	-0.150515740817009
8.55307653826913	-0.151719568218949
8.55992996498249	-0.15292339562089
8.56678339169585	-0.154127223022829
8.5736368184092	-0.155331050424769
8.58049024512256	-0.156534877826709
8.58734367183592	-0.157738705228679
8.59419709854927	-0.158942532630618
8.60105052526263	-0.160254001533821
8.60790395197599	-0.162160061586903
8.61475737868934	-0.164066121639984
8.6216108054027	-0.165972181693065
8.62846423211606	-0.167878241746146
8.63531765882941	-0.169784301799199
8.64217108554277	-0.17169036185228
8.64902451225613	-0.173596421905362
8.65587793896949	-0.175502481958443
8.66273136568284	-0.177408542011525
8.6695847923962	-0.179314602064606
8.67643821910955	-0.181220662117687
8.68329164582291	-0.183126722170769
8.69014507253627	-0.18503278222385
8.69699849924962	-0.186938842276902
8.70385192596298	-0.1886080910272
8.71070535267634	-0.190092811489602
8.71755877938969	-0.191577531952005
8.72441220610305	-0.193062252414407
8.73126563281641	-0.19454697287678
8.73811905952977	-0.196031693339183
8.74497248624312	-0.226791973126235
8.75182591295648	-0.228276693588637
8.75867933966983	-0.22976141405104
8.76553276638319	-0.231246134513442
8.77238619309655	-0.232730854975816
8.7792396198099	-0.234215575438218
8.78609304652326	-0.235700295900621
8.79294647323662	-0.237185016363023
8.79979989994997	-0.238669736825425
8.80665332666333	-0.240388193119154
8.81350675337669	-0.242113679061944
8.82036018009005	-0.243839165004706
8.8272136068034	-0.245564650947496
8.83406703351676	-0.247290136890287
8.84092046023012	-0.249015622833077
8.84777388694347	-0.250741108775868
8.85462731365683	-0.252466594718658
8.86148074037018	-0.254192080661448
8.86833416708354	-0.25591756660421
8.8751875937969	-0.257643052546999
8.88204102051025	-0.28864409781444
8.88889444722361	-0.290369583757231
8.89574787393697	-0.292095069700021
8.90260130065032	-0.293744401111282
8.90945472736368	-0.295269249153758
8.91630815407704	-0.296794097196206
8.9231615807904	-0.298318945238683
8.93001500750375	-0.299843793281131
8.93686843421711	-0.301368641323608
8.94372186093046	-0.302893489366084
8.95057528764382	-0.304418337408531
8.95742871435718	-0.305943185451009
8.96428214107053	-0.307468033493457
8.97113556778389	-0.308992881535933
8.97798899449725	-0.310517729578381
8.9848424212106	-0.312042577620857
8.99169584792396	-0.313567425663305
8.99854927463732	-0.315092273705782
9.00540270135068	-0.316158437146904
9.01225612806403	-0.317101435278433
9.01910955477739	-0.347319992734612
9.02596298149075	-0.348262990866142
9.0328164082041	-0.349205988997642
9.03966983491746	-0.350148987129172
9.04652326163082	-0.351091985260701
9.05337668834417	-0.35203498339223
9.06023011505753	-0.35297798152373
9.06708354177088	-0.35392097965526
9.07393696848424	-0.35486397778679
9.0807903951976	-0.355806975918319
9.08764382191096	-0.356749974049819
9.09449724862431	-0.357692972181348
9.10135067533767	-0.358592474359316
9.10820410205103	-0.359314770800481
9.11505752876438	-0.360037067241645
9.12191095547774	-0.360759363682808
9.1287643821911	-0.361481660123973
9.13561780890445	-0.362203956565136
9.14247123561781	-0.3629262530063
9.14932466233116	-0.363648549447465
9.15617808904452	-0.364370845888629
9.16303151575788	-0.365093142329792
9.16988494247123	-0.365815438770957
9.17673836918459	-0.36653773521215
9.18359179589795	-0.367260031653314
9.19044522261131	-0.367982328094478
9.19729864932466	-0.368704624535641
9.20415207603802	-0.370666775330201
9.21100550275138	-0.373435578354663
9.21785892946473	-0.376204381379124
9.22471235617809	-0.378973184403616
9.23156578289145	-0.381741987428078
9.2384192096048	-0.38451079045254
9.24527263631816	-0.387279593477031
9.25212606303151	-0.390048396501493
9.25897948974487	-0.392817199525955
9.26583291645823	-0.395586002550447
9.27268634317159	-0.398354805574908
9.27953976988494	-0.40112360859937
9.2863931965983	-0.403892411623862
9.29324662331166	-0.406661214648323
9.30010005002501	-0.409409514529689
9.30695347673837	-0.410773852251898
9.31380690345173	-0.412138189974106
9.32066033016508	-0.413502527696314
9.32751375687844	-0.414866865418493
9.33436718359179	-0.416231203140702
9.34122061030515	-0.417595540862911
9.34807403701851	-0.418959878585119
9.35492746373187	-0.420324216307328
9.36178089044522	-0.421688554029507
9.36863431715858	-0.423052891751715
9.37548774387194	-0.424417229473923
9.38234117058529	-0.425781567196132
9.38919459729865	-0.42714590491834
9.39604802401201	-0.428510242640549
9.40290145072536	-0.429840603725597
9.40975487743872	-0.431124686287686
9.41660830415208	-0.432408768849745
9.42346173086543	-0.433692851411834
9.43031515757879	-0.434976933973893
9.43716858429215	-0.436261016535982
9.4440220110055	-0.437545099098042
9.45087543771886	-0.438829181660131
9.45772886443222	-0.440113264222191
9.46458229114557	-0.441397346784279
9.47143571785893	-0.442681429346339
9.47828914457229	-0.443965511908428
9.48514257128564	-0.445249594470487
9.491995997999	-0.446533677032577
9.49884942471236	-0.447817759594635
9.50570285142571	-0.450420780062062
9.51255627813907	-0.453289902036696
9.51940970485242	-0.456159024011329
9.52626313156578	-0.459028145985963
9.53311655827914	-0.461897267960596
9.5399699849925	-0.46476638993523
9.54682341170585	-0.496911071234513
9.55367683841921	-0.499780193209146
9.56053026513257	-0.502649315183779
9.56738369184592	-0.505518437158412
9.57423711855928	-0.508387559133046
9.58109054527264	-0.51125668110768
9.58794397198599	-0.514125803082313
9.59479739869935	-0.516994925056947
9.60165082541271	-0.519506413635528
9.60850425212606	-0.52089081514776
9.61535767883942	-0.522275216659991
9.62221110555278	-0.523659618172222
9.62906453226613	-0.525044019684453
9.63591795897949	-0.526428421196683
9.64277138569285	-0.527812822708944
9.6496248124062	-0.529197224221175
9.65647823911956	-0.530581625733406
9.66333166583292	-0.531966027245636
9.67018509254627	-0.533350428757868
9.67703851925963	-0.534734830270099
9.68389194597299	-0.536119231782359
9.69074537268634	-0.53750363329459
9.6975987993997	-0.538888034806821
9.70445222611306	-0.539672865834436
9.71130565282641	-0.54013433300519
9.71815907953977	-0.540595800175913
9.72501250625313	-0.541057267346667
9.73186593296648	-0.54151873451742
9.73871935967984	-0.541980201688174
9.7455727863932	-0.542441668858897
9.75242621310655	-0.542903136029651
9.75927963981991	-0.543364603200405
9.76613306653327	-0.543826070371159
9.77298649324662	-0.544287537541882
9.77983991995998	-0.544749004712636
9.78669334667334	-0.545210471883389
9.79354677338669	-0.545671939054113
9.80040020010005	-0.546214247189074
9.80725362681341	-0.548060115872059
9.81410705352676	-0.549905984555043
9.82096048024012	-0.551751853238028
9.82781390695348	-0.553597721921012
9.83466733366683	-0.555443590603997
9.84152076038019	-0.557289459286981
9.84837418709355	-0.559135327969965
9.8552276138069	-0.560981196652921
9.86208104052026	-0.562827065335905
9.86893446723362	-0.56467293401889
9.87578789394697	-0.566518802701874
9.88264132066033	-0.568364671384858
9.88949474737369	-0.570210540067843
9.89634817408704	-0.572056408750827
9.9032016008004	-0.574417785031718
9.91005502751376	-0.577367162166471
9.91690845422711	-0.580316539301254
9.92376188094047	-0.583265916436007
9.93061530765383	-0.586215293570759
9.93746873436718	-0.589164670705542
9.94432216108054	-0.592114047840295
9.9511755877939	-0.595063424975047
9.95802901450725	-0.59801280210983
9.96488244122061	-0.600962179244583
9.97173586793397	-0.603911556379336
9.97858929464732	-0.606860933514118
9.98544272136068	-0.609810310648871
9.99229614807404	-0.612759687783624
9.99914957478739	-0.615709064918406
10.0060030015007	-0.617621568816461
10.0128564282141	-0.619387182339297
10.0197098549275	-0.591877236537511
10.0265632816408	-0.593642850060347
10.0334167083542	-0.595408463583212
10.0402701350675	-0.597174077106047
10.0471235617809	-0.598939690628912
10.0539769884942	-0.600705304151748
10.0608304152076	-0.602470917674612
10.067683841921	-0.604236531197448
10.0745372686343	-0.606002144720313
10.0813906953477	-0.607767758243178
10.088244122061	-0.609533371766013
10.0950975487744	-0.611298985288878
10.1019509754877	-0.612978924963783
10.1088044022011	-0.614443581636133
10.1156578289145	-0.615908238308514
10.1225112556278	-0.617372894980864
10.1293646823412	-0.618837551653244
10.1362181090545	-0.620302208325595
10.1430715357679	-0.621766864997974
10.1499249624812	-0.623231521670325
10.1567783891946	-0.624696178342705
10.163631815908	-0.626160835015055
10.1704852426213	-0.627625491687436
10.1773386693347	-0.629090148359786
10.184192096048	-0.630554805032166
10.1910455227614	-0.632019461704516
10.1978989494747	-0.633484118376896
10.2047523761881	-0.634531389636172
10.2116058029015	-0.635394132607552
10.2184592296148	-0.636256875578962
10.2253126563282	-0.637119618550343
10.2321660830415	-0.637982361521753
10.2390195097549	-0.638845104493134
10.2458729364682	-0.639707847464514
10.2527263631816	-0.640570590435923
10.2595797898949	-0.641433333407304
10.2664332166083	-0.642296076378714
10.2732866433217	-0.643158819350095
10.280140070035	-0.644021562321505
10.2869934967484	-0.644884305292886
10.2938469234617	-0.675022607588916
10.3007003501751	-0.675942759360996
10.3075537768884	-0.706642847777951
10.3144072036018	-0.708067376870256
10.3212606303152	-0.738767465287212
10.3281140570285	-0.740191994379487
10.3349674837419	-0.741616523471792
10.3418209104552	-0.743041052564098
10.3486743371686	-0.744465581656404
10.3555277638819	-0.745890110748709
10.3623811905953	-0.747314639841014
10.3692346173087	-0.748739168933291
10.376088044022	-0.750163698025596
10.3829414707354	-0.751588227117902
10.3897948974487	-0.753012756210207
10.3966483241621	-0.754437285302512
10.4035017508754	-0.7558003049655
10.4103551775888	-0.757104451317612
10.4172086043022	-0.758408597669722
10.4240620310155	-0.759712744021834
10.4309154577289	-0.761016890373945
10.4377688844422	-0.762321036726027
10.4446223111556	-0.763625183078139
10.4514757378689	-0.764929329430251
10.4583291645823	-0.766233475782362
10.4651825912956	-0.767537622134473
10.472036018009	-0.768841768486585
10.4788894447224	-0.770145914838667
10.4857428714357	-0.771450061190778
10.4925962981491	-0.77275420754289
10.4994497248624	-0.774058353895001
10.5063031515758	-0.774679745581905
10.5131565782891	-0.77524153170283
10.5200100050025	-0.775803317823725
10.5268634317159	-0.776365103944621
10.5337168584292	-0.776926890065546
10.5405702851426	-0.777488676186442
10.5474237118559	-0.778050462307367
10.5542771385693	-0.778612248428262
10.5611305652826	-0.779174034549158
10.567983991996	-0.779735820670083
10.5748374187094	-0.780297606790978
10.5816908454227	-0.780859392911903
10.5885442721361	-0.781421179032799
10.5953976988494	-0.781982965153694
10.6022511255628	-0.782788592226464
10.6091045522761	-0.784092738578575
10.6159579789895	-0.785396884930686
10.6228114057029	-0.786701031282798
10.6296648324162	-0.788005177634881
10.6365182591296	-0.789309323986992
10.6433716858429	-0.790613470339103
10.6502251125563	-0.791917616691215
10.6570785392696	-0.793221763043325
10.663931965983	-0.794525909395408
10.6707853926963	-0.79583005574752
10.6776388194097	-0.797134202099631
10.6844922461231	-0.798438348451742
10.6913456728364	-0.799742494803854
10.6981990995498	-0.771771081831314
10.7050525262631	-0.772453982947508
10.7119059529765	-0.772915450118261
10.7187593796898	-0.773376917289015
10.7256128064032	-0.773838384459739
10.7324662331166	-0.774299851630493
10.7393196598299	-0.774761318801246
10.7461730865433	-0.775222785971999
10.7530265132566	-0.775684253142723
10.75987993997	-0.776145720313477
10.7667333666833	-0.77660718748423
10.7735867933967	-0.777068654654954
10.7804402201101	-0.777530121825708
10.7872936468234	-0.777991588996462
10.7941470735368	-0.778453056167215
10.8010005002501	-0.77896724570593
10.8078539269635	-0.779789861097235
10.8147073536768	-0.780612476488571
10.8215607803902	-0.781435091879907
10.8284142071036	-0.782257707271242
10.8352676338169	-0.812355881987198
10.8421210605303	-0.813178497378534
10.8489744872436	-0.814001112769869
10.855827913957	-0.814823728161204
10.8626813406703	-0.815646343552511
10.8695347673837	-0.816468958943847
10.876388194097	-0.846567133659832
10.8832416208104	-0.847389749051167
10.8900950475238	-0.848212364442473
10.8969484742371	-0.878310539158458
10.9038019009505	-0.879856622599136
10.9106553276638	-0.881983384342581
10.9175087543772	-0.884110146086
10.9243621810905	-0.915512467154096
10.9312156078039	-0.917639228897514
10.9380690345173	-0.919765990640961
10.9449224612306	-0.921892752384407
10.951775887944	-0.924019514127825
10.9586293146573	-0.926146275871271
10.9654827413707	-0.928273037614689
10.972336168084	-0.930399799358136
10.9791895947974	-0.932526561101554
10.9860430215108	-0.934653322845001
10.9928964482241	-0.936780084588448
10.9997498749375	-0.938906846331865
11.0066033016508	-0.941710211797576
11.0134567283642	-0.944539206192134
11.0203101550775	-0.947368200586694
11.0271635817909	-0.950197194981282
11.0340170085043	-0.95302618937584
11.0408704352176	-0.9558551837704
11.047723861931	-0.987959737489638
11.0545772886443	-0.990788731884197
11.0614307153577	-0.993617726278756
11.068284142071	-0.996446720673344
11.0751375687844	-0.999275715067903
11.0819909954977	-1.00210470946246
11.0888444222111	-1.00493370385705
11.0956978489245	-1.00776269825161
11.1025512756378	-1.01055434763552
11.1094047023512	-1.01328302307994
11.1162581290645	-1.01601169852436
11.1231115557779	-1.01874037396874
11.1299649824912	-1.02146904941316
11.1368184092046	-1.02419772485758
11.143671835918	-1.02692640030196
11.1505252626313	-1.02965507574638
11.1573786893447	-1.0323837511908
11.164232116058	-1.03511242663519
11.1710855427714	-1.00856554275495
11.1779389694847	-1.01129421819937
11.1847923961981	-1.01402289364376
11.1916458229115	-1.01675156908817
11.1984992496248	-1.01948024453256
11.2053526763382	-1.02004642418413
11.2122061030515	-1.02000629660409
11.2190595297649	-1.01996616902402
11.2259129564782	-1.04920160076859
11.2327663831916	-1.04916147318855
11.239619809905	-1.04912134560847
11.2464732366183	-1.0490812180284
11.2533266633317	-1.04904109044835
11.260180090045	-1.04900096286828
11.2670335167584	-1.0489608352882
11.2738869434717	-1.04892070770816
11.2807403701851	-1.04888058012808
11.2875937968984	-1.04884045254801
11.2944472236118	-1.04880032496796
11.3013006503252	-1.0486193115046
11.3081540770385	-1.04783682369334
11.3150075037519	-1.04705433588208
11.3218609304652	-1.04627184807082
11.3287143571786	-1.04548936025955
11.3355677838919	-1.04470687244826
11.3424212106053	-1.043924384637
11.3492746373187	-1.04314189682574
11.356128064032	-1.04235940901448
11.3629814907454	-1.04157692120322
11.3698349174587	-1.04079443339196
11.3766883441721	-1.0400119455807
11.3835417708854	-1.03922945776944
11.3903951975988	-1.03844696995818
11.3972486243122	-1.03766448214692
11.4041020510255	-1.03791476694373
11.4109554777389	-1.06813332439991
11.4178089044522	-1.06907632253141
11.4246623311656	-1.07001932066294
11.4315157578789	-1.07096231879447
11.4383691845923	-1.071905316926
11.4452226113057	-1.07284831505753
11.452076038019	-1.07379131318903
11.4589294647324	-1.07473431132056
11.4657828914457	-1.07567730945209
11.4726363181591	-1.07662030758362
11.4794897448724	-1.07756330571512
11.4863431715858	-1.07850630384665
11.4931965982991	-1.07944930197818
11.5000500250125	-1.08040240523023
11.5069034517259	-1.08272980487399
11.5137568784392	-1.08505720451775
11.5206103051526	-1.08738460416151
11.5274637318659	-1.08971200380527
11.5343171585793	-1.09203940344903
11.5411705852926	-1.09436680309279
11.548024012006	-1.09669420273655
11.5548774387194	-1.12829716170496
11.5617308654327	-1.13062456134872
11.5685842921461	-1.13295196099245
11.5754377188594	-1.13527936063621
11.5822911455728	-1.13760676027997
11.5891445722861	-1.13993415992373
11.5959979989995	-1.14226155956749
11.6028514257129	-1.14417992150643
11.6097048524262	-1.14552419543862
11.6165582791396	-1.14686846937077
11.6234117058529	-1.14821274330296
11.6302651325663	-1.14955701723512
11.6371185592796	-1.1509012911673
11.643971985993	-1.15224556509946
11.6508254127064	-1.15358983903164
11.6576788394197	-1.1549341129638
11.6645322661331	-1.12700282757134
11.6713856928464	-1.12834710150349
11.6782391195598	-1.12969137543568
11.6850925462731	-1.16031120869249
11.6919459729865	-1.16165548262467
11.6987993996998	-1.16299975655683
11.7056528264132	-1.19300727809012
11.7125062531266	-1.22288475111574
11.7193596798399	-1.22348666481671
11.7262131065533	-1.22408857851768
11.7330665332666	-1.22469049221865
11.73991995998	-1.25456796524427
11.7467733866933	-1.25516987894524
11.7536268134067	-1.25577179264621
11.7604802401201	-1.25637370634718
11.7673336668334	-1.25697562004815
11.7741870935468	-1.25757753374912
11.7810405202601	-1.25817944745009
11.7878939469735	-1.25878136115106
11.7947473736868	-1.25938327485206
11.8016008004002	-1.26033667100613
11.8084542271136	-1.26244336895953
11.8153076538269	-1.26455006691295
11.8221610805403	-1.26665676486635
11.8290145072536	-1.26876346281974
11.835867933967	-1.27087016077314
11.8427213606803	-1.27297685872656
11.8495747873937	-1.27508355667996
11.8564282141071	-1.27719025463335
11.8632816408204	-1.27929695258675
11.8701350675338	-1.28140365054017
11.8769884942471	-1.28351034849357
11.8838419209605	-1.28561704644696
11.8906953476738	-1.28772374440036
11.8975487743872	-1.28983044235378
11.9044022011005	-1.29169227419817
11.9112556278139	-1.29341776014096
11.9181090545273	-1.29514324608372
11.9249624812406	-1.29686873202651
11.931815907954	-1.32786977729395
11.9386693346673	-1.32959526323674
11.9455227613807	-1.33132074917953
11.952376188094	-1.36232179444697
11.9592296148074	-1.36404728038976
11.9660830415208	-1.36577276633255
11.9729364682341	-1.36749825227531
11.9797898949475	-1.36922373821811
11.9866433216608	-1.37094922416089
11.9934967483742	-1.37267471010369
12.0003501750875	-1.40367780568542
12.0072036018009	-1.40544341920829
12.0140570285143	-1.40720903273112
12.0209104552276	-1.40897464625399
12.027763881941	-1.41074025977685
12.0346173086543	-1.41250587329969
12.0414707353677	-1.41427148682254
12.048324162081	-1.41603710034539
12.0551775887944	-1.41780271386824
12.0620310155078	-1.41956832739109
12.0688844422211	-1.42133394091395
12.0757378689345	-1.4230995544368
12.0825912956478	-1.42486516795965
12.0894447223612	-1.4266307814825
12.0962981490745	-1.42839639500535
12.1031515757879	-1.43071559339187
12.1100050025013	-1.43368503431667
12.1168584292146	-1.40737891591681
12.123711855928	-1.41034835684161
12.1305652826413	-1.44259335709105
12.1374187093547	-1.44556279801585
12.144272136068	-1.44853223894064
12.1511255627814	-1.45150167986544
12.1579789894947	-1.45447112079023
12.1648324162081	-1.45744056171503
12.1716858429215	-1.46041000263982
12.1785392696348	-1.46337944356462
12.1853926963482	-1.46634888448942
12.1922461230615	-1.46931832541421
12.1990995497749	-1.50156332566366
12.2059529764882	-1.50303398682793
12.2128064032016	-1.50427794180994
12.219659829915	-1.50552189679195
12.2265132566283	-1.50676585177396
12.2333666833417	-1.50800980675597
12.240220110055	-1.50925376173797
12.2470735367684	-1.51049771671998
12.2539269634817	-1.51174167170199
12.2607803901951	-1.512985626684
12.2676338169085	-1.51422958166601
12.2744872436218	-1.51547353664802
12.2813406703352	-1.51671749163003
12.2881940970485	-1.51796144661204
12.2950475237619	-1.51920540159405
12.3019009504752	-1.52058848504708
12.3087543771886	-1.5223340347799
12.315607803902	-1.52407958451272
12.3224612306153	-1.52582513424554
12.3293146573287	-1.52757068397836
12.336168084042	-1.52931623371118
12.3430215107554	-1.53106178344399
12.3498749374687	-1.53280733317681
12.3567283641821	-1.53455288290963
12.3635817908954	-1.5655739919671
12.3704352176088	-1.59659510102457
12.3772886443222	-1.59834065075739
12.3841420710355	-1.60008620049021
12.3909954977489	-1.60183175022303
12.3978489244622	-1.60357729995585
12.4047023511756	-1.60504752176705
12.4115557778889	-1.60639179569922
12.4184092046023	-1.60773606963139
12.4252626313157	-1.60908034356356
12.432116058029	-1.61042461749574
12.4389694847424	-1.61176889142791
12.4458229114557	-1.64238872468473
12.4526763381691	-1.7022841172662
12.4595297648824	-1.70362839119837
12.4663831915958	-1.70497266513054
12.4732366183092	-1.70631693906271
12.4800900450225	-1.70766121299488
12.4869434717359	-1.70900548692705
12.4937968984492	-1.71034976085922
12.5006503251626	-1.7116616691155
12.5075037518759	-1.71266485861712
12.5143571785893	-1.71366804811874
12.5212106053027	-1.71467123762036
12.528064032016	-1.71567442712198
12.5349174587294	-1.7166776166236
12.5417708854427	-1.74695636544987
12.5486243121561	-1.74795955495149
12.5554777388694	-1.77823830377776
12.5623311655828	-1.77924149327938
12.5691845922961	-1.780244682781
12.5760380190095	-1.78124787228262
12.5828914457229	-1.81152662110889
12.5897448724362	-1.81252981061052
12.5965982991496	-1.81353300011214
12.6034517258629	-1.81511218148381
12.6103051525763	-1.81725900701728
12.6171585792896	-1.81940583255074
12.624012006003	-1.82155265808421
12.6308654327164	-1.82369948361768
12.6377188594297	-1.82584630915114
12.6445722861431	-1.82799313468461
12.6514257128564	-1.83013996021808
12.6582791395698	-1.83228678575154
12.6651325662831	-1.83443361128501
12.6719859929965	-1.83658043681848
12.6788394197099	-1.83872726235195
12.6856928464232	-1.84087408788541
12.6925462731366	-1.84302091341888
12.6993996998499	-1.84516773895235
12.7062531265633	-1.84570360324233
12.7131065532766	-1.84608481525295
12.71995997999	-1.84646602726357
12.7268134067034	-1.84684723927418
12.7336668334167	-1.8472284512848
12.7405202601301	-1.84760966329541
12.7473736868434	-1.84799087530603
12.7542271135568	-1.819096527992
12.7610805402701	-1.79020218067796
12.7679339669835	-1.79058339268858
12.7747873936968	-1.79096460469919
12.7816408204102	-1.79134581670981
12.7884942471236	-1.85027814736972
12.7953476738369	-1.85065935938034
12.8022011005503	-1.88067054218917
12.8090545272636	-1.88215526265157
12.815907953977	-1.88363998311396
12.8227613806903	-1.88512470357636
12.8296148074037	-1.88660942403876
12.8364682341171	-1.88809414450116
12.8433216608304	-1.88957886496356
12.8501750875438	-1.89106358542595
12.8570285142571	-1.89254830588835
12.8638819409705	-1.89403302635075
12.8707353676838	-1.89551774681315
12.8775887943972	-1.89700246727555
12.8844422211106	-1.89848718773794
12.8912956478239	-1.89997190820034
12.8981490745373	-1.90145662866274
12.9050025012506	-1.87359256428942
12.911855927964	-1.87497696580166
12.9187093546773	-1.87636136731389
12.9255627813907	-1.87774576882613
12.9324162081041	-1.84985461101371
12.9392696348174	-1.85123901252595
12.9461230615308	-1.85262341403818
12.9529764882441	-1.85400781555042
12.9598299149575	-1.85539221706265
12.9666833416708	-1.85677661857489
12.9735367683842	-1.85816102008712
12.9803901950975	-1.85954542159936
12.9872436218109	-1.8609298231116
12.9940970485243	-1.89158978394848
13.0009504752376	-1.89288792580868
13.007803901951	-1.89365034982991
13.0146573286643	-1.89441277385114
13.0215107553777	-1.92445075719702
13.028364182091	-1.92521318121826
13.0352176088044	-1.95525116456414
13.0420710355178	-1.98528914791002
13.0489244622311	-1.9567760126066
13.0557778889445	-1.95753843662783
13.0626313156578	-1.95830086064906
13.0694847423712	-1.95906328467029
13.0763381690845	-1.93055014936687
13.0831915957979	-1.96058813271276
13.0900450225113	-1.96135055673399
13.0968984492246	-1.93283742143057
13.103751875938	-1.93346803953188
13.1106053026513	-1.93398969807272
13.1174587293647	-1.93451135661356
13.124312156078	-1.93503301515441
13.1311655827914	-1.93555467369525
13.1380190095048	-1.93607633223609
13.1448724362181	-1.93659799077693
13.1517258629315	-1.93711964931778
13.1585792896448	-1.93764130785862
13.1654327163582	-1.93816296639946
13.1722861430715	-1.9386846249403
13.1791395697849	-1.93920628348115
13.1859929964982	-1.93972794202199
13.1928464232116	-1.94024960056283
13.199699849925	-1.94077125910367
13.2065532766383	-1.97168121183534
13.2134067033517	-2.00264212952271
13.220260130065	-2.00432748788544
13.2271135567784	-2.00601284624816
13.2339669834917	-2.00769820461088
13.2408204102051	-2.0093835629736
13.2476738369185	-2.01106892133632
13.2545272636318	-2.07130539834834
13.2613806903452	-2.13154187536036
13.2682341170585	-2.13322723372309
13.2750875437719	-2.13491259208581
13.2819409704852	-2.13659795044853
13.2887943971986	-2.1675588681359
13.295647823912	-2.16924422649862
13.3025012506253	-2.19978775877291
13.3093546773387	-2.20032948110379
13.316208104052	-2.20087120343466
13.3230615307654	-2.20141292576554
13.3299149574787	-2.23123020742106
13.3367683841921	-2.23177192975194
13.3436218109055	-2.23231365208281
13.3504752376188	-2.23285537441369
13.3573286643322	-2.23339709674456
13.3641820910455	-2.23393881907544
13.3710355177589	-2.23448054140631
13.3778889444722	-2.23502226373719
13.3847423711856	-2.23556398606806
13.3915957978989	-2.23610570839894
13.3984492246123	-2.23664743072981
13.4053026513257	-2.23695629593549
13.412156078039	-2.23719706141588
13.4190095047524	-2.23743782689627
13.4258629314657	-2.23767859237666
13.4327163581791	-2.23791935785705
13.4395697848924	-2.23816012333744
13.4464232116058	-2.23840088881783
13.4532766383192	-2.26791721362287
13.4601300650325	-2.26815797910325
13.4669834917459	-2.26839874458364
13.4738369184592	-2.32719062871333
13.4806903451726	-2.29815583486907
13.4875437718859	-2.29839660034946
13.4943971985993	-2.3279129251545
13.5012506253127	-2.32838435099475
13.508104052026	-2.32988913524718
13.5149574787394	-2.33139391949961
13.5218109054527	-2.33289870375204
13.5286643321661	-2.36367904732912
13.5355177588794	-2.36518383158155
13.5423711855928	-2.36668861583398
13.5492246123062	-2.42674451873571
13.5560780390195	-2.48680042163744
13.5629314657329	-2.48830520588987
13.5697848924462	-2.4898099901423
13.5766383191596	-2.54986589304403
13.5834917458729	-2.52209511797181
13.5903451725863	-2.61142658019819
13.5971985992996	-2.61293136445062
13.604052026013	-2.67094691171197
13.6109054527264	-2.69827628340348
13.6177588794397	-2.75488121441964
13.6246123061531	-2.81148614543579
13.6314657328664	-2.8973666357766
13.6383191595798	-2.89542044814346
13.6451725862931	-2.95202537915962
13.6520260130065	-2.95007919152647
13.6588794397199	-2.97740856321798
13.6657328664332	-2.97546237558484
13.6725862931466	-2.9735161879517
13.6794397198599	-2.97157000031855
13.6862931465733	-2.96962381268541
13.6931465732866	-2.96767762505227
13.7	-2.96573143741912
13.67	0
14.0369696969697	0
14.4039393939394	0
14.7709090909091	0
15.1378787878788	0
15.5048484848485	0
15.8718181818182	0
16.2387878787879	0
16.6057575757576	0
16.9727272727273	0
17.339696969697	0
17.7066666666667	0
18.0736363636364	0
18.4406060606061	0
18.8075757575758	0
19.1745454545455	0
19.5415151515151	0
19.9084848484848	0
20.2754545454545	0
20.6424242424242	0
21.0093939393939	0
21.3763636363636	0
21.7433333333333	0
22.110303030303	0
22.4772727272727	0
22.8442424242424	0
23.2112121212121	0
23.5781818181818	0
23.9451515151515	0
24.3121212121212	0
24.6790909090909	0
25.0460606060606	0
25.4130303030303	0
25.78	0
26.1469696969697	0
26.5139393939394	0
26.8809090909091	0
27.2478787878788	0
27.6148484848485	0
27.9818181818182	0
28.3487878787879	0
28.7157575757576	0
29.0827272727273	0
29.449696969697	0
29.8166666666667	0
30.1836363636364	0
30.5506060606061	0
30.9175757575758	0
31.2845454545455	0
31.6515151515151	0
32.0184848484848	0
32.3854545454545	0
32.7524242424242	0
33.1193939393939	0
33.4863636363636	0
33.8533333333333	0
34.220303030303	0
34.5872727272727	0
34.9542424242424	0
35.3212121212121	0
35.6881818181818	0
36.0551515151515	0
36.4221212121212	0
36.7890909090909	0
37.1560606060606	0
37.5230303030303	0
37.89	0
38.2569696969697	0
38.6239393939394	0
38.9909090909091	0
39.3578787878788	0
39.7248484848485	0
40.0918181818182	0
40.4587878787879	0
40.8257575757576	0
41.1927272727273	0
41.559696969697	0
41.9266666666667	0
42.2936363636364	0
42.6606060606061	0
43.0275757575758	0
43.3945454545455	0
43.7615151515151	0
44.1284848484848	0
44.4954545454545	0
44.8624242424242	0
45.2293939393939	0
45.5963636363636	0
45.9633333333333	0
46.330303030303	0
46.6972727272727	0
47.0642424242424	0
47.4312121212121	0
47.7981818181818	0
48.1651515151515	0
48.5321212121212	0
48.8990909090909	0
49.2660606060606	0
49.6330303030303	0
50	0
