time	DecOaks
0	1.6107200371132
0.00683341670835418	1.54354298068415
0.0136668334167084	1.4762281982925
0.0205002501250625	1.40863163372439
0.0273336668334167	1.34066494401188
0.0341670835417709	1.2722663194757
0.0410005002501251	1.20337851054253
0.0478339169584792	1.13397832245384
0.0546673336668334	1.06405889415969
0.0615007503751876	0.993613468589035
0.0683341670835418	0.922635749670283
0.075167583791896	0.851135935362247
0.0820010005002501	0.779144833383052
0.0888344172086043	0.706694556816593
0.0956678339169585	0.633827838020026
0.102501250625313	0.560619643384807
0.109334667333667	0.487164331063107
0.116168084042021	0.413595484156997
0.123001500750375	0.340056555295174
0.129834917458729	0.266730993379756
0.136668334167084	0.193833018953285
0.143501750875438	0.121577721831293
0.150335167583792	0.0501866113070409
0.157168584292146	-0.0201077107728402
0.1640020010005	-0.089076190811519
0.170835417708854	-0.156522951679672
0.177668834417209	-0.222292718588883
0.184502251125563	-0.286259817801421
0.191335667833917	-0.348316398175587
0.198169084542271	-0.408363969856364
0.205002501250625	-0.466310332288099
0.211835917958979	-0.522074232719045
0.218669334667334	-0.575577495123494
0.225502751375688	-0.62675008487757
0.232336168084042	-0.675538692031508
0.239169584792396	-0.72189385840653
0.24600300150075	-0.765790529854495
0.252836418209105	-0.807221265038326
0.259669834917459	-0.846184623457467
0.266503251625813	-0.882692935045664
0.273336668334167	-0.916760964391185
0.280170085042521	-0.948406916501599
0.287003501750875	-0.977651469032003
0.29383691845923	-1.00452203080303
0.300670335167584	-1.02905138527004
0.307503751875938	-1.05128249102887
0.314337168584292	-1.0712721166963
0.321170585292646	-1.08909077159861
0.328004002001	-1.1048216984021
0.334837418709355	-1.11855122821926
0.341670835417709	-1.130359915273
0.348504252126063	-1.14032441142342
0.355337668834417	-1.14850679542024
0.362171085542771	-1.15495147576378
0.369004502251126	-1.15970157975748
0.37583791895948	-1.16279753759542
0.382671335667834	-1.16427793352081
0.389504752376188	-1.1641836263372
0.396338169084542	-1.16256728458102
0.403171585792896	-1.15948781474554
0.410005002501251	-1.15500427873193
0.416838419209605	-1.14917068090274
0.423671835917959	-1.14204019544665
0.430505252626313	-1.13366594528283
0.437338669334667	-1.12410308461704
0.444172086043022	-1.11341043172102
0.451005502751376	-1.10164464555473
0.45783891945973	-1.0888506456437
0.464672336168084	-1.07506980805452
0.471505752876438	-1.06034141020527
0.478339169584792	-1.04470333609688
0.485172586293147	-1.02820541810144
0.492006003001501	-1.01091957143899
0.498839419709855	-0.992924300915512
0.505672836418209	-0.9743181459129
0.512506253126563	-0.955205595714681
0.519339669834918	-0.935686289397158
0.526173086543272	-0.915835744788034
0.533006503251626	-0.895721998782215
0.53983991995998	-0.875408448427655
0.546673336668334	-0.854930925354595
0.553506753376688	-0.834315107765148
0.560340170085043	-0.813583680130048
0.567173586793397	-0.792751927403194
0.574007003501751	-0.771832970277361
0.580840420210105	-0.750810186109967
0.587673836918459	-0.729633473924945
0.594507253626813	-0.708251297235084
0.601340670335168	-0.686621432971517
0.608174087043522	-0.66471174849481
0.615007503751876	-0.642490331446538
0.62184092046023	-0.619916462557601
0.628674337168584	-0.596939110517863
0.635507753876939	-0.573496722318504
0.642341170585293	-0.549500523735392
0.649174587293647	-0.524859803690658
0.656008004002001	-0.499498202031889
0.662841420710355	-0.473344810295895
0.669674837418709	-0.446352558284761
0.676508254127064	-0.418504079586086
0.683341670835418	-0.389785148554594
0.690175087543772	-0.360190244767539
0.697008504252126	-0.329717599757046
0.70384192096048	-0.298372553616434
0.710675337668834	-0.266171315756573
0.717508754377189	-0.23313845236824
0.724342171085543	-0.199349971243471
0.731175587793897	-0.164903696744109
0.738009004502251	-0.12990142072419
0.744842421210605	-0.0944507371815441
0.75167583791896	-0.0586532877499171
0.758509254627314	-0.0225695557778427
0.765342671335668	0.0137559387071188
0.772176088044022	0.0502722756580094
0.779009504752376	0.0869218636858664
0.78584292146073	0.123630061698744
0.792676338169085	0.160280665837069
0.799509754877439	0.196744575101558
0.806343171585793	0.232873141704985
0.813176588294147	0.268517559296795
0.820010005002501	0.303538278123212
0.826843421710855	0.337810405844375
0.83367683841921	0.371243086026451
0.840510255127564	0.40377263250616
0.847343671835918	0.435392406431454
0.854177088544272	0.466115487949771
0.861010505252626	0.496003978723348
0.867843921960981	0.52513350120091
0.874677338669335	0.553567268380488
0.881510755377689	0.581358608276598
0.888344172086043	0.608536867984329
0.895177588794397	0.635079422927607
0.902011005502751	0.660955573140147
0.908844422211106	0.686125167247359
0.91567783891946	0.710543539699787
0.922511255627814	0.734173843183864
0.929344672336168	0.757009560431275
0.936178089044522	0.779051502161989
0.943011505752877	0.800300174405958
0.949844922461231	0.820754680560404
0.956678339169585	0.84041364376495
0.963511755877939	0.859259877309999
0.970345172586293	0.877241087236875
0.977178589294647	0.894299573290728
0.984012006003002	0.910371554953964
0.990845422711356	0.92539007264229
0.99767883941971	0.939289476717558
1.00451225612806	0.952006784459997
1.01134567283642	0.963480041797836
1.01817908954477	0.973655202223225
1.02501250625313	0.98248332415006
1.03184592296148	0.989925931869914
1.03867933966984	0.995960430009377
1.04551275637819	1.00056449321526
1.05234617308654	1.00371379841575
1.0591795897949	1.00538933434031
1.06601300650325	1.00558455185978
1.07284642321161	1.00430639125899
1.07967983991996	1.00159948324759
1.08651325662831	0.99751487114716
1.09334667333667	0.992083989578195
1.10018009004502	0.985321421008302
1.10701350675338	0.9772396937838
1.11384692346173	0.967814116254577
1.12068034017009	0.956981281433968
1.12751375687844	0.944675999224891
1.13434717358679	0.930837375914008
1.14118059029515	0.915413920821568
1.1480140070035	0.898355387342229
1.15484742371186	0.87961300800358
1.16168084042021	0.859159543238938
1.16851425712856	0.836984026972237
1.17534767383692	0.813075894377109
1.18218109054527	0.78742477711893
1.18901450725363	0.760021353186781
1.19584792396198	0.730856648364084
1.20268134067034	0.699921688243243
1.20951475737869	0.667205605860231
1.21634817408704	0.63268843039827
1.2231815907954	0.596347458364452
1.23001500750375	0.558159984779435
1.23684842421211	0.518102472463837
1.24368184092046	0.476148944439123
1.25051525762881	0.432272978757425
1.25734867433717	0.386448602475863
1.26418209104552	0.338689123709998
1.27101550775388	0.289077160440663
1.27784892446223	0.237702398783612
1.28468234117059	0.184657709477095
1.29151575787894	0.130084103196869
1.29834917458729	0.0741599028587646
1.30518259129565	0.0170642248120355
1.312016008004	-0.0410372809039102
1.31884942471236	-0.100001499576206
1.32568284142071	-0.159687463186453
1.33251625812906	-0.219954212712733
1.33934967483742	-0.280660813604559
1.34618309154577	-0.341666295541552
1.35301650825413	-0.402826296345907
1.35984992496248	-0.463990549955846
1.36668334167084	-0.525009101268399
1.37351675837919	-0.585748327016704
1.38035017508754	-0.646088801025816
1.3871835917959	-0.705912691525642
1.39401700850425	-0.765106956267626
1.40085042521261	-0.823559833542632
1.40768384192096	-0.881159636533184
1.41451725862931	-0.937794782660014
1.42135067533767	-0.993354250580774
1.42818409204602	-1.0477292159043
1.43501750875438	-1.10081175330446
1.44185092546273	-1.15250266291662
1.44868434217109	-1.20271182875362
1.45551775887944	-1.25135498318047
1.46235117558779	-1.29836038332842
1.46918459229615	-1.34365808008777
1.4760180090045	-1.38717845657594
1.48285142571286	-1.42885224328468
1.48968484242121	-1.46861854966885
1.49651825912956	-1.5064291020731
1.50335167583792	-1.54223993463761
1.51018509254627	-1.57601947991337
1.51701850925463	-1.6077383850509
1.52385192596298	-1.63736513625362
1.53068534267134	-1.6648677362587
1.53751875937969	-1.69021398446804
1.54435217608804	-1.71337396708779
1.5511855927964	-1.73432485101999
1.55801900950475	-1.75304699192496
1.56485242621311	-1.76952863110915
1.57168584292146	-1.7837650986633
1.57851925962982	-1.79575689514796
1.58535267633817	-1.80550873374183
1.59218609304652	-1.81302972414125
1.59901950975488	-1.8183343402988
1.60585292646323	-1.82144287016903
1.61268634317159	-1.82237953029178
1.61951975987994	-1.82117056908324
1.62635317658829	-1.81784413110154
1.63318659329665	-1.81243194981681
1.640020010005	-1.80497073777297
1.64685342671336	-1.79550212716372
1.65368684342171	-1.7840710223057
1.66052026013007	-1.77072467090455
1.66735367683842	-1.75551269675471
1.67418709354677	-1.7384882327761
1.68102051025513	-1.71970598891141
1.68785392696348	-1.69921908115362
1.69468734367184	-1.67707309846867
1.70152076038019	-1.65330457614049
1.70835417708854	-1.62794612096847
1.7151875937969	-1.60103532468596
1.72202101050525	-1.57262534991184
1.72885442721361	-1.54278577019522
1.73568784392196	-1.51159644697638
1.74252126063032	-1.47914000609104
1.74935467733867	-1.44549574677848
1.75618809404702	-1.41074056557697
1.76302151075538	-1.37495108453548
1.76985492746373	-1.33820665119538
1.77668834417209	-1.30059074135182
1.78352176088044	-1.26219083242954
1.79035517758879	-1.22309798543661
1.79718859429715	-1.18340594935933
1.8040220110055	-1.14320936917762
1.81085542771386	-1.10260017108895
1.81768884442221	-1.06166303764763
1.82452226113057	-1.02047480609103
1.83135567783892	-0.979105842963786
1.83818909454727	-0.937630507720797
1.84502251125563	-0.896134819260301
1.85185592796398	-0.854728173502932
1.85868934467234	-0.813541012996025
1.86552276138069	-0.772707572319632
1.87235617808904	-0.73234462446186
1.8791895947974	-0.692525766889545
1.88602301150575	-0.65328291345117
1.89285642821411	-0.614611566273768
1.89968984492246	-0.576494537256324
1.90652326163082	-0.5389256867988
1.91335667833917	-0.501917967358207
1.92019009504752	-0.465501627444404
1.92702351175588	-0.429709707577086
1.93385692846423	-0.394573182344202
1.94069034517259	-0.360122429285818
1.94752376188094	-0.326400333082987
1.95435717858929	-0.29347147047707
1.96119059529765	-0.261422541959847
1.968024012006	-0.230360176781836
1.97485742871436	-0.20039995306876
1.98169084542271	-0.171662371442668
1.98852426213107	-0.144266381028494
1.99535767883942	-0.118327061167317
2.00219109554777	-0.0939448966000931
2.00902451225613	-0.0712010322330213
2.01585792896448	-0.0501408011051215
2.02269134567284	-0.0307731238061417
2.02952476238119	-0.0130599978834232
2.03635817908954	0.0030875430802085
2.0431915957979	0.0177936529585764
2.05002501250625	0.0312119236327293
2.05685842921461	0.0434835031922826
2.06369184592296	0.0547285586432053
2.07052526263132	0.0650167535490478
2.07735867933967	0.0743499933291934
2.08419209604802	0.0827252666961472
2.09102551275638	0.0901349211611288
2.09785892946473	0.0965586846888302
2.10469234617309	0.101974161389581
2.11152576288144	0.106364652185917
2.11835917958979	0.109735341097717
2.12519259629815	0.112096359669876
2.1320260130065	0.113444367061483
2.13885942971486	0.113757544311067
2.14569284642321	0.113011624230909
2.15252626313157	0.111168994479666
2.15935967983992	0.108183219537292
2.16619309654827	0.104008293854376
2.17302651325663	0.0986368052502346
2.17985992996498	0.092123178458643
2.18669334667334	0.0845274003011001
2.19352676338169	0.075907155515728
2.20036018009005	0.0663100449328893
2.2071935967984	0.0557809093438304
2.21402701350675	0.0443645420886659
2.22086043021511	0.0320981842183669
2.22769384692346	0.0190032932273822
2.23452726363182	0.00509934742784179
2.24136068034017	-0.00959537217174211
2.24819409704852	-0.0250893050714275
2.25502751375688	-0.041417166636714
2.26186093046523	-0.058614929989445
2.26869434717359	-0.0767190434323326
2.27552776388194	-0.0957654305000412
2.2823611805903	-0.115784075512918
2.28919459729865	-0.136801046365193
2.296028014007	-0.15883773173474
2.30286143071536	-0.181912532223497
2.30969484742371	-0.206038394383262
2.31652826413207	-0.23122723674922
2.32336168084042	-0.257498727976624
2.33019509754877	-0.284877718917474
2.33702851425713	-0.313402506813261
2.34386193096548	-0.343116605866884
2.35069534767384	-0.374059706953429
2.35752876438219	-0.406268572977359
2.36436218109055	-0.439770143449093
2.3711955977989	-0.474586821831815
2.37802901450725	-0.510743921720787
2.38486243121561	-0.548265148526176
2.39169584792396	-0.587163666651615
2.39852926463232	-0.627439132479923
2.40536268134067	-0.669023037065022
2.41219609804902	-0.711812179014015
2.41902951475738	-0.75562907525019
2.42586293146573	-0.800252885960902
2.43269634817409	-0.845442344617187
2.43952976488244	-0.890966587686705
2.4463631815908	-0.936626120502909
2.45319659829915	-0.982242997397114
2.4600300150075	-1.02766344550625
2.46686343171586	-1.0727405460598
2.47369684842421	-1.11733398889463
2.48053026513257	-1.16131478578177
2.48736368184092	-1.20456325280674
2.49419709854927	-1.24697006967441
2.50103051525763	-1.28843011546895
2.50786393196598	-1.32883548066518
2.51469734867434	-1.36807641971097
2.52153076538269	-1.40605511905712
2.52836418209105	-1.44268955206378
2.5351975987994	-1.47790131486902
2.54203101550775	-1.51162190264211
2.54886443221611	-1.54378458660256
2.55569784892446	-1.57431242983862
2.56253126563282	-1.60312021656417
2.56936468234117	-1.63012796795114
2.57619809904952	-1.65528146409931
2.58303151575788	-1.67853405372121
2.58986493246623	-1.69983920939995
2.59669834917459	-1.7191506504143
2.60353176588294	-1.7364220402851
2.6103651825913	-1.75160399664769
2.61719859929965	-1.76464332753582
2.624032016008	-1.7754873431449
2.63086543271636	-1.78409723077125
2.63769884942471	-1.79044647988278
2.64453226613307	-1.79451077374612
2.65136568284142	-1.79627256495609
2.65819909954977	-1.7957158396266
2.66503251625813	-1.79282327944333
2.67186593296648	-1.78757658193492
2.67869934967484	-1.77996004167141
2.68553276638319	-1.76996313462939
2.69236618309155	-1.75757774657632
2.6991995997999	-1.74280543942119
2.70603301650825	-1.72565110958748
2.71286643321661	-1.7061232372565
2.71969984992496	-1.68423478018728
2.72653326663332	-1.66000073085185
2.73336668334167	-1.63344250216141
2.74020010005003	-1.60458330657692
2.74703351675838	-1.57344990277626
2.75386693346673	-1.54007135954602
2.76070035017509	-1.50448345600285
2.76753376688344	-1.46673136711038
2.7743671835918	-1.42686906629802
2.78120060030015	-1.38496287164977
2.7880340170085	-1.34108207088601
2.79486743371686	-1.29529901223653
2.80170085042521	-1.24769295184843
2.80853426713357	-1.19835486304901
2.81536768384192	-1.14739114753662
2.82220110055028	-1.09494043641329
2.82903451725863	-1.04114872634908
2.83586793396698	-0.986169324296768
2.84270135067534	-0.930154567748297
2.84953476738369	-0.87325193856223
2.85636818409205	-0.815617182595816
2.8632016008004	-0.757449992822179
2.87003501750875	-0.698964210765484
2.87686843421711	-0.640398112900886
2.88370185092546	-0.582020496243537
2.89053526763382	-0.524093344465399
2.89736868434217	-0.466831082139424
2.90420210105053	-0.410430731370667
2.91103551775888	-0.355045605915661
2.91786893446723	-0.300775805369925
2.92470235117559	-0.247696024919502
2.93153576788394	-0.195814627556636
2.9383691845923	-0.145123101953455
2.94520260130065	-0.0955875250980865
2.952036018009	-0.0471687589110582
2.95886943471736	0.000131806338669183
2.96570285142571	0.0462868789991526
2.97253626813407	0.0912538286431425
2.97936968484242	0.134974797947828
2.98620310155078	0.177422965527145
2.99303651825913	0.218611922929699
2.99986993496748	0.258593834678018
3.00670335167584	0.297444415223029
3.01353676838419	0.335224582850583
3.02037018509255	0.371966498892368
3.0272036018009	0.407651171598626
3.03403701850925	0.442227123852899
3.04087043521761	0.475619843898926
3.04770385192596	0.507766566809864
3.05453726863432	0.538617513285161
3.06137068534267	0.568150485947668
3.06820410205103	0.596348252506762
3.07503751875938	0.623184568074358
3.08187093546773	0.648618765619694
3.08870435217609	0.672574086559456
3.09553776888444	0.694959964408578
3.1023711855928	0.715667626249104
3.10920460230115	0.734580787894764
3.1160380190095	0.751574280193649
3.12287143571786	0.766511595889904
3.12970485242621	0.779248767646119
3.13653826913457	0.789649745837923
3.14337168584292	0.797598685390487
3.15020510255128	0.803026825218207
3.15703851925963	0.805902986824942
3.16387193596798	0.806238372705538
3.17070535267634	0.804073230088854
3.17753876938469	0.79947282570682
3.18437218609305	0.792531097442395
3.1912056028014	0.783356571212562
3.19803901950976	0.772052353014202
3.20487243621811	0.758716136400911
3.21170585292646	0.743409528030386
3.21853926963482	0.726144444126358
3.22537268634317	0.706924678987247
3.23220610305153	0.685739858091846
3.23903951975988	0.662578412850762
3.24587293646823	0.637441325000515
3.25270635317659	0.610335500823464
3.25953976988494	0.581266606813752
3.2663731865933	0.55023639413295
3.27320660330165	0.517247309776662
3.28004002001001	0.482346679969537
3.28687343671836	0.44563432451391
3.29370685342671	0.40721370211897
3.30054027013507	0.367198685120996
3.30737368684342	0.325711455017949
3.31420710355178	0.28287670920184
3.32104052026013	0.238840217089228
3.32787393696848	0.193759123025408
3.33470735367684	0.147788923797449
3.34154077038519	0.101076248788531
3.34837418709355	0.0537649363844916
3.3552076038019	0.00599625371241806
3.36204102051026	-0.0420961993210758
3.36887443721861	-0.0903802641513072
3.37570785392696	-0.138733068601628
3.38254127063532	-0.187056125797133
3.38937468734367	-0.235254873124215
3.39620810405203	-0.283227026287668
3.40304152076038	-0.330852408763585
3.40987493746873	-0.378008316555933
3.41670835417709	-0.424578019671393
3.42354177088544	-0.4704700326237
3.4303751875938	-0.515599537218673
3.43720860430215	-0.559882998552149
3.44404202101051	-0.603246629286736
3.45087543771886	-0.645621116285159
3.45770885442721	-0.686940594410939
3.46454227113557	-0.727174094117915
3.47137568784392	-0.766311026756944
3.47820910455228	-0.804341258962763
3.48504252126063	-0.841257467270897
3.49187593796898	-0.877054402175418
3.49870935467734	-0.911727188233269
3.50554277138569	-0.945274266626302
3.51237618809405	-0.977696015266005
3.5192096048024	-1.00899031996351
3.52604302151076	-1.0391359618561
3.53287643821911	-1.06810295657282
3.53970985492746	-1.09586476743391
3.54654327163582	-1.12242266832496
3.55337668834417	-1.14779122263552
3.56021010505253	-1.17198648230016
3.56704352176088	-1.19503744840648
3.57387693846923	-1.21698010404632
3.58071035517759	-1.23784645227829
3.58754377188594	-1.25760466719281
3.5943771885943	-1.27617206222238
3.60121060530265	-1.29346486250641
3.60804402201101	-1.30941331614626
3.61487743871936	-1.32396677088089
3.62171085542771	-1.33707595483145
3.62854427213607	-1.34869292187034
3.63537768884442	-1.35877229775623
3.64221110555278	-1.36726901174965
3.64904452226113	-1.37414287873128
3.65587793896948	-1.37936689079243
3.66271135567784	-1.38291635297276
3.66954477238619	-1.38476825942954
3.67637818909455	-1.38490090935773
3.6832116058029	-1.38329375228068
3.69004502251126	-1.3799283483076
3.69687843921961	-1.37478719249145
3.70371185592796	-1.36787688683102
3.71054527263632	-1.35923365097681
3.71737868934467	-1.34889549595868
3.72421210605303	-1.33689903985304
3.73104552276138	-1.32327882477207
3.73787893946974	-1.30806922369403
3.74471235617809	-1.29130242088269
3.75154577288644	-1.27299046523873
3.7583791895948	-1.25313455918536
3.76521260630315	-1.23173580018067
3.77204602301151	-1.20879890483028
3.77887943971986	-1.18435319373994
3.78571285642821	-1.15843822883916
3.79254627313657	-1.13109360571416
3.79937968984492	-1.1023589141665
3.80621310655328	-1.07227273721394
3.81304652326163	-1.04087151319647
3.81987993996999	-1.00819140539997
3.82671335667834	-0.974268576994274
3.83354677338669	-0.93913928507631
3.84038019009505	-0.902857001907795
3.8472136068034	-0.865512370662774
3.85404702351176	-0.827200877599833
3.86088044022011	-0.788018008857727
3.86771385692846	-0.748057072627839
3.87454727363682	-0.707380843322759
3.88138069034517	-0.666029599806856
3.88821410705353	-0.624043097601579
3.89504752376188	-0.581461127010781
3.90188094047024	-0.538328858518816
3.90871435717859	-0.494702612825193
3.91554777388694	-0.450640095301991
3.9223811905953	-0.406199947149982
3.92921460730365	-0.361462869410277
3.93604802401201	-0.316531924145319
3.94288144072036	-0.271511295150618
3.94971485742871	-0.22651573884179
3.95654827413707	-0.181678425349617
3.96338169084542	-0.137138461848959
3.97021510755378	-0.0930636025911163
3.97704852426213	-0.049632431930672
3.98388194097049	-0.00701656807407806
3.99071535767884	0.0346216132798276
3.99754877438719	0.0751586081319486
4.00438219109555	0.11448495521279
4.0112156078039	0.152499527629848
4.01804902451226	0.189106130254065
4.02488244122061	0.224201189636191
4.03171585792896	0.257671131282924
4.03854927463732	0.28940293332201
4.04538269134567	0.319288779436699
4.05221610805403	0.347222434436117
4.05904952476238	0.373116260159603
4.06588294147074	0.396914566767003
4.07271635817909	0.418564808684659
4.07954977488744	0.438010624313909
4.0863831915958	0.455184939109563
4.09321660830415	0.470018193028946
4.10005002501251	0.48241639524727
4.10688344172086	0.492253704092015
4.11371685842921	0.499417852534268
4.12055027513757	0.503830033604719
4.12738369184592	0.505417285907381
4.13421710855428	0.504119231969021
4.14105052526263	0.499881571820157
4.14788394197099	0.492649186058161
4.15471735867934	0.482362578947271
4.16155077538769	0.4689612125809
4.16838419209605	0.452419141765117
4.1752176088044	0.432773883122326
4.18205102551276	0.410075713016534
4.18888444222111	0.384398574697079
4.19571785892946	0.355823553890828
4.20255127563782	0.324457303037424
4.20938469234617	0.290430150794815
4.21621810905453	0.253873628520216
4.22305152576288	0.214923857900403
4.22988494247124	0.173720469603658
4.23671835917959	0.130404325356289
4.24355177588794	0.0851241514058372
4.2503851925963	0.0380331436154467
4.25721860930465	-0.0106590640335202
4.26405202601301	-0.0606621603140346
4.27088544272136	-0.11168069381596
4.27771885942972	-0.163427776700328
4.28455227613807	-0.215620653932782
4.29138569284642	-0.267984910357315
4.29821910955478	-0.32028662593104
4.30505252626313	-0.372304211092765
4.31188594297149	-0.423834765799399
4.31871935967984	-0.474729297004652
4.32555277638819	-0.524848482180751
4.33238619309655	-0.574053197314087
4.3392196098049	-0.622204529876839
4.34605302651326	-0.669163952261857
4.35288644322161	-0.714813737348034
4.35971985992996	-0.759067465757149
4.36655327663832	-0.801841305385526
4.37338669334667	-0.843051423831363
4.38022011005503	-0.882614024685965
4.38705352676338	-0.920453596366941
4.39388694347174	-0.956513469012153
4.40072036018009	-0.990739578465079
4.40755377688844	-1.02307786063147
4.4143871935968	-1.05347429773458
4.42122061030515	-1.08188433953516
4.42805402701351	-1.10828438225635
4.43488744372186	-1.13265362901785
4.44172086043022	-1.15497128304037
4.44855427713857	-1.17521776162772
4.45538769384692	-1.19337789013808
4.46222111055528	-1.20943749401142
4.46905452726363	-1.22338239877822
4.47588794397199	-1.2351986907729
4.48272136068034	-1.2448739737183
4.48955477738869	-1.25239639852308
4.49638819409705	-1.25775429524166
4.5032216108054	-1.26095086107721
4.51005502751376	-1.26201511768412
4.51688844422211	-1.26097866830378
4.52372186093047	-1.25787314986567
4.53055527763882	-1.25273059745955
4.53738869434717	-1.24558330646292
4.54422211105553	-1.23646357683189
4.55105552776388	-1.22540712562214
4.55788894447224	-1.21248735884566
4.56472236118059	-1.19780106466334
4.57155577788894	-1.18144538103676
4.5783891945973	-1.16351452307238
4.58522261130565	-1.14408133002936
4.59205602801401	-1.12320899282684
4.59888944472236	-1.10093688499058
4.60572286143072	-1.07725527829816
4.61255627813907	-1.05215019538251
4.61938969484742	-1.0256267503175
4.62622311155578	-0.997701544082695
4.63305652826413	-0.968405463325782
4.63988994497249	-0.937797803923239
4.64672336168084	-0.90593943386995
4.65355677838919	-0.87287603659648
4.66039019509755	-0.838645780857904
4.6672236118059	-0.8032854162842
4.67405702851426	-0.766822734710321
4.68089044522261	-0.729281917765098
4.68772386193097	-0.690685165695134
4.69455727863932	-0.651042874771365
4.70139069534767	-0.610361621167207
4.70822411205603	-0.568659307365097
4.71505752876438	-0.52596449248664
4.72189094547274	-0.482317260942685
4.72872436218109	-0.437782612294191
4.73555777888944	-0.392432861508898
4.7423911955978	-0.346349238838736
4.74922461230615	-0.299611331682038
4.75605802901451	-0.252292111288232
4.76289144572286	-0.204461148049689
4.76972486243122	-0.15617878184489
4.77655827913957	-0.107503937532292
4.78339169584792	-0.0584998898359162
4.79022511255628	-0.00923187460213601
4.79705852926463	0.0402290449687749
4.80389194597299	0.0898071837248793
4.81072536268134	0.139426227607792
4.8175587793897	0.189008580316738
4.82439219609805	0.238464269579499
4.8312256128064	0.287687368304784
4.83805902951476	0.336544528511141
4.84489244622311	0.384885475447894
4.85172586293147	0.43255653755518
4.85855927963982	0.479401232327341
4.86539269634817	0.525275033438002
4.87222611305653	0.57005548000092
4.87905952976488	0.613628063562124
4.88589294647324	0.655900415970935
4.89272636318159	0.696789925277771
4.89955977988994	0.73625124329359
4.9063931965983	0.7742585842918
4.91322661330665	0.810818267591597
4.92006003001501	0.845991994828318
4.92689344672336	0.879849146247295
4.93372686343172	0.912480152550575
4.94056028014007	0.943987333661362
4.94739369684843	0.974472573369309
4.95422711355678	1.00401019045963
4.96106053026513	1.03263522143999
4.96789394697349	1.06037969653058
4.97472736368184	1.08727350272516
4.9815607803902	1.11332123470236
4.98839419709855	1.13851098842422
4.9952276138069	1.16283057664859
5.00206103051526	1.1862666994513
5.00889444722361	1.20880032886557
5.01572786393197	1.23041059895342
5.02256128064032	1.25107663074771
5.02939469734867	1.27076549316579
5.03622811405703	1.28940961720907
5.04306153076538	1.30693524926248
5.04989494747374	1.32326863577849
5.05672836418209	1.33833603520018
5.06356178089045	1.35207069062791
5.0703951975988	1.3644245461124
5.07722861430715	1.37535264247119
5.08406203101551	1.38481002059958
5.09089544772386	1.39275172130974
5.09772886443222	1.39913404069179
5.10456228114057	1.40394190564225
5.11139569784893	1.4071887412518
5.11822911455728	1.40888920136979
5.12506253126563	1.40905796239656
5.13189594797399	1.40772563085156
5.13872936468234	1.40496666892036
5.1455627813907	1.40086302048062
5.15239619809905	1.39549693879885
5.1592296148074	1.38896036361437
5.16606303151576	1.38135660995019
5.17289644822411	1.37278963723802
5.17972986493247	1.36336138337833
5.18656328164082	1.35316874216947
5.19339669834917	1.34230782411377
5.20023011505753	1.33086853082275
5.20706353176588	1.31892391672109
5.21389694847424	1.30654420611836
5.22073036518259	1.29379505821872
5.22756378189095	1.28071830906071
5.2343971985993	1.26734804862636
5.24123061530765	1.25371840266753
5.24806403201601	1.23986440536032
5.25489744872436	1.22582199455007
5.26173086543272	1.21162714583244
5.26856428214107	1.19731020209185
5.27539769884943	1.1828828443893
5.28223111555778	1.16835289397874
5.28906453226613	1.1537291080156
5.29589794897449	1.13903635205881
5.30273136568284	1.12431306600472
5.3095647823912	1.10959695682688
5.31639819909955	1.09491717093067
5.3232316158079	1.08030247294501
5.33006503251626	1.06581827199328
5.33689844922461	1.05155717100389
5.34373186593297	1.03765114087944
5.35056528264132	1.02424682103234
5.35739869934967	1.01148079904101
5.36423211605803	0.999470563772853
5.37106553276638	0.988310164740494
5.37789894947474	0.978083306746929
5.38473236618309	0.968867090301761
5.39156578289145	0.960725611899398
5.3983991995998	0.953683960977239
5.40523261630815	0.947759849295212
5.41206603301651	0.942969733283814
5.41889944972486	0.939303957157498
5.42573286643322	0.936728200070701
5.43256628314157	0.935207296628743
5.43939969984993	0.9347242700703
5.44623311655828	0.935299553225466
5.45306653326663	0.936958223615366
5.45989994997499	0.939728440856468
5.46673336668334	0.943643554889463
5.4735667833917	0.948737154966871
5.48040020010005	0.955020640856442
5.4872336168084	0.962466540606798
5.49406703351676	0.971043461141915
5.50090045022511	0.980726924715837
5.50773386693347	0.991512279818373
5.51456728364182	1.00339840564809
5.52140070035018	1.01638273894072
5.52823411705853	1.03045758431832
5.53506753376688	1.04561410559695
5.54190095047524	1.06184664903976
5.54873436718359	1.07916305326025
5.55556778389195	1.09757473177229
5.5624012006003	1.11708782079232
5.56923461730865	1.13768796580652
5.57606803401701	1.15935571201714
5.58290145072536	1.18205518266106
5.58973486743372	1.20571808573685
5.59656828414207	1.23027404158834
5.60340170085043	1.25568596460094
5.61023511755878	1.28194701320585
5.61706853426713	1.30904840931783
5.62390195097549	1.33696647643433
5.63073536768384	1.3656720436917
5.6375687843922	1.39511480106105
5.64440220110055	1.42522432960935
5.6512356178089	1.45594972557223
5.65806903451726	1.48726132236114
5.66490245122561	1.51914327827859
5.67173586793397	1.55158788915376
5.67856928464232	1.58454410426109
5.68540270135068	1.61792336377863
5.69223611805903	1.65158229243139
5.69906953476738	1.68534733879351
5.70590295147574	1.71904745847853
5.71273636818409	1.75251481428122
5.71956978489245	1.78560058422666
5.7264032016008	1.81816885295762
5.73323661830915	1.85007312742028
5.74007003501751	1.88115551158379
5.74690345172586	1.91125302080798
5.75373686843422	1.94019533677595
5.76057028514257	1.96782057032043
5.76740370185093	1.99398825076819
5.77423711855928	2.01856464016277
5.78107053526763	2.04142879412257
5.78790395197599	2.06246660564779
5.79473736868434	2.08158529331855
5.8015707853927	2.09870605139055
5.80840420210105	2.11380392201961
5.8152376188094	2.12688707540583
5.82207103551776	2.13800949502639
5.82890445222611	2.14724526860021
5.83573786893447	2.15468533903238
5.84257128564282	2.16042405263227
5.84940470235118	2.16455143598396
5.85623811905953	2.16714379180174
5.86307153576788	2.16822244783572
5.86990495247624	2.16779222413434
5.87673836918459	2.16581021768459
5.88357178589295	2.16217767035642
5.8904052026013	2.15680046107734
5.89723861930966	2.14962757269429
5.90407203601801	2.14062645265305
5.91090545272636	2.12981444943039
5.91773886943472	2.11724516697464
5.92457228614307	2.10298431588928
5.93140570285143	2.08711171969279
5.93823911955978	2.06970447702118
5.94507253626813	2.05081915694754
5.95190595297649	2.03050473583497
5.95873936968484	2.00879183824625
5.9655727863932	1.9856840419927
5.97240620310155	1.96118315462273
5.97923961980991	1.93530449411816
5.98607303651826	1.9080798012682
5.99290645322661	1.87954062481822
5.99973986993497	1.84968177031581
6.00657328664332	1.81845506337276
6.01340670335168	1.78581614872829
6.02024012006003	1.75175518807727
6.02707353676838	1.71627398666283
6.03390695347674	1.67936720384363
6.04074037018509	1.64102034235267
6.04757378689345	1.60120572789977
6.0544072036018	1.55985417994773
6.06124062031016	1.51689085766761
6.06807403701851	1.4722747639773
6.07490745372686	1.42598686909543
6.08174087043522	1.37801657127078
6.08857428714357	1.32837799902049
6.09540770385193	1.27709138090036
6.10224112056028	1.2242065791996
6.10907453726863	1.16980219850618
6.11590795397699	1.11397331895804
6.12274137068534	1.05684515674013
6.1295747873937	0.998544076236858
6.13640820410205	0.939188619173559
6.14324162081041	0.87889028740778
6.15007503751876	0.817729754182225
6.15690845422711	0.755772835754756
6.16374187093547	0.693044667504574
6.17057528764382	0.629546564514511
6.17740870435218	0.565277785490171
6.18424212106053	0.500235792465703
6.19107553776889	0.434442273573252
6.19790895447724	0.367971539079175
6.20474237118559	0.300915741362597
6.21157578789395	0.233405362173451
6.2184092046023	0.165584385233038
6.22524262131066	0.0976226767772844
6.23207603801901	0.0296994177285141
6.23890945472736	-0.0379945825307745
6.24574287143572	-0.105262613566845
6.25257628814407	-0.171937797252868
6.25940970485243	-0.237893501152228
6.26624312156078	-0.303012384113067
6.27307653826913	-0.367193816951873
6.27990995497749	-0.430335114023766
6.28674337168584	-0.492309795560166
6.2935767883942	-0.552985291895649
6.30041020510255	-0.612261788471883
6.30724362181091	-0.670072731753204
6.31407703851926	-0.72636075176735
6.32091045522761	-0.781102939845366
6.32774387193597	-0.834286012528061
6.33457728864432	-0.88588850368809
6.34141070535268	-0.93586718017546
6.34824412206103	-0.984175235714233
6.35507753876939	-1.03077231344216
6.36191095547774	-1.07563672893629
6.36874437218609	-1.11875016424957
6.37557778889445	-1.16009454884561
6.3824112056028	-1.19965211947101
6.38924462231116	-1.23739976595528
6.39607803901951	-1.27329564874409
6.40291145572786	-1.30729397463531
6.40974487243622	-1.33935832178698
6.41657828914457	-1.36946777337953
6.42341170585293	-1.3976028744082
6.43024512256128	-1.42374822634401
6.43707853926963	-1.44789936803632
6.44391195597799	-1.47005366280101
6.45074537268634	-1.49020698233247
6.4575787893947	-1.50835042701544
6.46441220610305	-1.52447415064303
6.47124562281141	-1.53857275851682
6.47807903951976	-1.55065337563307
6.48491245622811	-1.56072535117154
6.49174587293647	-1.56880728507256
6.49857928964482	-1.57493888191357
6.50541270635318	-1.57916272877883
6.51224612306153	-1.58151763733177
6.51907953976989	-1.58203592462554
6.52591295647824	-1.58074894754199
6.53274637318659	-1.57768446564361
6.53957978989495	-1.57286825976233
6.5464132066033	-1.56633398807082
6.55324662331166	-1.55812397098224
6.56008004002001	-1.54828239273518
6.56691345672836	-1.5368643927527
6.57374687343672	-1.52393019800967
6.58058029014507	-1.50954009100079
6.58741370685343	-1.49375618328127
6.59424712356178	-1.47664353203849
6.60108054027013	-1.45826746124002
6.60791395697849	-1.43869201282445
6.61474737368684	-1.41797151578198
6.6215807903952	-1.39615585062761
6.62841420710355	-1.37329487375769
6.63524762381191	-1.34943733165022
6.64208104052026	-1.32462871586259
6.64891445722861	-1.29891392446386
6.65574787393697	-1.27233874226207
6.66258129064532	-1.24496644271267
6.66941470735368	-1.21687631011967
6.67624812406203	-1.1881483676402
6.68308154077039	-1.15887958790947
6.68991495747874	-1.12919934050851
6.69674837418709	-1.09924064542964
6.70358179089545	-1.06911909389215
6.7104152076038	-1.0388820267616
6.71724862431216	-1.00856008082512
6.72408204102051	-0.978185469383184
6.73091545772886	-0.947801973664645
6.73774887443722	-0.917458527147191
6.74458229114557	-0.887202763808273
6.75141570785393	-0.857065429286622
6.75824912456228	-0.827065612368827
6.76508254127064	-0.797221839878177
6.77191595797899	-0.767549394765714
6.77874937468734	-0.738061719863097
6.7855827913957	-0.70877223690672
6.79241620810405	-0.679699543246621
6.79924962481241	-0.650901408316607
6.80608304152076	-0.622453525700953
6.81291645822911	-0.594431681709695
6.81974987493747	-0.566911662698535
6.82658329164582	-0.539969254924136
6.83341670835418	-0.513680244761838
6.84025012506253	-0.488120418503924
6.84708354177089	-0.463365562431871
6.85391695847924	-0.439490193069152
6.8607503751876	-0.416564140718316
6.86758379189595	-0.39465615480165
6.8744172086043	-0.373834984800169
6.88125062531266	-0.354169380177982
6.88808404202101	-0.335728090416338
6.89491745872936	-0.318579864900443
6.90175087543772	-0.302794276803117
6.90858429214607	-0.288459404955532
6.91541770885443	-0.27568159421374
6.92225112556278	-0.264567965098866
6.92908454227114	-0.255225638168448
6.93591795897949	-0.247761733910206
6.94275137568784	-0.242283329351989
6.9495847923962	-0.238865692521763
6.95641820910455	-0.237496106374903
6.96325162581291	-0.238146768017277
6.97008504252126	-0.240789874536677
6.97691845922962	-0.245397623039153
6.98375187593797	-0.251941934891474
6.99058529264632	-0.260380860202508
6.99741870935468	-0.270652358198691
7.00425212606303	-0.282692814722516
7.01108554277139	-0.296440080237538
7.01791895947974	-0.311846360738899
7.02475237618809	-0.32887199563097
7.03158579289645	-0.347477417115781
7.0384192096048	-0.367609764031395
7.04525262631316	-0.389164966635207
7.05208604302151	-0.412026626380784
7.05891945972987	-0.436078344725835
7.06575287643822	-0.461209495606505
7.07258629314657	-0.487343565718501
7.07941970985493	-0.514416527812831
7.08625312656328	-0.542364373302239
7.09308654327164	-0.571119575213451
7.09991995997999	-0.600578343363816
7.10675337668834	-0.630615520727677
7.1135867933967	-0.661105675129124
7.12042021010505	-0.691923454161304
7.12725362681341	-0.722947642844251
7.13408704352176	-0.75406309294579
7.14092046023012	-0.785155139663573
7.14775387693847	-0.816109118209668
7.15458729364682	-0.846814500504086
7.16142071035518	-0.877182764957495
7.16825412706353	-0.907132678883368
7.17508754377189	-0.936583014301017
7.18192096048024	-0.965452543241574
7.18875437718859	-0.993662172636846
7.19558779389695	-1.0211494479678
7.2024212106053	-1.04785972276075
7.20925462731366	-1.07373839553616
7.21608804402201	-1.09873086478533
7.22292146073037	-1.12278240091021
7.22975487743872	-1.14583757260789
7.23658829414707	-1.16784090576015
7.24342171085543	-1.18875328403707
7.25025512756378	-1.20856400426782
7.25708854427214	-1.22726582737506
7.26392196098049	-1.24485903282701
7.27075537768884	-1.26134887935377
7.2775887943972	-1.27674061842664
7.28442221110555	-1.29103434669015
7.29125562781391	-1.30422250945173
7.29808904452226	-1.316296933514
7.30492246123062	-1.32726029500043
7.31175587793897	-1.33715187450209
7.31858929464732	-1.34601866450683
7.32542271135568	-1.35390893715427
7.33225612806403	-1.36088017726279
7.33908954477239	-1.36699390491613
7.34592296148074	-1.37230965567895
7.35275637818909	-1.37684685074936
7.35958979489745	-1.38058783517751
7.3664232116058	-1.38351340761539
7.37325662831416	-1.38558854481978
7.38009004502251	-1.38674887701618
7.38692346173087	-1.38692684792026
7.39375687843922	-1.38606197357239
7.40059029514757	-1.3841217695058
7.40742371185593	-1.38108199602523
7.41425712856428	-1.37693484362845
7.42109054527264	-1.37168371091119
7.42792396198099	-1.36533481309265
7.43475737868935	-1.35789820007714
7.4415907953977	-1.34938211990078
7.44842421210605	-1.33979125949196
7.45525762881441	-1.32913145723172
7.46209104552276	-1.31741143940859
7.46892446223112	-1.30464347600232
7.47575787893947	-1.29085823012564
7.48259129564782	-1.27609283279834
7.48942471235618	-1.26038284230809
7.49625812906453	-1.24376215876856
7.50309154577289	-1.22626300404516
7.50992496248124	-1.20790947514752
7.51675837918959	-1.18872329953469
7.52359179589795	-1.16873743278436
7.5304252126063	-1.14800169769051
7.53725862931466	-1.1265685076128
7.54409204602301	-1.10449393409178
7.55092546273137	-1.08183330766512
7.55775887943972	-1.05863297304156
7.56459229614807	-1.03493620866683
7.57142571285643	-1.01079642818012
7.57825912956478	-0.986277681240431
7.58509254627314	-0.961444752792525
7.59192596298149	-0.936363155785519
7.59875937968985	-0.911098006879102
7.6055927963982	-0.88570566829894
7.61242621310655	-0.860235389369127
7.61925962981491	-0.83474417266622
7.62609304652326	-0.809316619365456
7.63292646323162	-0.784043159472843
7.63975987993997	-0.759008398265099
7.64659329664832	-0.734289354213738
7.65342671335668	-0.709959586974427
7.66026013006503	-0.686067002762725
7.66709354677339	-0.66264634797565
7.67392696348174	-0.639747367132934
7.68076038019009	-0.617457543578284
7.68759379689845	-0.595871239592626
7.6944272136068	-0.575103545679974
7.70126063031516	-0.555288199171873
7.70809404702351	-0.53655189028698
7.71492746373187	-0.51897853961137
7.72176088044022	-0.502637262996124
7.72859429714857	-0.487572019406941
7.73542771385693	-0.473763093850561
7.74226113056528	-0.461180844310746
7.74909454727364	-0.449796266120674
7.75592796398199	-0.43958800964938
7.76276138069035	-0.430539783005156
7.7695947973987	-0.42263538407174
7.77642821410705	-0.415857866538675
7.78326163081541	-0.410184682672038
7.79009504752376	-0.405590734204047
7.79692846423212	-0.402050910012517
7.80376188094047	-0.399539435801433
7.81059529764883	-0.398012240703943
7.81742871435718	-0.397405087213639
7.82426213106553	-0.397652699567913
7.83109554777389	-0.39868980186768
7.83792896448224	-0.400458068433052
7.84476238119059	-0.402942619809424
7.85159579789895	-0.406145331271971
7.8584292146073	-0.410068113685435
7.86526263131566	-0.414701859167426
7.87209604802401	-0.419909842254693
7.87892946473237	-0.425473229199944
7.88576288144072	-0.431171828001404
7.89259629814908	-0.43678841857094
7.89942971485743	-0.442139594244765
7.90626313156578	-0.447063419076447
7.91309654827414	-0.451399151142736
7.91992996498249	-0.455005904266654
7.92676338169085	-0.457762801501868
7.9335967983992	-0.459557149539994
7.94043021510755	-0.460314933331163
7.94726363181591	-0.459974896586604
7.95409704852426	-0.458476999094181
7.96093046523262	-0.455777364324785
7.96776388194097	-0.451843647400732
7.97459729864932	-0.44664375187168
7.98143071535768	-0.440148529072477
7.98826413206603	-0.432354416728197
7.99509754877439	-0.423270996859511
8.00193096548274	-0.412907959261201
8.0087643821911	-0.401278873651091
8.01559779889945	-0.3884163890177
8.0224312156078	-0.374359009074333
8.02926463231616	-0.359145249852861
8.03609804902451	-0.342824220372262
8.04293146573287	-0.325475430550405
8.04976488244122	-0.307183810183889
8.05659829914958	-0.288034284308009
8.06343171585793	-0.268110634310716
8.07026513256628	-0.247494016918866
8.07709854927464	-0.22626522227882
8.08393196598299	-0.204505045932501
8.09076538269135	-0.182303226449826
8.0975987993997	-0.159776667477624
8.10443221610806	-0.137047411522783
8.11126563281641	-0.1142375650396
8.11809904952476	-0.0914727426302765
8.12493246623312	-0.0688838133201487
8.13176588294147	-0.0466020771393946
8.13859929964982	-0.024745984014152
8.14543271635818	-0.00338619127410269
8.15226613306653	0.0174177524433985
8.15909954977489	0.0376108022934779
8.16593296648324	0.0571664472569026
8.1727663831916	0.0760693168368045
8.17959979989995	0.0943011232803731
8.1864332166083	0.111824061893532
8.19326663331666	0.128592383764301
8.20010005002501	0.144564260172069
8.20693346673337	0.159716125478429
8.21376688344172	0.174029926566909
8.22060030015007	0.187513132084621
8.22743371685843	0.200221625894449
8.23426713356678	0.21221015897368
8.24110055027514	0.223468799838208
8.24793396698349	0.23395009249905
8.25476738369185	0.243586121919514
8.2616008004002	0.252284886537289
8.26843421710856	0.259980197213735
8.27526763381691	0.266705645128328
8.28210105052526	0.272517646585443
8.28893446723362	0.277471876082185
8.29576788394197	0.281622911878149
8.30260130065033	0.285025157425197
8.30943471735868	0.287701004061221
8.31626813406703	0.289593131268357
8.32310155077539	0.290632019108899
8.32993496748374	0.290748147728845
8.3367683841921	0.289880399726336
8.34360180090045	0.288024193506416
8.3504352176088	0.285198262896781
8.35726863431716	0.281421414707745
8.36410205102551	0.276712404447208
8.37093546773387	0.27105786630941
8.37776888444222	0.264357471006096
8.38460230115058	0.256496315866982
8.39143571785893	0.247359498169698
8.39826913456728	0.236832115264766
8.40510255127564	0.224799618040529
8.41193596798399	0.211180277256223
8.41876938469235	0.195951343369556
8.4256028014007	0.179096222812907
8.43243621810906	0.160598321956168
8.43926963481741	0.140441047221433
8.44610305152576	0.118609682170418
8.45293646823412	0.0951362516720169
8.45976988494247	0.0701015951678293
8.46660330165083	0.0435888438450199
8.47343671835918	0.0156811289459429
8.48027013506753	-0.0135384183186387
8.48710355177589	-0.0439888919602038
8.49393696848424	-0.0756121237885625
8.5007703851926	-0.108363253289212
8.50760380190095	-0.142197587819976
8.51443721860931	-0.177070434703086
8.52127063531766	-0.212937101377087
8.52810405202601	-0.249754482556206
8.53493746873437	-0.28748997990657
8.54177088544272	-0.326115264282987
8.54860430215108	-0.36560201881841
8.55543771885943	-0.405921926671043
8.56227113556779	-0.447046671018677
8.56910455227614	-0.488943841017859
8.57593796898449	-0.531553934051586
8.58277138569285	-0.574806441810528
8.5896048024012	-0.618630824312692
8.59643821910956	-0.662956541417202
8.60327163581791	-0.707713053089298
8.61010505252626	-0.752820683612803
8.61693846923462	-0.798149339086683
8.62377188594297	-0.843551627807235
8.63060530265133	-0.888880142666493
8.63743871935968	-0.93398747636693
8.64427213606803	-0.978726241545382
8.65110555277639	-1.02296792942114
8.65793896948474	-1.06663803840784
8.6647723861931	-1.10967166293547
8.67160580290145	-1.15200389753231
8.67843921960981	-1.19356983662954
8.68527263631816	-1.23430553112105
8.69210605302651	-1.2741634148332
8.69893946973487	-1.31310968412293
8.70577288644322	-1.35111096286976
8.71260630315158	-1.38813579205199
8.71943971985993	-1.42415982082457
8.72627313656828	-1.45916034545368
8.73310655327664	-1.49311419197381
8.73993996998499	-1.52599117620586
8.74677338669335	-1.55775573095131
8.7536068034017	-1.58837086116765
8.76044022011006	-1.61779478946109
8.76727363681841	-1.64598491020901
8.77410705352676	-1.67290828666566
8.78094047023512	-1.69854388289265
8.78777388694347	-1.72287147586621
8.79460730365183	-1.74587768016541
8.80144072036018	-1.76756105505393
8.80827413706854	-1.78792136382625
8.81510755377689	-1.80695868099905
8.82194097048524	-1.82467380306092
8.8287743871936	-1.84106771691121
8.83560780390195	-1.85614577147639
8.84244122061031	-1.8699195784387
8.84927463731866	-1.88240122821487
8.85610805402701	-1.89360269870956
8.86294147073537	-1.90353586594665
8.86977488744372	-1.91221310852966
8.87660830415208	-1.91966063620575
8.88344172086043	-1.92591982803988
8.89027513756879	-1.93103284059929
8.89710855427714	-1.93504197342326
8.90394197098549	-1.93798973144408
8.91077538769385	-1.93991863546151
8.9176088044022	-1.94087120621327
8.92444222111055	-1.94088657219003
8.93127563781891	-1.93998075925879
8.93810905452726	-1.93816016166548
8.94494247123562	-1.9354311417376
8.95177588794397	-1.93180007933056
8.95860930465233	-1.9272750341608
8.96544272136068	-1.92186711690622
8.97227613806903	-1.91558776110415
8.97910955477739	-1.90844840020831
8.98594297148574	-1.90046046767808
8.9927763881941	-1.8916346911868
8.99960980490245	-1.88197484844004
9.00644322161081	-1.87148076508602
9.01327663831916	-1.86015222113342
9.02011005502751	-1.8479889967046
9.02694347173587	-1.83499088627621
9.03377688844422	-1.82116569768968
9.04061030515258	-1.8065425583095
9.04744372186093	-1.79115410177065
9.05427713856928	-1.77503296150638
9.06111055527764	-1.75821177113988
9.06794397198599	-1.7407184832554
9.07477738869435	-1.72255676873452
9.0816108054027	-1.70372244975989
9.08844422211106	-1.68421134453195
9.09527763881941	-1.66401927120786
9.10211105552776	-1.64313825034886
9.10894447223612	-1.6215235550326
9.11577788894447	-1.59910984791491
9.12261130565283	-1.57583156402315
9.12944472236118	-1.55162313832688
9.13627813906954	-1.52641900579381
9.14311155577789	-1.5001536014036
9.14994497248624	-1.47276716336104
9.1567783891946	-1.44422302535632
9.16361180590295	-1.41449026550148
9.17044522261131	-1.38353796218774
9.17727863931966	-1.35133519362566
9.18411205602801	-1.31785103804905
9.19094547273637	-1.28305457373249
9.19777888944472	-1.24692255385415
9.20461230615308	-1.2094618239662
9.21144572286143	-1.1706866041564
9.21827913956979	-1.13061078264735
9.22511255627814	-1.0892471552273
9.23194597298649	-1.04660985422515
9.23877938969485	-1.00272314752826
9.2456128064032	-0.957617668442743
9.25244622311155	-0.911343398213738
9.25927963981991	-0.863960585071235
9.26611305652826	-0.815535995540283
9.27294647323662	-0.766139876964947
9.27977988994497	-0.715835539551289
9.28661330665333	-0.664677273139862
9.29344672336168	-0.612720571946011
9.30028014007004	-0.560028099064408
9.30711355677839	-0.506667480743925
9.31394697348674	-0.452742209350167
9.3207803901951	-0.398378710100116
9.32761380690345	-0.343720605281075
9.33444722361181	-0.288936599405949
9.34128064032016	-0.234193904000422
9.34811405702852	-0.1796470429742
9.35494747373687	-0.12544814443453
9.36178089044522	-0.0717543182307453
9.36861430715358	-0.0187258582378693
9.37544772386193	0.0334632426987458
9.38228114057029	0.0846103138337115
9.38911455727864	0.134513593846455
9.39594797398699	0.183012930368379
9.40278139069535	0.229971542708266
9.4096148074037	0.275300668417322
9.41644822411206	0.318979996779873
9.42328164082041	0.361002254985837
9.43011505752876	0.401383588076581
9.43694847423712	0.440143604210467
9.44378189094547	0.477289058079369
9.45061530765383	0.512817368230217
9.45744872436218	0.546732120687908
9.46428214107054	0.579054816198819
9.47111555777889	0.609810534636998
9.47794897448724	0.63903418888375
9.4847823911956	0.666770160706051
9.49161580790395	0.693058779317043
9.49844922461231	0.717909784688879
9.50528264132066	0.741319918252215
9.51211605802902	0.763275832932884
9.51894947473737	0.78374598910863
9.52578289144572	0.802695289925169
9.53261630815408	0.820076613348356
9.53944972486243	0.835837472165125
9.54628314157079	0.849920678814291
9.55311655827914	0.862257149245594
9.55994997498749	0.872776732011637
9.56678339169585	0.881449433267857
9.5736168084042	0.888303465892243
9.58045022511256	0.893375497490108
9.58728364182091	0.896755641327897
9.59411705852927	0.898572837481813
9.60095047523762	0.898959814350647
9.60778389194597	0.898066542975472
9.61461730865433	0.896049487215817
9.62145072536268	0.893077654011514
9.62828414207104	0.889340739605429
9.63511755877939	0.885028878403153
9.64195097548775	0.880324344698362
9.6487843921961	0.875403637354495
9.65561780890445	0.870410177721127
9.66245122561281	0.865465309325132
9.66928464232116	0.860661687798328
9.67611805902952	0.856071272610445
9.68295147573787	0.851739344005705
9.68978489244622	0.847690716255937
9.69661830915458	0.843916813071388
9.70345172586293	0.840388480155865
9.71028514257129	0.837045850325144
9.71711855927964	0.833811980284096
9.72395197598799	0.830587114880345
9.73078539269635	0.827257948462556
9.7376188094047	0.823696615490141
9.74445222611306	0.819776646646803
9.75128564282141	0.81537557473686
9.75811905952976	0.810399596698031
9.76495247623812	0.804784292289587
9.77178589294647	0.798504465122733
9.77861930965483	0.791564661547437
9.78545272636318	0.783982437781813
9.79228614307154	0.775782853000159
9.79911955977989	0.766984182454739
9.80595297648824	0.75760468915622
9.8127863931966	0.7476697800326
9.81961980990495	0.737224207128705
9.82645322661331	0.726331566640412
9.83328664332166	0.715068702694794
9.84012006003002	0.703511009244939
9.84695347673837	0.691712182966673
9.85378689344672	0.679713947639731
9.86062031015508	0.667528274814631
9.86745372686343	0.655159202143204
9.87428714357179	0.642608030665669
9.88112056028014	0.629867826638073
9.88795397698849	0.616930113461383
9.89478739369685	0.60378143135298
9.9016208104052	0.590381812537481
9.90845422711356	0.576682509591551
9.91528764382191	0.562634769342516
9.92212106053027	0.548189838844011
9.92895447723862	0.533312970678267
9.93578789394697	0.518035599640495
9.94262131065533	0.502408690462499
9.94945472736368	0.486483210733926
9.95628814407204	0.470310128040603
9.96312156078039	0.45393404397033
9.96995497748875	0.437376114957222
9.9767883941971	0.420652100759862
9.98362181090545	0.403777761066737
9.99045522761381	0.386768855688782
9.99728864432216	0.369644333692842
10.0041220610305	0.352452831370021
10.0109554777389	0.335259129126555
10.0177888944472	0.31812816881115
10.0246223111556	0.301124892016229
10.0314557278639	0.284313792125168
10.0382891445723	0.267751109266972
10.0451225612806	0.251485832532457
10.051955977989	0.235566704320936
10.0587893946973	0.220041671857891
10.0656228114057	0.204923535144985
10.0724562281141	0.190176829355052
10.0792896448224	0.175762587583048
10.0861230615308	0.161642026389717
10.0929564782391	0.147791011479323
10.0997898949475	0.134210506461417
10.1066233116558	0.12090488605771
10.1134567283642	0.107892497989177
10.1202901450725	0.095202350202625
10.1271235617809	0.082859317139122
10.1339569784892	0.0708680936117145
10.1407903951976	0.0592264778111885
10.147623811906	0.0478871201762018
10.1544572286143	0.0367430446576962
10.1612906453227	0.025686255352359
10.168124062031	0.0146291706006809
10.1749574787394	0.00349285931603324
10.1817908954477	-0.00776667130409799
10.1886243121561	-0.0191269307619664
10.1954577288644	-0.0305616575284863
10.2022911455728	-0.0420812302863246
10.2091245622811	-0.0537170222409168
10.2159579789895	-0.0655155790068758
10.2227913956979	-0.0775709274460276
10.2296248124062	-0.0899859659890235
10.2364582291146	-0.102849122997737
10.2432916458229	-0.116233256598932
10.2501250625313	-0.130192251444065
10.2569584792396	-0.144703629376205
10.263791895948	-0.159724027189784
10.2706253126563	-0.175188382550552
10.2774587293647	-0.19100887494432
10.284292146073	-0.207104274702042
10.2911255627814	-0.223424581927718
10.2979589794897	-0.239927206324455
10.3047923961981	-0.25655566506505
10.3116258129065	-0.273238547358367
10.3184592296148	-0.289885932181328
10.3252926463232	-0.306374922717873
10.3321260630315	-0.322574417718313
10.3389594797399	-0.338337724806868
10.3457928964482	-0.353515226426618
10.3526263131566	-0.367964553946783
10.3594597298649	-0.38155011542627
10.3662931465733	-0.394148670295289
10.3731265632816	-0.405701129905295
10.37995997999	-0.416169600783975
10.3867933966983	-0.425515521380341
10.3936268134067	-0.433683245578714
10.4004602301151	-0.440599218955197
10.4072936468234	-0.44618904093504
10.4141270635318	-0.450383879823986
10.4209604802401	-0.453139292570185
10.4277938969485	-0.45441751073094
10.4346273136568	-0.454180859885577
10.4414607303652	-0.452397596320892
10.4482941470735	-0.449045352299141
10.4551275637819	-0.44410258835488
10.4619609804902	-0.437549075092604
10.4687943971986	-0.429383505780174
10.475627813907	-0.419618802854131
10.4824612306153	-0.408268235514481
10.4892946473237	-0.39535069520678
10.496128064032	-0.380928060556874
10.5029614807404	-0.36508205435219
10.5097948974487	-0.347894505941531
10.5166283141571	-0.329436512236557
10.5234617308654	-0.309725544865717
10.5302951475738	-0.288762360917157
10.5371285642821	-0.266547840350203
10.5439619809905	-0.243094382255863
10.5507953976989	-0.218434873962108
10.5576288144072	-0.192604313209474
10.5644622311156	-0.165635803783268
10.5712956478239	-0.137539301292469
10.5781290645323	-0.108309273015574
10.5849624812406	-0.0779418175655806
10.591795897949	-0.0464704609422097
10.5986293146573	-0.0139628030106479
10.6054627313657	0.0195104929056441
10.612296148074	0.0538576832217982
10.6191295647824	0.088973462474283
10.6259629814907	0.124753222153859
10.6327963981991	0.161095544238692
10.6396298149075	0.197897612711446
10.6464632316158	0.235024063082494
10.6532966483242	0.272313734233294
10.6601300650325	0.309591593428836
10.6669634817409	0.346652368161854
10.6737968984492	0.383289367574042
10.6806303151576	0.419318404706663
10.6874637318659	0.454566072504469
10.6942971485743	0.488856965756769
10.7011305652826	0.522012329548621
10.707963981991	0.553853109240298
10.7147973986993	0.584200297631584
10.7216308154077	0.612874910756331
10.7284642321161	0.639727356218477
10.7352976488244	0.664714291079053
10.7421310655328	0.687816373874422
10.7489644822411	0.709021175232938
10.7557978989495	0.728341251088072
10.7626313156578	0.7457948005916
10.7694647323662	0.761396012958956
10.7762981490745	0.775138467674473
10.7831315657829	0.787009141554154
10.7899649824912	0.796997422550113
10.7967983991996	0.80512380345871
10.803631815908	0.811430391750888
10.8104652326163	0.815960118333736
10.8172986493247	0.818775147713354
10.824132066033	0.819965357434085
10.8309654827414	0.819622777310567
10.8377988994497	0.817836413753463
10.8446323161581	0.814686220253307
10.8514657328664	0.810250463281631
10.8582991495748	0.804608077482992
10.8651325662831	0.797843344796933
10.8719659829915	0.790043113185016
10.8787993996999	0.781293637256415
10.8856328164082	0.771663541575145
10.8924662331166	0.761201548705613
10.8992996498249	0.749955315203626
10.9061330665333	0.737977568486199
10.9129664832416	0.725338822742893
10.91979989995	0.712113490475856
10.9266333166583	0.698375111356874
10.9334667333667	0.684177381753073
10.940300150075	0.669554280459097
10.9471335667834	0.654538964951102
10.9539669834917	0.639176191864241
10.9608004002001	0.623540429473276
10.9676338169085	0.607710836574949
10.9744672336168	0.591766334681691
10.9813006503252	0.575784989682588
10.9881340670335	0.559844674394988
10.9949674837419	0.544003422439468
11.0018009004502	0.528230074886225
11.0086343171586	0.512468418108392
11.0154677338669	0.496662259482384
11.0223011505753	0.480755490367685
11.0291345672836	0.464691989705185
11.035967983992	0.448409622457633
11.0428014007004	0.43183320323026
11.0496348174087	0.41488535782655
11.0564682341171	0.397475237791012
11.0633016508254	0.379496988452571
11.0701350675338	0.360848965341325
11.0769684842421	0.341482397905688
11.0838019009505	0.321380308645492
11.0906353176588	0.30053235322739
11.0974687343672	0.278976935840334
11.1043021510755	0.256775514758306
11.1111355677839	0.233984884550503
11.1179689844922	0.2106368418318
11.1248024012006	0.18675508108963
11.131635817909	0.162377174886742
11.1384692346173	0.13758340423543
11.1453026513257	0.112462689176589
11.152136068034	0.0871459939060701
11.1589694847424	0.0618398357288878
11.1658029014507	0.0367585158546845
11.1726363181591	0.0121143999230629
11.1794697348674	-0.0118818811847589
11.1863031515758	-0.0350249724831564
11.1931365682841	-0.0571553935963322
11.1999699849925	-0.0781374931111457
11.2068034017009	-0.097839516238155
11.2136368184092	-0.11616558526509
11.2204702351176	-0.133040005334175
11.2273036518259	-0.148387248421967
11.2341370685343	-0.162130912021627
11.2409704852426	-0.174193921399268
11.247803901951	-0.184499206634229
11.2546373186593	-0.192988457222991
11.2614707353677	-0.199656308569684
11.268304152076	-0.204506670555993
11.2751375687844	-0.207544217650016
11.2819709854927	-0.208784205985879
11.2888044022011	-0.208249615932204
11.2956378189095	-0.205963604126078
11.3024712356178	-0.201944780201053
11.3093046523262	-0.196188453627899
11.3161380690345	-0.188682489973458
11.3229714857429	-0.179414761517649
11.3298049024512	-0.168377063067429
11.3366383191596	-0.155571079971501
11.3434717358679	-0.14100003162585
11.3503051525763	-0.124667137927557
11.3571385692846	-0.106576614327429
11.363971985993	-0.0867417222139775
11.3708054027014	-0.0651805447432241
11.3776388194097	-0.0419112100062402
11.3844722361181	-0.0169529158962656
11.3913056528264	0.00963127463976133
11.3981390695348	0.0377199576467567
11.4049724862431	0.0671876906235683
11.4118059029515	0.0979090309606345
11.4186393196598	0.12977260098825
11.4254727363682	0.162728290057397
11.4323061530765	0.196742665220124
11.4391395697849	0.231782293775688
11.4459729864932	0.267810055214292
11.4528064032016	0.304721651561223
11.45963981991	0.342354156466169
11.4664732366183	0.38054267545532
11.4733066533267	0.419122313958176
11.480140070035	0.457940040454987
11.4869734867434	0.496901789821141
11.4938069034517	0.535931782936771
11.5006403201601	0.574954246382573
11.5074737368684	0.613893711190177
11.5143071535768	0.652691263043376
11.5211405702851	0.691312703946766
11.5279739869935	0.729720953807699
11.5348074037019	0.767861286604869
11.5416408204102	0.80567373101097
11.5484742371186	0.843088302762021
11.5553076538269	0.880030293186671
11.5621410705353	0.916428959352175
11.5689744872436	0.952228142314156
11.575807903952	0.987374861308128
11.5826413206603	1.02180643823443
11.5894747373687	1.05544474723498
11.596308154077	1.08820956840717
11.6031415707854	1.11999665546401
11.6099749874937	1.15067257923519
11.6168084042021	1.18010250622755
11.6236418209105	1.20815927411976
11.6304752376188	1.23472312821032
11.6373086543272	1.25968237679792
11.6441420710355	1.28295284393039
11.6509754877439	1.30445759662016
11.6578089044522	1.32413932341044
11.6646423211606	1.34195717797424
11.6714757378689	1.35788940685581
11.6783091545773	1.37198408576766
11.6851425712856	1.38430670504384
11.691975987994	1.39496189592354
11.6988094047024	1.40410495464356
11.7056428214107	1.41189215779577
11.7124762381191	1.41846193210289
11.7193096548274	1.42394456643476
11.7261430715358	1.42845636656932
11.7329764882441	1.43208179046212
11.7398099049525	1.43490087045259
11.7466433216608	1.43699363878269
11.7534767383692	1.43843691697209
11.7603101550775	1.43928498647993
11.7671435717859	1.43958247371684
11.7739769884942	1.43937396816982
11.7808104052026	1.43870400419497
11.787643821911	1.4376011655358
11.7944772386193	1.43605607968156
11.8013106553277	1.4340538497974
11.808144072036	1.4315795791776
11.8149774887444	1.42861626349518
11.8218109054527	1.42510338636781
11.8286443221611	1.42093951039939
11.8354777388694	1.41602160899236
11.8423111555778	1.41024665576894
11.8491445722861	1.40352763421818
11.8559779889945	1.39587249487344
11.8628114057029	1.38732407043224
11.8696448224112	1.37792524688415
11.8764782391196	1.36771891061998
11.8833116558279	1.35674794762013
11.8901450725363	1.34506295136042
11.8969784892446	1.33275273895868
11.903811905953	1.31991795578127
11.9106453226613	1.30665925054565
11.9174787393697	1.29307727208281
11.924312156078	1.27927266923463
11.9311455727864	1.26534270601122
11.9379789894947	1.25132917314286
11.9448124062031	1.23722854530909
11.9516458229115	1.22303597007391
11.9584792396198	1.20874659507441
11.9653126563282	1.19435556794024
11.9721460730365	1.17987010672224
11.9789794897449	1.16538750964236
11.9858129064532	1.15104579252068
11.9926463231616	1.13698317060108
11.9994797398699	1.12333785908331
12.0063131565783	1.1102478238407
12.0131465732866	1.09782496893515
12.019979989995	1.08613266415779
12.0268134067034	1.07522898325524
12.0336468234117	1.06517199992222
12.0404802401201	1.05601978767427
12.0473136568284	1.04783040142489
12.0541470735368	1.04063961751579
12.0609804902451	1.03441786781286
12.0678139069535	1.02912366581665
12.0746473236618	1.02471552518311
12.0814807403702	1.02115195928668
12.0883141570785	1.01839148160552
12.0951475737869	1.01639815824388
12.1019809904952	1.01519755065797
12.1088144072036	1.01485349098641
12.115647823912	1.01543038952074
12.1224812406203	1.01699253494286
12.1293146573287	1.01958642937478
12.136148074037	1.0232222124833
12.1429814907454	1.02790558100658
12.1498149074537	1.03364048501273
12.1566483241621	1.04040496302913
12.1634817408704	1.04815722081369
12.1703151575788	1.05685495938714
12.1771485742871	1.066446779982
12.1839819909955	1.07684957628499
12.1908154077039	1.08797334067969
12.1976488244122	1.09972673283516
12.2044822411206	1.11198842523513
12.2113156578289	1.12460746903129
12.2181490745373	1.1374316552998
12.2249824912456	1.15032408197674
12.231815907954	1.16322589801235
12.2386493246623	1.17610306628395
12.2454827413707	1.18892146008634
12.252316158079	1.20163949268018
12.2591495747874	1.21420309527411
12.2659829914957	1.22655700935625
12.2728164082041	1.23864985660847
12.2796498249125	1.25045356556016
12.2864832416208	1.26194872808808
12.2933166583292	1.27311608160307
12.3001500750375	1.28394039525815
12.3069834917459	1.29441113563562
12.3138169084542	1.30451754742666
12.3206503251626	1.31423596306201
12.3274837418709	1.32352878013429
12.3343171585793	1.33235683601517
12.3411505752876	1.34067259996204
12.347983991996	1.34842385281907
12.3548174087044	1.35555282093409
12.3616508254127	1.3619860662464
12.3684842421211	1.36764718695948
12.3753176588294	1.37244814055575
12.3821510755378	1.37628288673544
12.3889844922461	1.37904660056247
12.3958179089545	1.38067862208732
12.4026513256628	1.38115383467208
12.4094847423712	1.380451937187
12.4163181590795	1.37857805534224
12.4231515757879	1.3755477295763
12.4299849924962	1.37138470380808
12.4368184092046	1.36614467891903
12.443651825913	1.35989117366786
12.4504852426213	1.35269956171801
12.4573186593297	1.34468092043366
12.464152076038	1.33595271482545
12.4709854927464	1.32662066793819
12.4778189094547	1.31677535919521
12.4846523261631	1.30651230668669
12.4914857428714	1.29596214083617
12.4983191595798	1.28526834614773
12.5051525762881	1.27456666710902
12.5119859929965	1.26391930708941
12.5188194097049	1.25334789913494
12.5256528264132	1.24287365093581
12.5324862431216	1.23251491619462
12.5393196598299	1.22225163164328
12.5461530765383	1.21203621088236
12.5529864932466	1.20182046896932
12.559819909955	1.19155622061477
12.5666533266633	1.18119521274013
12.5734867433717	1.17068900897684
12.58032016008	1.15998914301855
12.5871535767884	1.14904714814956
12.5939869934967	1.13781455799885
12.6008204102051	1.12625170102812
12.6076538269135	1.11437941055251
12.6144872436218	1.10224397360194
12.6213206603302	1.08989176538899
12.6281540770385	1.07736916120922
12.6349874937469	1.06472485402067
12.6418209104552	1.05202372339788
12.6486543271636	1.03933755223106
12.6554877438719	1.02673814894861
12.6623211605803	1.01429725216612
12.6691545772886	1.00207042721193
12.675987993997	0.990076473151741
12.6828214107054	0.978329107493915
12.6896548274137	0.966842047709535
12.6964882441221	0.955629010885302
12.7033216608304	0.944703714482192
12.7101550775388	0.934080451730656
12.7169884942471	0.923780978153053
12.7238219109555	0.913832254649642
12.7306553276638	0.904261348090991
12.7374887443722	0.895095325531452
12.7443221610805	0.886361253812997
12.7511555777889	0.878086200066259
12.7579889944972	0.870297231244385
12.7648224112056	0.863021414248765
12.771655827914	0.85628581608351
12.7784892446223	0.85011750367101
12.7853226613307	0.84453012609407
12.792156078039	0.839475804636358
12.7989894947474	0.834889035772664
12.8058229114557	0.830704314521519
12.8126563281641	0.826856135896334
12.8194897448724	0.823278994929484
12.8263231615808	0.819907386660048
12.8331565782891	0.816675806141938
12.8399899949975	0.813518748278926
12.8468234117059	0.810374066486196
12.8536568284142	0.807211910077587
12.8604902451226	0.804020453192154
12.8673236618309	0.800788066099719
12.8741570785393	0.797503119038702
12.8809904952476	0.794153981977874
12.887823911956	0.790724717797654
12.8946573286643	0.78718354099438
12.9014907453727	0.783495021925341
12.908324162081	0.779623730924913
12.9151575787894	0.775534238682088
12.9219909954977	0.771205204864309
12.9288244122061	0.766677981651446
12.9356578289145	0.76201135138964
12.9424912456228	0.757261190629751
12.9493246623312	0.752448407130561
12.9561580790395	0.74757077369972
12.9629914957479	0.742625537377419
12.9698249124562	0.737602458279348
12.9766583291646	0.732479292929984
12.9834917458729	0.727232717335017
12.9903251625813	0.721838648391209
12.9971585792896	0.716267544654061
13.003991995998	0.710487476373914
13.0108254127064	0.704466418768644
13.0176588294147	0.698162283914542
13.0244922461231	0.691513574092278
13.0313256628314	0.684456580207223
13.0381590795398	0.676927647692604
13.0449924962481	0.668867835102799
13.0518259129565	0.660226483758277
13.0586593296648	0.65095377489624
13.0654927463732	0.641000859505685
13.0723261630815	0.630337466515426
13.0791595797899	0.6189500436754
13.0859929964983	0.606826543466603
13.0928264132066	0.593979403244526
13.099659829915	0.580447728848341
13.1064932466233	0.566272140422291
13.1133266633317	0.551500044353051
13.12016008004	0.536187799947007
13.1269934967484	0.520392374624
13.1338269134567	0.50416887287381
13.1406603301651	0.487567545667343
13.1474937468734	0.470637863476873
13.1543271635818	0.453436585286335
13.1611605802901	0.436058558873556
13.1679939969985	0.418611033443114
13.1748274137069	0.401201912831768
13.1816608304152	0.38395124073853
13.1884942471236	0.366989842339891
13.1953276638319	0.350448931402052
13.2021610805403	0.334462909981568
13.2089944972486	0.319173408114191
13.215827913957	0.304723049790802
13.2226613306653	0.29124441248337
13.2294947473737	0.278836744260683
13.236328164082	0.267592390983161
13.2431615807904	0.257602069488338
13.2499949974987	0.248930059026001
13.2568284142071	0.241619173355578
13.2636618309155	0.235711606166
13.2704952476238	0.231249550970509
13.2773286643322	0.228275201497839
13.2841620810405	0.22683075116774
13.2909954977489	0.226958393365726
13.2978289144572	0.228700322062721
13.3046623311656	0.232098730532912
13.3114957478739	0.237195812348343
13.3183291645823	0.244033761236245
13.3251625812906	0.252655232366734
13.331995997999	0.263115614001133
13.3388294147074	0.275484324600963
13.3456628314157	0.289831504981006
13.3524962481241	0.306227295621561
13.3593296648324	0.324741837323201
13.3661630815408	0.345445270971974
13.3729964982491	0.368407737002844
13.3798299149575	0.393699376142396
13.3866633316658	0.421390329231776
13.3934967483742	0.451550736569204
13.4003301650825	0.484244772111171
13.4071635817909	0.519497584346054
13.4139969984993	0.557318636989966
13.4208304152076	0.597717247436992
13.427663831916	0.640683176241424
13.4344972486243	0.686163673977679
13.4413306653327	0.734100409532633
13.448164082041	0.784435017917191
13.4549974987494	0.83710310502385
13.4618309154577	0.89202734997851
13.4686643321661	0.949125197130692
13.4754977488744	1.00826269464359
13.4823311655828	1.06926729383426
13.4891645822911	1.13196785437786
13.4959979989995	1.19620135782815
13.5028314157079	1.26180655422154
13.5096648324162	1.32862246701967
13.5164982491246	1.39648837176047
13.5233316658329	1.46524406330337
13.5301650825413	1.53473137870082
13.5369984992496	1.60479636593052
13.543831915958	1.67532941757717
13.5506653326663	1.74625041944714
13.5574987493747	1.81749053224491
13.564332166083	1.8889958279396
13.5711655827914	1.96071236916818
13.5779989994997	2.03257941911805
13.5848324162081	2.10453376768682
13.5916658329165	2.17652080326952
13.5984992496248	2.24850059867336
13.6053326663332	2.32043825279684
13.6121660830415	2.39231933312657
13.6189994997499	2.46413711721344
13.6258329164582	2.53590071076651
13.6326663331666	2.60763848832048
13.6394997498749	2.67937298619864
13.6463331665833	2.75110748410991
13.6531665832916	2.8228419821086
13.66	2.89457647989267
13.67	0
14.0369696969697	0
14.4039393939394	0
14.7709090909091	0
15.1378787878788	0
15.5048484848485	0
15.8718181818182	0
16.2387878787879	0
16.6057575757576	0
16.9727272727273	0
17.339696969697	0
17.7066666666667	0
18.0736363636364	0
18.4406060606061	0
18.8075757575758	0
19.1745454545455	0
19.5415151515151	0
19.9084848484849	0
20.2754545454545	0
20.6424242424242	0
21.0093939393939	0
21.3763636363636	0
21.7433333333333	0
22.110303030303	0
22.4772727272727	0
22.8442424242424	0
23.2112121212121	0
23.5781818181818	0
23.9451515151515	0
24.3121212121212	0
24.6790909090909	0
25.0460606060606	0
25.4130303030303	0
25.78	0
26.1469696969697	0
26.5139393939394	0
26.8809090909091	0
27.2478787878788	0
27.6148484848485	0
27.9818181818182	0
28.3487878787879	0
28.7157575757576	0
29.0827272727273	0
29.449696969697	0
29.8166666666667	0
30.1836363636364	0
30.5506060606061	0
30.9175757575758	0
31.2845454545455	0
31.6515151515151	0
32.0184848484849	0
32.3854545454545	0
32.7524242424242	0
33.1193939393939	0
33.4863636363636	0
33.8533333333333	0
34.220303030303	0
34.5872727272727	0
34.9542424242424	0
35.3212121212121	0
35.6881818181818	0
36.0551515151515	0
36.4221212121212	0
36.7890909090909	0
37.1560606060606	0
37.5230303030303	0
37.89	0
38.2569696969697	0
38.6239393939394	0
38.9909090909091	0
39.3578787878788	0
39.7248484848485	0
40.0918181818182	0
40.4587878787879	0
40.8257575757576	0
41.1927272727273	0
41.559696969697	0
41.9266666666667	0
42.2936363636364	0
42.6606060606061	0
43.0275757575758	0
43.3945454545455	0
43.7615151515151	0
44.1284848484848	0
44.4954545454545	0
44.8624242424242	0
45.2293939393939	0
45.5963636363636	0
45.9633333333333	0
46.330303030303	0
46.6972727272727	0
47.0642424242424	0
47.4312121212121	0
47.7981818181818	0
48.1651515151515	0
48.5321212121212	0
48.8990909090909	0
49.2660606060606	0
49.6330303030303	0
50	0
