time	DecOaksabschange
0	2.50332854733617
0.00683341670835418	2.50713066611971
0.0136668334167084	2.51941233960107
0.0205002501250625	2.53884939842034
0.0273336668334167	2.56200216336935
0.0341670835417709	2.58870392182903
0.0410005002501251	2.6180079142093
0.0478339169584792	2.64777966882614
0.0546673336668334	2.67793951075739
0.0615007503751876	2.70848618525443
0.0683341670835418	2.73923925204718
0.075167583791896	2.76851694363863
0.0820010005002501	2.79594843485273
0.0888344172086043	2.82150823107241
0.0956678339169585	2.84355310217724
0.102501250625313	2.8609009014852
0.109334667333667	2.87151850266972
0.116168084042021	2.87400732409367
0.123001500750375	2.86760231582552
0.129834917458729	2.84913069185655
0.136668334167084	2.81825178500064
0.143501750875438	2.77491234409143
0.150335167583792	2.71835785306435
0.157168584292146	2.64831666752377
0.1640020010005	2.5657526435289
0.170835417708854	2.47305473161232
0.177668834417209	2.37239625086581
0.184502251125563	2.26517952394745
0.191335667833917	2.15198537066899
0.198169084542271	2.03331151664208
0.205002501250625	1.909613329381
0.211835917958979	1.78140391168037
0.218669334667334	1.64871760856598
0.225502751375688	1.51261417866746
0.232336168084042	1.37354724128328
0.239169584792396	1.23202725433175
0.24600300150075	1.08991385763461
0.252836418209105	0.947415816006516
0.259669834917459	0.805312233340081
0.266503251625813	0.664043386144372
0.273336668334167	0.523691817810113
0.280170085042521	0.384486513833881
0.287003501750875	0.246594468891006
0.29383691845923	0.110504389149572
0.300670335167584	-0.0235082414968094
0.307503751875938	-0.154673953752282
0.314337168584292	-0.282094980350242
0.321170585292646	-0.405086288567956
0.328004002001	-0.52306556606646
0.334837418709355	-0.636170525870853
0.341670835417709	-0.744794121454504
0.348504252126063	-0.849156663830419
0.355337668834417	-0.950692621852947
0.362171085542771	-1.04972897460075
0.369004502251126	-1.14632096231378
0.37583791895948	-1.24067196860262
0.382671335667834	-1.33279438924776
0.389504752376188	-1.32244717638947
0.396338169084542	-1.2362660301601
0.403171585792896	-1.1535823619674
0.410005002501251	-1.07412998020403
0.416838419209605	-0.997751995248564
0.423671835917959	-0.924440051440474
0.430505252626313	-0.85420464504452
0.437338669334667	-0.787293600632897
0.444172086043022	-0.723801196092111
0.451005502751376	-0.663257090522894
0.45783891945973	-0.605116286899367
0.464672336168084	-0.549329357361777
0.471505752876438	-0.495735819934058
0.478339169584792	-0.444395387568496
0.485172586293147	-0.396778683649623
0.492006003001501	-0.353448850317065
0.498839419709855	-0.31518095884641
0.505672836418209	-0.282942181172693
0.512506253126563	-0.256732644575302
0.519339669834918	-0.235646794838479
0.526173086543272	-0.218494583256863
0.533006503251626	-0.205267127683444
0.53983991995998	-0.195041554851583
0.546673336668334	-0.186321553648577
0.553506753376688	-0.179070374019617
0.560340170085043	-0.172873329741123
0.567173586793397	-0.167492052072069
0.574007003501751	-0.162534311632045
0.580840420210105	-0.155147198231929
0.587673836918459	-0.144767255038449
0.594507253626813	-0.131518831958555
0.601340670335168	-0.11628430693436
0.608174087043522	-0.0992210768271096
0.615007503751876	-0.0802227998732563
0.62184092046023	-0.0584284371637554
0.628674337168584	-0.0336319107384998
0.635507753876939	-0.00436719184203328
0.642341170585293	0.0302877163411989
0.649174587293647	0.0698199954757217
0.656008004002001	0.113490657796827
0.662841420710355	0.161008966062197
0.669674837418709	0.209977067756793
0.676508254127064	0.25983793413768
0.683341670835418	0.310325515469036
0.690175087543772	0.360935197982865
0.697008504252126	0.411590432736155
0.70384192096048	0.461495364820483
0.710675337668834	0.510416208762085
0.717508754377189	0.556776407475508
0.724342171085543	0.597567316244243
0.731175587793897	0.632673050716405
0.738009004502251	0.661669904715632
0.744842421210605	0.684430635416245
0.75167583791896	0.702270551728393
0.758509254627314	0.717514676516001
0.765342671335668	0.730111727707624
0.772176088044022	0.739475588188265
0.779009504752376	0.745447536076663
0.78584292146073	0.745660365811546
0.792676338169085	0.738789811425748
0.799509754877439	0.723836161046974
0.806343171585793	0.70009433682971
0.813176588294147	0.668084873779226
0.820010005002501	0.628133034671704
0.826843421710855	0.582151548859904
0.83367683841921	0.531287892294672
0.840510255127564	0.47870956987285
0.847343671835918	0.426280476042136
0.854177088544272	0.37591341612351
0.861010505252626	0.32995296517752
0.867843921960981	0.288167624725422
0.874677338669335	0.249566167211303
0.881510755377689	0.213929247869775
0.888344172086043	0.178094807320073
0.895177588794397	0.140554846308008
0.902011005502751	0.101048034643154
0.908844422211106	0.0589817277440747
0.91567783891946	0.0143393408291475
0.922511255627814	-0.0315438719380964
0.929344672336168	-0.0773754298422257
0.936178089044522	-0.123160992388132
0.943011505752877	-0.168957102812313
0.949844922461231	-0.214827577226001
0.956678339169585	-0.26083967977296
0.963511755877939	-0.309113945494007
0.970345172586293	-0.36068451506074
0.977178589294647	-0.415699024317549
0.984012006003002	-0.474565552091042
0.990845422711356	-0.537286604759526
0.99767883941971	-0.603703755729598
1.00451225612806	-0.673731381205934
1.01134567283642	-0.747197088990458
1.01817908954477	-0.823528329877475
1.02501250625313	-0.902604489403534
1.03184592296148	-0.983253487319884
1.03867933966984	-1.06514043986707
1.04551275637819	-1.14838910422809
1.05234617308654	-1.23303397311642
1.0591795897949	-1.31832437492238
1.06601300650325	-1.34082079282869
1.07284642321161	-1.25685899440276
1.07967983991996	-1.17591144766176
1.08651325662831	-1.0976222829524
1.09334667333667	-1.02036635748825
1.10018009004502	-0.94391501259201
1.10701350675338	-0.867740949652378
1.11384692346173	-0.788406359347089
1.12068034017009	-0.705310628451985
1.12751375687844	-0.618465223752059
1.13434717358679	-0.528453095311931
1.14118059029515	-0.435537893750064
1.1480140070035	-0.339729032489732
1.15484742371186	-0.241435045872456
1.16168084042021	-0.142356654932412
1.16851425712856	-0.042668258493188
1.17534767383692	0.0576300463367
1.18218109054527	0.158496775937776
1.18901450725363	0.259886610757058
1.19584792396198	0.361789985363231
1.20268134067034	0.464215370125011
1.20951475737869	0.56750516132497
1.21634817408704	0.672105518648881
1.2231815907954	0.778015216397138
1.23001500750375	0.885236421939481
1.23684842421211	0.993894752311721
1.24368184092046	1.10408120797011
1.25051525762881	1.21578908584928
1.25734867433717	1.32875464346555
1.26418209104552	1.43825318331665
1.27101550775388	1.54257468368013
1.27784892446223	1.64172114900937
1.28468234117059	1.73476782387503
1.29151575787894	1.81788828275111
1.29834917458729	1.89065992769973
1.30518259129565	1.95318663289384
1.312016008004	2.00704143335951
1.31884942471236	2.05276433363111
1.32568284142071	2.09034713695438
1.33251625812906	2.11979868959273
1.33934967483742	2.14111653119593
1.34618309154577	2.15427870329714
1.35301650825413	2.1588760137312
1.35984992496248	2.15476979633761
1.36668334167084	2.14223646037734
1.37351675837919	2.12265754375382
1.38035017508754	2.09621241448566
1.3871835917959	2.06310052673774
1.39401700850425	2.02353912947402
1.40085042521261	1.97752684815749
1.40768384192096	1.92507619497951
1.41451725862931	1.8661818329381
1.42135067533767	1.80094698767569
1.42818409204602	1.72946177004145
1.43501750875438	1.65185764711723
1.44185092546273	1.56892979617622
1.44868434217109	1.48084560043125
1.45551775887944	1.38834546718175
1.46235117558779	1.29180885398177
1.46918459229615	1.19124042133187
1.4760180090045	1.08666722778555
1.48285142571286	0.978160371228054
1.48968484242121	0.866653188127751
1.49651825912956	0.752419046248072
1.50335167583792	0.636016208079511
1.51018509254627	0.51795944694965
1.51701850925463	0.398138590977607
1.52385192596298	0.276477249084363
1.53068534267134	0.152959106470652
1.53751875937969	0.0275843764211442
1.54435217608804	-0.0992878122366944
1.5511855927964	-0.22739987373877
1.55801900950475	-0.356435600031386
1.56485242621311	-0.485932850203811
1.57168584292146	-0.615538006402399
1.57851925962982	-0.744983145436953
1.58535267633817	-0.874040301879941
1.59218609304652	-1.00242984348217
1.59901950975488	-1.12980943431872
1.60585292646323	-1.25587068493184
1.61268634317159	-1.36423740739104
1.61951975987994	-1.24120314442948
1.62635317658829	-1.11986411829378
1.63318659329665	-1.00049319319537
1.640020010005	-0.883416599741395
1.64685342671336	-0.768829672595225
1.65368684342171	-0.656909458504068
1.66052026013007	-0.547786902053455
1.66735367683842	-0.441620723696466
1.67418709354677	-0.338587073106094
1.68102051025513	-0.238734457870842
1.68785392696348	-0.141730766359087
1.69468734367184	-0.047143364020464
1.70152076038019	0.0455742924956936
1.70835417708854	0.136355334159123
1.7151875937969	0.224546417802584
1.72202101050525	0.309232005026883
1.72885442721361	0.38949017575248
1.73568784392196	0.464981772689432
1.74252126063032	0.535795564083131
1.74935467733867	0.602104105887403
1.75618809404702	0.6640295323955
1.76302151075538	0.721458448726382
1.76985492746373	0.774202290891999
1.77668834417209	0.822012176318715
1.78352176088044	0.864664140354305
1.79035517758879	0.901969060034062
1.79718859429715	0.933807141960744
1.8040220110055	0.960239137296399
1.81085542771386	0.981513630335177
1.81768884442221	0.998138934424859
1.82452226113057	1.01059007650946
1.83135567783892	1.01893493405994
1.83818909454727	1.02282472720781
1.84502251125563	1.02099511502542
1.85185592796398	1.01229904529477
1.85868934467234	0.995674059288179
1.86552276138069	0.971529654416193
1.87235617808904	0.941962936995673
1.8791895947974	0.909059608292609
1.88602301150575	0.87581676313734
1.89285642821411	0.843266134833257
1.89968984492246	0.81168943299192
1.90652326163082	0.779857226659449
1.91335667833917	0.746684130153961
1.92019009504752	0.711598350602271
1.92702351175588	0.674624741872359
1.93385692846423	0.635988714331889
1.94069034517259	0.595297922666965
1.94752376188094	0.551706882389445
1.95435717858929	0.503548416801224
1.96119059529765	0.449869371607144
1.968024012006	0.38965622026416
1.97485742871436	0.322589849507125
1.98169084542271	0.248552499377558
1.98852426213107	0.167772675176205
1.99535767883942	0.0805806782784256
2.00219109554777	-0.0118583704495454
2.00902451225613	-0.108015133945746
2.01585792896448	-0.206012441075282
2.02269134567284	-0.302863833723873
2.02952476238119	-0.396350945755308
2.03635817908954	-0.483436525589665
2.0431915957979	-0.562311187025473
2.05002501250625	-0.632237614521755
2.05685842921461	-0.694883738523276
2.06369184592296	-0.751104891666154
2.07052526263132	-0.806130937565618
2.07735867933967	-0.861330815327714
2.08419209604802	-0.916712578450737
2.09102551275638	-0.972963256902275
2.09785892946473	-1.03050720918443
2.10469234617309	-1.08934297419798
2.11152576288144	-1.14849857061024
2.11835917958979	-1.2070519271094
2.12519259629815	-1.26514239470767
2.1320260130065	-1.32419632000142
2.13885942971486	-1.36012199545223
2.14569284642321	-1.29810284836741
2.15252626313157	-1.23347502954888
2.15935967983992	-1.16615679596945
2.16619309654827	-1.09646641870366
2.17302651325663	-1.02882275235046
2.17985992996498	-0.96463719629799
2.18669334667334	-0.90391576338928
2.19352676338169	-0.84624378431617
2.20036018009005	-0.791159751044129
2.2071935967984	-0.738666935362286
2.21402701350675	-0.688722884316442
2.22086043021511	-0.640344492537043
2.22769384692346	-0.593090412210396
2.23452726363182	-0.546960085318596
2.24136068034017	-0.501545072281481
2.24819409704852	-0.454451857400128
2.25502751375688	-0.405290951353473
2.26186093046523	-0.354037601161364
2.26869434717359	-0.300675314949687
2.27552776388194	-0.245352831955837
2.2823611805903	-0.188472310402555
2.28919459729865	-0.130186240549469
2.296028014007	-0.0707807753054701
2.30286143071536	-0.0104397367436435
2.30969484742371	0.0505311830631661
2.31652826413207	0.112361655370303
2.32336168084042	0.175503115596858
2.33019509754877	0.240378590000466
2.33702851425713	0.307774643924386
2.34386193096548	0.377600706895024
2.35069534767384	0.449622308626671
2.35752876438219	0.523570072336804
2.36436218109055	0.598808256876357
2.3711955977989	0.675406558024478
2.37802901450725	0.753524729582614
2.38486243121561	0.832707277321995
2.39169584792396	0.912496680314209
2.39852926463232	0.990685735223777
2.40536268134067	1.06346353873787
2.41219609804902	1.12881575745017
2.41902951475738	1.18190244422859
2.42586293146573	1.22166293267981
2.43269634817409	1.24726536475664
2.43952976488244	1.26071474291078
2.4463631815908	1.26302420869634
2.45319659829915	1.25607201777649
2.4600300150075	1.24040050085817
2.46686343171586	1.21650469200417
2.47369684842421	1.18470532575025
2.48053026513257	1.14584985746171
2.48736368184092	1.10031884962123
2.49419709854927	1.04871636246704
2.50103051525763	0.991005201862869
2.50786393196598	0.926964560456216
2.51469734867434	0.856700485450791
2.52153076538269	0.781456318863658
2.52836418209105	0.701540069281124
2.5351975987994	0.617388578904605
2.54203101550775	0.529422453288516
2.54886443221611	0.437454331011026
2.55569784892446	0.340651902627496
2.56253126563282	0.238918773890501
2.56936468234117	0.133255378032251
2.57619809904952	0.0248974797493394
2.58303151575788	-0.0861535338500348
2.58986493246623	-0.199879656718994
2.59669834917459	-0.316276740211546
2.60353176588294	-0.435375396611212
2.6103651825913	-0.557488821964746
2.61719859929965	-0.68268614891739
2.624032016008	-0.810730947676038
2.63086543271636	-0.940444005401413
2.63769884942471	-1.07166245343205
2.64453226613307	-1.20408378610352
2.65136568284142	-1.33742581230359
2.65819909954977	-1.2729981987312
2.66503251625813	-1.13766409289143
2.67186593296648	-1.00128564405056
2.67869934967484	-0.864196674875536
2.68553276638319	-0.726535742360307
2.69236618309155	-0.5886475669033
2.6991995997999	-0.451032294807452
2.70603301650825	-0.313736039823012
2.71286643321661	-0.177120329270226
2.71969984992496	-0.0412690510372314
2.72653326663332	0.0935235758896306
2.73336668334167	0.226997213521504
2.74020010005003	0.359065263007655
2.74703351675838	0.489480504195828
2.75386693346673	0.618156727560471
2.76070035017509	0.744383087129672
2.76753376688344	0.867899559325766
2.7743671835918	0.987799160424858
2.78120060030015	1.10379892695789
2.7880340170085	1.21567898026554
2.79486743371686	1.32332684545159
2.80170085042521	1.42594606971991
2.80853426713357	1.52319600599036
2.81536768384192	1.61314272773669
2.82220110055028	1.69482332751184
2.82903451725863	1.76782240895888
2.83586793396698	1.83191755820201
2.84270135067534	1.88739346095622
2.84953476738369	1.93439903419416
2.85636818409205	1.97126853902842
2.8632016008004	1.99584560516059
2.87003501750875	2.00783430165401
2.87686843421711	2.00476998696156
2.88370185092546	1.98607936126173
2.89053526763382	1.95345082188572
2.89736868434217	1.90935680368703
2.90420210105053	1.85434447250139
2.91103551775888	1.79277233399227
2.91786893446723	1.72563600789271
2.92470235117559	1.65635995176068
2.93153576788394	1.58731439001093
2.9383691845923	1.51938085796532
2.94520260130065	1.45390284820958
2.952036018009	1.3899653391997
2.95886943471736	1.32467165919446
2.96570285142571	1.2576079361303
2.97253626813407	1.18736305300953
2.97936968484242	1.11407235641704
2.98620310155078	1.04087086835222
2.99303651825913	0.969160712848283
2.99986993496748	0.901754502527468
3.00670335167584	0.838360506712638
3.01353676838419	0.778100838203347
3.02037018509255	0.717849790392004
3.0272036018009	0.655794139242043
3.03403701850925	0.589643557285727
3.04087043521761	0.519387718486617
3.04770385192596	0.445859214568408
3.05453726863432	0.370220346741628
3.06137068534267	0.293734192823084
3.06820410205103	0.215976753154675
3.07503751875938	0.136572613779283
3.08187093546773	0.0536274691565441
3.08870435217609	-0.0341439573695997
3.09553776888444	-0.127776603508468
3.1023711855928	-0.22787672498617
3.10920460230115	-0.335010915690525
3.1160380190095	-0.449567590455387
3.12287143571786	-0.57242152838019
3.12970485242621	-0.703400481851529
3.13653826913457	-0.842034603286161
3.14337168584292	-0.985772149653177
3.15020510255128	-1.13276277780111
3.15703851925963	-1.2798479496527
3.16387193596798	-1.31897069150292
3.17070535267634	-1.17643535608394
3.17753876938469	-1.03825123018107
3.18437218609305	-0.906266467504821
3.1912056028014	-0.780471254629192
3.19803901950976	-0.660409129884325
3.20487243621811	-0.545654429846094
3.21170585292646	-0.432387969329295
3.21853926963482	-0.319595997100638
3.22537268634317	-0.206569630387403
3.23220610305153	-0.0927822654312864
3.23903951975988	0.0214104213448451
3.24587293646823	0.135230575267255
3.25270635317659	0.248651178909363
3.25953976988494	0.361871314766245
3.2663731865933	0.475033201252495
3.27320660330165	0.587569913149704
3.28004002001001	0.695094298188506
3.28687343671836	0.79668527259616
3.29370685342671	0.892149829664128
3.30054027013507	0.98064609990297
3.30737368684342	1.06207809914883
3.31420710355178	1.13590591828115
3.32104052026013	1.20072929076444
3.32787393696848	1.25647745009573
3.33470735367684	1.30347975995054
3.34154077038519	1.3421786253006
3.34837418709355	1.37257917667395
3.3552076038019	1.3950790102539
3.36204102051026	1.40995125293816
3.36887443721861	1.41721601663598
3.37570785392696	1.41822699755153
3.38254127063532	1.41378174551673
3.38937468734367	1.40385330751248
3.39620810405203	1.38738216239338
3.40304152076038	1.36382821785745
3.40987493746873	1.33319374341143
3.41670835417709	1.29653092155793
3.42354177088544	1.25497202049753
3.4303751875938	1.20851830179753
3.43720860430215	1.15745141059039
3.44404202101051	1.10236507242131
3.45087543771886	1.04328077810066
3.45770885442721	0.981040259312117
3.46454227113557	0.918053040870893
3.47137568784392	0.854470234533326
3.47820910455228	0.790346765487672
3.48504252126063	0.725900836246995
3.49187593796898	0.661155676544347
3.49870935467734	0.596190544085378
3.50554277138569	0.531232822474004
3.51237618809405	0.466299751296032
3.5192096048024	0.400840546856674
3.52604302151076	0.333685006057327
3.53287643821911	0.264796340552748
3.53970985492746	0.194953523996372
3.54654327163582	0.125890366585653
3.55337668834417	0.0576738770383319
3.56021010505253	-0.00936582930802687
3.56704352176088	-0.074368370643998
3.57387693846923	-0.137291014167024
3.58071035517759	-0.199326718699072
3.58754377188594	-0.265624032495496
3.5943771885943	-0.336775235513363
3.60121060530265	-0.412633191673015
3.60804402201101	-0.491719589507657
3.61487743871936	-0.573650028126673
3.62171085542771	-0.658415894287309
3.62854427213607	-0.745852814261497
3.63537768884442	-0.835890850891184
3.64221110555278	-0.928519697490025
3.64904452226113	-1.02301999509069
3.65587793896948	-1.11895243240138
3.66271135567784	-1.21628382185339
3.66954477238619	-1.31488060104877
3.67637818909455	-1.32998838268978
3.6832116058029	-1.22904182959965
3.69004502251126	-1.12704526118171
3.69687843921961	-1.02428552571103
3.70371185592796	-0.923176776383186
3.71054527263632	-0.824263519517746
3.71737868934467	-0.727532836181489
3.72421210605303	-0.632830730180931
3.73104552276138	-0.540112621316526
3.73787893946974	-0.449378321656844
3.74471235617809	-0.36010994223455
3.75154577288644	-0.270975045979842
3.7583791895948	-0.181902336394486
3.76521260630315	-0.0928924299285814
3.77204602301151	-0.00470549716289813
3.77887943971986	0.0812306602259985
3.78571285642821	0.16488191202859
3.79254627313657	0.24624740454925
3.79937968984492	0.325332290371308
3.80621310655328	0.402269462404895
3.81304652326163	0.477120508990087
3.81987993996999	0.549883639702082
3.82671335667834	0.620559049139818
3.83354677338669	0.689071739331641
3.84038019009505	0.753137126131967
3.8472136068034	0.811692427812928
3.85404702351176	0.864735956253796
3.86088044022011	0.912269266758222
3.86771385692846	0.954903836323707
3.87454727363682	0.995007507875157
3.88138069034517	1.03281654341999
3.88821410705353	1.06833117185741
3.89504752376188	1.10152481324644
3.90188094047024	1.13169878350775
3.90871435717859	1.15854203454661
3.91554777388694	1.18205475902058
3.9223811905953	1.20190945045748
3.92921460730365	1.21610056177047
3.93604802401201	1.22428642318074
3.94288144072036	1.22639228126221
3.94971485742871	1.22115537021039
3.95654827413707	1.20812689057127
3.96338169084542	1.18643942630654
3.97021510755378	1.15440467553858
3.97704852426213	1.11224298785329
3.98388194097049	1.0603009632538
3.99071535767884	0.999947568932435
3.99754877438719	0.933214539846877
4.00438219109555	0.860314855162159
4.0112156078039	0.78183773280618
4.01804902451226	0.697743041931588
4.02488244122061	0.607252234356296
4.03171585792896	0.510165653304333
4.03854927463732	0.40670444105509
4.04538269134567	0.297098843256197
4.05221610805403	0.181483704050468
4.05904952476238	0.0620638093004839
4.06588294147074	-0.0603888710721089
4.07271635817909	-0.18588008972636
4.07954977488744	-0.314983794628388
4.0863831915958	-0.448065147932582
4.09321660830415	-0.585395594518534
4.10005002501251	-0.729498748609289
4.10688344172086	-0.880920868424068
4.11371685842921	-1.03759233027847
4.12055027513757	-1.19856385037366
4.12738369184592	-1.3634860742619
4.13421710855428	-1.21313805066153
4.14105052526263	-1.04192228119329
4.14788394197099	-0.867413429495098
4.15471735867934	-0.689391600676465
4.16155077538769	-0.508078509666604
4.16838419209605	-0.327709317098231
4.1752176088044	-0.149896984045668
4.18205102551276	0.0243279398294861
4.18888444222111	0.193946390388075
4.19571785892946	0.358543566069771
4.20255127563782	0.515895456653076
4.20938469234617	0.665674278144715
4.21621810905453	0.807791398119934
4.22305152576288	0.941882886019683
4.22988494247124	1.06791197140472
4.23671835917959	1.18563695364184
4.24355177588794	1.29459802304923
4.2503851925963	1.39423222768629
4.25721860930465	1.47844263579542
4.26405202601301	1.54554004097755
4.27088544272136	1.59576396715527
4.27771885942972	1.62964932956522
4.28455227613807	1.64721839378538
4.29138569284642	1.65001076297024
4.29821910955478	1.64000723852256
4.30505252626313	1.61724284734415
4.31188594297149	1.58455702219563
4.31871935967984	1.54383121741742
4.32555277638819	1.49506603535283
4.33238619309655	1.4382810581227
4.3392196098049	1.37348057528182
4.34605302651326	1.30085164326525
4.35288644322161	1.22270191317451
4.35971985992996	1.1397136192249
4.36655327663832	1.05188748183747
4.37338669334667	0.959223146595966
4.38022011005503	0.861752403529986
4.38705352676338	0.760603203485471
4.39388694347174	0.656333204437496
4.40072036018009	0.548943258697267
4.40755377688844	0.438433583185551
4.4143871935968	0.324842308568914
4.42122061030515	0.209441892889137
4.42805402701351	0.0928408741133664
4.43488744372186	-0.0249605729829635
4.44172086043022	-0.143961426675863
4.44855427713857	-0.263959711420246
4.45538769384692	-0.384775939572208
4.46222111055528	-0.506410212397511
4.46905452726363	-0.62886221658693
4.47588794397199	-0.752081046779244
4.48272136068034	-0.87598455460573
4.48955477738869	-1.00057216010856
4.49638819409705	-1.12573691050437
4.5032216108054	-1.24970869905078
4.51005502751376	-1.37185645841839
4.51688844422211	-1.25252922741329
4.52372186093047	-1.1340383010069
4.53055527763882	-1.01740914456773
4.53738869434717	-0.902643655403603
4.54422211105553	-0.789743124425214
4.55105552776388	-0.679574327343447
4.55788894447224	-0.574821250789089
4.56472236118059	-0.475675145831491
4.57155577788894	-0.382134197516104
4.5783891945973	-0.293569741863712
4.58522261130565	-0.208696536248007
4.59205602801401	-0.127357937180449
4.59888944472236	-0.0464692712103584
4.60572286143072	0.0353318616695349
4.61255627813907	0.117590568249019
4.61938969484742	0.198975029734398
4.62622311155578	0.279324360506788
4.63305652826413	0.356826441068358
4.63988994497249	0.430711068653616
4.64672336168084	0.501392015759071
4.65355677838919	0.569833320300602
4.66039019509755	0.636074886215462
4.6672236118059	0.70039959570947
4.67405702851426	0.763318145943528
4.68089044522261	0.824841480235623
4.68772386193097	0.885364300549442
4.69455727863932	0.945530182578705
4.70139069534767	1.00516663794773
4.70822411205603	1.06328289008033
4.71505752876438	1.11968574329425
4.72189094547274	1.17287392212722
4.72872436218109	1.22210157348527
4.73555777888944	1.26683382280513
4.7423911955978	1.30681713140458
4.74922461230615	1.34244461433664
4.75605802901451	1.37391487541228
4.76289144572286	1.4016449889607
4.76972486243122	1.42601698193735
4.77655827913957	1.44688511309648
4.78339169584792	1.46401226346494
4.79022511255628	1.47728629411969
4.79705852926463	1.48623925470177
4.80389194597299	1.49081315741691
4.81072536268134	1.49095007362706
4.8175587793897	1.4864628563607
4.82439219609805	1.47618556585748
4.8312256128064	1.4592818477471
4.83805902951476	1.43383837529036
4.84489244622311	1.39966515707566
4.85172586293147	1.35648967291669
4.85855927963982	1.30434758567458
4.86539269634817	1.24471359691751
4.87222611305653	1.17814850743956
4.87905952976488	1.10561699680877
4.88589294647324	1.02807085784381
4.89272636318159	0.946498576147602
4.89955977988994	0.863314810802957
4.9063931965983	0.778859519861159
4.91322661330665	0.696933803019325
4.92006003001501	0.618887345148101
4.92689344672336	0.545241564275874
4.93372686343172	0.477426973586823
4.94056028014007	0.415525643993596
4.94739369684843	0.359266340690841
4.95422711355678	0.305674999745526
4.96106053026513	0.253932417797933
4.96789394697349	0.204037835356842
4.97472736368184	0.155432077792002
4.9815607803902	0.106268044803452
4.98839419709855	0.0564011950024966
4.9952276138069	0.00583056142543759
5.00206103051526	-0.0456539569650775
5.00889444722361	-0.098340499358801
5.01572786393197	-0.152231400147345
5.02256128064032	-0.207345114785923
5.02939469734867	-0.265511253420081
5.03622811405703	-0.327933107754755
5.04306153076538	-0.394611666649803
5.04989494747374	-0.46554659976919
5.05672836418209	-0.540722924951971
5.06356178089045	-0.619113657131121
5.0703951975988	-0.700099495203349
5.07722861430715	-0.78368022098679
5.08406203101551	-0.869855331092546
5.09089544772386	-0.958625399435518
5.09772886443222	-1.04955640377234
5.10456228114057	-1.14006973465901
5.11139569784893	-1.22973640997898
5.11822911455728	-1.31855775589801
5.12506253126563	-1.33820633001423
5.13189594797399	-1.25350851678423
5.13872936468234	-1.17353911484255
5.1455627813907	-1.09829977150921
5.15239619809905	-1.0279109166818
5.1592296148074	-0.963321903117749
5.16606303151576	-0.904733332230901
5.17289644822411	-0.852138414699981
5.17972986493247	-0.805250848448508
5.18656328164082	-0.763910151492462
5.19339669834917	-0.728103651954455
5.20023011505753	-0.69691457970867
5.20706353176588	-0.669777958438142
5.21389694847424	-0.646693661539782
5.22073036518259	-0.626796404827428
5.22756378189095	-0.608873685044007
5.2343971985993	-0.592917769964856
5.24123061530765	-0.578943214441632
5.24806403201601	-0.567031774359166
5.25489744872436	-0.557196332202169
5.26173086543272	-0.549433327807813
5.26856428214107	-0.542835789852333
5.27539769884943	-0.536689159007437
5.28223111555778	-0.530994027662909
5.28906453226613	-0.526036836687602
5.29589794897449	-0.523153315595402
5.30273136568284	-0.522512811005185
5.3095647823912	-0.523864490057449
5.31639819909955	-0.526691907165078
5.3232316158079	-0.531843085521592
5.33006503251626	-0.541889731719081
5.33689844922461	-0.558125098272828
5.34373186593297	-0.582937101925474
5.35056528264132	-0.615896627544485
5.35739869934967	-0.656472195434113
5.36423211605803	-0.702866176079217
5.37106553276638	-0.754460601862191
5.37789894947474	-0.810566819460254
5.38473236618309	-0.871098460887127
5.39156578289145	-0.934060726545741
5.3983991995998	-0.998044816286036
5.40523261630815	-1.06305127253127
5.41206603301651	-1.12866330471118
5.41889944972486	-1.19258892584873
5.42573286643322	-1.25447751462986
5.43256628314157	-1.31442121822671
5.43939969984993	-1.36993317799284
5.44623311655828	-1.30813369114678
5.45306653326663	-1.24486610526017
5.45989994997499	-1.17976860847408
5.46673336668334	-1.11271759264579
5.4735667833917	-1.04386954717917
5.48040020010005	-0.975878429458447
5.4872336168084	-0.909699230709063
5.49406703351676	-0.845321496819546
5.50090045022511	-0.781696805968639
5.50773386693347	-0.718137225974677
5.51456728364182	-0.654641814204795
5.52140070035018	-0.591451781445185
5.52823411705853	-0.528771195959251
5.53506753376688	-0.466600669773304
5.54190095047524	-0.404378238772258
5.54873436718359	-0.341497269417812
5.55556778389195	-0.277957651592651
5.5624012006003	-0.214664158594582
5.56923461730865	-0.152485859924317
5.57606803401701	-0.0915132791680711
5.58290145072536	-0.0338315580622046
5.58973486743372	0.0196893446156832
5.59656828414207	0.0696022117744546
5.60340170085043	0.11877259431519
5.61023511755878	0.167611451332466
5.61706853426713	0.215555268205289
5.62390195097549	0.261871850158156
5.63073536768384	0.306237971060096
5.6375687843922	0.346751467712598
5.64440220110055	0.38340333734086
5.6512356178089	0.418043803654074
5.65806903451726	0.451205075954767
5.66490245122561	0.483979787036561
5.67173586793397	0.515631729000232
5.67856928464232	0.542783470221566
5.68540270135068	0.563760045334715
5.69223611805903	0.574894406967085
5.69906953476738	0.576044457140917
5.70590295147574	0.567412088554727
5.71273636818409	0.549406455699887
5.71956978489245	0.523467103703733
5.7264032016008	0.489568775441357
5.73323661830915	0.446709264183099
5.74007003501751	0.394674035683057
5.74690345172586	0.332938794668328
5.75373686843422	0.26136527812397
5.76057028514257	0.181211726565883
5.76740370185093	0.0931298262815958
5.77423711855928	-0.00227721048148044
5.78107053526763	-0.104502339982862
5.78790395197599	-0.212775982841205
5.79473736868434	-0.326007539980124
5.8015707853927	-0.442654415958259
5.80840420210105	-0.559399382229172
5.8152376188094	-0.674554435695983
5.82207103551776	-0.785689374137243
5.82890445222611	-0.892075218425841
5.83573786893447	-0.992955930268533
5.84257128564282	-1.08851424155311
5.84940470235118	-1.17894165623684
5.85623811905953	-1.26648495611781
5.86307153576788	-1.3536603588374
5.86990495247624	-1.30363623862711
5.87673836918459	-1.21132181333305
5.88357178589295	-1.11312472499656
5.8904052026013	-1.01055853290516
5.89723861930966	-0.905880535203784
5.90407203601801	-0.800131229356583
5.91090545272636	-0.697136484669817
5.91773886943472	-0.597395090906917
5.92457228614307	-0.502049629025576
5.93140570285143	-0.411361632137608
5.93823911955978	-0.324624240804357
5.94507253626813	-0.240745075963501
5.95190595297649	-0.159541131516037
5.95873936968484	-0.0789980318386939
5.9655727863932	0.00146361188028618
5.97240620310155	0.0816804383755134
5.97923961980991	0.160307064456761
5.98607303651826	0.237044504696956
5.99290645322661	0.312358615093738
5.99973986993497	0.389839438633384
6.00657328664332	0.470241305024414
6.01340670335168	0.55235144951296
6.02024012006003	0.634363331451512
6.02707353676838	0.716340307474074
6.03390695347674	0.799014245966518
6.04074037018509	0.882566609221273
6.04757378689345	0.969023065360492
6.0544072036018	1.05996565486638
6.06124062031016	1.15464110623872
6.06807403701851	1.25058550843623
6.07490745372686	1.34759864127057
6.08174087043522	1.44442180631601
6.08857428714357	1.54015703924052
6.09540770385193	1.63434144435634
6.10224112056028	1.72434471406531
6.10907453726863	1.80966559893004
6.11590795397699	1.88836446965621
6.12274137068534	1.95963526049248
6.1295747873937	2.02385928987209
6.13640820410205	2.08133544486446
6.14324162081041	2.13312589889873
6.15007503751876	2.18087069185984
6.15690845422711	2.2255691222346
6.16374187093547	2.27003075656479
6.17057528764382	2.31445455421141
6.17740870435218	2.35900577784126
6.18424212106053	2.40360893575692
6.19107553776889	2.4450349146354
6.19790895447724	2.48177245766747
6.20474237118559	2.51201363225593
6.21157578789395	2.53424202272261
6.2184092046023	2.54749365780685
6.22524262131066	2.55047928373975
6.23207603801901	2.54290556217912
6.23890945472736	2.52398001845212
6.24574287143572	2.49397441084305
6.25257628814407	2.45602416027992
6.25940970485243	2.41094418630427
6.26624312156078	2.35966921168907
6.27307653826913	2.30274036890732
6.27990995497749	2.23927222461148
6.28674337168584	2.16807965379622
6.2935767883942	2.08964100123473
6.30041020510255	2.00693876012569
6.30724362181091	1.92048119201641
6.31407703851926	1.83165335236233
6.32091045522761	1.74205749372269
6.32774387193597	1.65167774964039
6.33457728864432	1.55931524576581
6.34141070535268	1.46425100553867
6.34824412206103	1.36649487514966
6.35507753876939	1.26702847662683
6.36191095547774	1.16650416704243
6.36874437218609	1.06492574024827
6.37557778889445	0.962317531184494
6.3824112056028	0.858683606489922
6.38924462231116	0.753140136770404
6.39607803901951	0.644946183692912
6.40291145572786	0.534174679829264
6.40974487243622	0.421915789467492
6.41657828914457	0.30853349462103
6.42341170585293	0.194036741693203
6.43024512256128	0.079022812704225
6.43707853926963	-0.0361426065773147
6.44391195597799	-0.15146157217457
6.45074537268634	-0.267170679275421
6.4575787893947	-0.383448819374565
6.46441220610305	-0.500287634360885
6.47124562281141	-0.617018321841227
6.47807903951976	-0.733211600381245
6.48491245622811	-0.84883252931116
6.49174587293647	-0.962619997418718
6.49857928964482	-1.07394723683905
6.50541270635318	-1.18284181852524
6.51224612306153	-1.2897508491998
6.51907953976989	-1.34987770484088
6.52591295647824	-1.24654326256927
6.53274637318659	-1.14469675293072
6.53957978989495	-1.04442732224539
6.5464132066033	-0.946483209727748
6.55324662331166	-0.851006368317371
6.56008004002001	-0.758310730963855
6.56691345672836	-0.669069528849095
6.57374687343672	-0.583306129615352
6.58058029014507	-0.501034347535554
6.58741370685343	-0.422465408602048
6.59424712356178	-0.347666176418796
6.60108054027013	-0.276636819742175
6.60791395697849	-0.20909735309624
6.61474737368684	-0.144454453997785
6.6215807903952	-0.0826886477142159
6.62841420710355	-0.0237992902740615
6.63524762381191	0.0323845539328266
6.64208104052026	0.0859775112793949
6.64891445722861	0.136978940968797
6.65574787393697	0.185101490068008
6.66258129064532	0.228833949641788
6.66941470735368	0.267956676470223
6.67624812406203	0.302369145939848
6.68308154077039	0.329954238751108
6.68991495747874	0.349862265171636
6.69674837418709	0.362093675087157
6.70358179089545	0.369644573803784
6.7104152076038	0.375427167711848
6.71724862431216	0.379441508938055
6.72408204102051	0.38134755689087
6.73091545772886	0.380449097870312
6.73774887443722	0.376725040456099
6.74458229114557	0.370532633867008
6.75141570785393	0.363140500060143
6.75824912456228	0.354659938190689
6.76508254127064	0.345171136308415
6.77191595797899	0.334894805214243
6.77874937468734	0.323844298979833
6.7855827913957	0.312019034297692
6.79241620810405	0.298288486317694
6.79924962481241	0.280261590254787
6.80608304152076	0.257861218755666
6.81291645822911	0.231086841506796
6.81974987493747	0.199938475893028
6.82658329164582	0.164416792205782
6.83341670835418	0.12452085362836
6.84025012506253	0.0802513415514363
6.84708354177089	0.0316085545966193
6.85391695847924	-0.0211945017829333
6.8607503751876	-0.0779654771269606
6.86758379189595	-0.138703431117927
6.8744172086043	-0.203409527617883
6.88125062531266	-0.272083755925401
6.88808404202101	-0.344724383156747
6.89491745872936	-0.42133370287897
6.90175087543772	-0.502192491077471
6.90858429214607	-0.588962509232451
6.91541770885443	-0.681914442326504
6.92225112556278	-0.781048563568328
6.92908454227114	-0.886364518760486
6.93591795897949	-0.997863069765221
6.94275137568784	-1.11548286397228
6.9495847923962	-1.23448209160877
6.95641820910455	-1.35187665668822
6.96325162581291	-1.27704221944224
6.97008504252126	-1.16285694155642
6.97691845922962	-1.05027627186119
6.98375187593797	-0.939432715174757
6.99058529264632	-0.831835993331436
6.99741870935468	-0.727910478271783
7.00425212606303	-0.62765619493928
7.01108554277139	-0.530718467761295
7.01791895947974	-0.436120616570418
7.02475237618809	-0.343806635087326
7.03158579289645	-0.25377620121887
7.0384192096048	-0.168301964561767
7.04525262631316	-0.0895446548149444
7.05208604302151	-0.0175057177614675
7.05891945972987	0.04781596786982
7.06575287643822	0.107567478854494
7.07258629314657	0.163599895843605
7.07941970985493	0.215937842238503
7.08625312656328	0.264581975266112
7.09308654327164	0.308662543255316
7.09991995997999	0.345663088749283
7.10675337668834	0.375424573788682
7.1135867933967	0.397947423112868
7.12042021010505	0.413270199185135
7.12725362681341	0.42184592748201
7.13408704352176	0.423803853094549
7.14092046023012	0.419144172702304
7.14775387693847	0.407867396122983
7.15458729364682	0.39076407683235
7.16142071035518	0.368963975029553
7.16825412706353	0.342476378382142
7.17508754377189	0.311300981473695
7.18192096048024	0.275437414559865
7.18875437718859	0.23535814716969
7.19558779389695	0.192091640777652
7.2024212106053	0.145673603429593
7.20925462731366	0.0961048234151159
7.21608804402201	0.0433850914317559
7.22292146073037	-0.0125108093101564
7.22975487743872	-0.0716196377687014
7.23658829414707	-0.133824125642504
7.24342171085543	-0.197175805561002
7.25025512756378	-0.260981651728452
7.25708854427214	-0.325076613366361
7.26392196098049	-0.388907966793703
7.27075537768884	-0.452430137835078
7.2775887943972	-0.515691738543243
7.28442221110555	-0.579260289386735
7.29125562781391	-0.643300344776724
7.29808904452226	-0.707807227165952
7.30492246123062	-0.771017938012065
7.31175587793897	-0.831516105469742
7.31858929464732	-0.889302652714342
7.32542271135568	-0.94410314705092
7.33225612806403	-0.995367649863481
7.33908954477239	-1.04308035944057
7.34592296148074	-1.08789591920896
7.35275637818909	-1.13329671988393
7.35958979489745	-1.17979712857635
7.3664232116058	-1.22749619912935
7.37325662831416	-1.27834235177948
7.38009004502251	-1.33308676695165
7.38692346173087	-1.35297916111727
7.39375687843922	-1.29165725584545
7.40059029514757	-1.22886050252715
7.40742371185593	-1.16494089995333
7.41425712856428	-1.1011225669756
7.42109054527264	-1.0375341180048
7.42792396198099	-0.974461594949338
7.43475737868935	-0.911973368604155
7.4415907953977	-0.849819869865073
7.44842421210605	-0.787925048857623
7.45525762881441	-0.726476901260276
7.46209104552276	-0.665551118123387
7.46892446223112	-0.605779179748124
7.47575787893947	-0.548142970538521
7.48259129564782	-0.49263130525267
7.48942471235618	-0.439097114971332
7.49625812906453	-0.38751559630227
7.50309154577289	-0.337584977957738
7.50992496248124	-0.288898207660708
7.51675837918959	-0.241556044378003
7.52359179589795	-0.196802216273263
7.5304252126063	-0.155004914232289
7.53725862931466	-0.116351428916191
7.54409204602301	-0.0809737705978746
7.55092546273137	-0.0485809721492122
7.55775887943972	-0.0186709958074397
7.56459229614807	0.00861968648177667
7.57142571285643	0.032353510250398
7.57825912956478	0.0523618964067852
7.58509254627314	0.0686073233827084
7.59192596298149	0.0810637213930389
7.59875937968985	0.089892303245915
7.6055927963982	0.0958054944005356
7.61242621310655	0.0988858571959175
7.61925962981491	0.0978252111909969
7.62609304652326	0.0915373786946471
7.63292646323162	0.0800868254863947
7.63975987993997	0.0640739153158001
7.64659329664832	0.0436453467172573
7.65342671335668	0.0194820919807039
7.66026013006503	-0.00675276863945782
7.66709354677339	-0.035028510462865
7.67392696348174	-0.0674922529905902
7.68076038019009	-0.105339471467932
7.68759379689845	-0.148917130287678
7.6944272136068	-0.199999970460333
7.70126063031516	-0.258840416883991
7.70809404702351	-0.323939831135581
7.71492746373187	-0.3930531601793
7.72176088044022	-0.466088805671202
7.72859429714857	-0.539448632108269
7.73542771385693	-0.611097765003818
7.74226113056528	-0.681036039643351
7.74909454727364	-0.749431736425287
7.75592796398199	-0.816846672580628
7.76276138069035	-0.883326680646731
7.7695947973987	-0.948871346935757
7.77642821410705	-1.01331897546802
7.78326163081541	-1.07632818806077
7.79009504752376	-1.13788837305682
7.79692846423212	-1.19799947947119
7.80376188094047	-1.25641303885571
7.81059529764883	-1.31139357252076
7.81742871435718	-1.3626076098128
7.82426213106553	-1.33465520947302
7.83109554777389	-1.29097565113681
7.83792896448224	-1.24965303451307
7.84476238119059	-1.20826173956553
7.85159579789895	-1.16676030889123
7.8584292146073	-1.12514848396113
7.86526263131566	-1.08628352200452
7.87209604802401	-1.05941888506908
7.87892946473237	-1.04526125153643
7.88576288144072	-1.04381159017637
7.89259629814908	-1.05430521414218
7.89942971485743	-1.07430526832042
7.90626313156578	-1.10363197456117
7.91309654827414	-1.14198680298409
7.91992996498249	-1.18757112488671
7.92676338169085	-1.24008041487482
7.9335967983992	-1.29812122208597
7.94043021510755	-1.35971074732357
7.94726363181591	-1.31987349322339
7.95409704852426	-1.25154675482445
7.96093046523262	-1.18125157525382
7.96776388194097	-1.10910457219377
7.97459729864932	-1.0351045265406
7.98143071535768	-0.959932269866415
7.98826413206603	-0.885244680624766
7.99509754877439	-0.811115746878651
8.00193096548274	-0.73754613624612
8.0087643821911	-0.665257443079986
8.01559779889945	-0.595186329427338
8.0224312156078	-0.527337827188021
8.02926463231616	-0.461728507697252
8.03609804902451	-0.399963561597799
8.04293146573287	-0.343100189431987
8.04976488244122	-0.291138523817982
8.05659829914958	-0.244073731202367
8.06343171585793	-0.201750183578754
8.07026513256628	-0.164089170124344
8.07709854927464	-0.131090555746514
8.08393196598299	-0.102764486029339
8.09076538269135	-0.0805012630608584
8.0975987993997	-0.0652821038975755
8.10443221610806	-0.0571055589055006
8.11126563281641	-0.0560043880576109
8.11809904952476	-0.0623667881491113
8.12493246623312	-0.0763061234207403
8.13176588294147	-0.0978228593011547
8.13859929964982	-0.124747101522148
8.14543271635818	-0.155107954282485
8.15226613306653	-0.188905351448126
8.15909954977489	-0.225220779085309
8.16593296648324	-0.262450678499432
8.1727663831916	-0.300566295847515
8.17959979989995	-0.34017839651778
8.1864332166083	-0.382407810147348
8.19326663331666	-0.427279174904746
8.20010005002501	-0.474074007625281
8.20693346673337	-0.521926100394457
8.21376688344172	-0.570679387592991
8.22060030015007	-0.617157716995841
8.22743371685843	-0.660099540549632
8.23426713356678	-0.701093373746113
8.24110055027514	-0.744556134830111
8.24793396698349	-0.790993124307034
8.25476738369185	-0.842388307813434
8.2616008004002	-0.899171607473094
8.26843421710856	-0.956772706862696
8.27526763381691	-1.01111697020292
8.28210105052526	-1.06221177963447
8.28893446723362	-1.11013805069749
8.29576788394197	-1.15491931645685
8.30260130065033	-1.1966489198601
8.30943471735868	-1.23987265322573
8.31626813406703	-1.2871092501689
8.32310155077539	-1.33835700108647
8.32993496748374	-1.35109220560537
8.3367683841921	-1.29357388790227
8.34360180090045	-1.23706625575526
8.3504352176088	-1.18164470755644
8.35726863431716	-1.12730796925483
8.36410205102551	-1.07398921529822
8.37093546773387	-1.01694672508963
8.37776888444222	-0.953272693478267
8.38460230115058	-0.882967565890252
8.39143571785893	-0.806030780194195
8.39826913456728	-0.722463247348322
8.40510255127564	-0.632484005333086
8.41193596798399	-0.54007031514298
8.41876938469235	-0.446698772952784
8.4256028014007	-0.352369973411915
8.43243621810906	-0.257083067932787
8.43926963481741	-0.160838769397716
8.44610305152576	-0.0643087967094702
8.45293646823412	0.0281908258192647
8.45976988494247	0.115893670827781
8.46660330165083	0.19879835728263
8.47343671835918	0.276905589298116
8.48027013506753	0.350215031676811
8.48710355177589	0.419274562046731
8.49393696848424	0.485657894397914
8.5007703851926	0.549461172126718
8.50760380190095	0.61068497736706
8.51443721860931	0.669329909303533
8.52127063531766	0.725395804120719
8.52810405202601	0.779211166093711
8.53493746873437	0.831379465871657
8.54177088544272	0.881913610015495
8.54860430215108	0.930813673355669
8.55543771885943	0.978079177200116
8.56227113556779	1.02371064956296
8.56910455227614	1.06685865529844
8.57593796898449	1.10596924237709
8.58277138569285	1.14100886272331
8.5896048024012	1.17197730834745
8.59643821910956	1.19887460009542
8.60327163581791	1.22170127295915
8.61010505252626	1.23868599919095
8.61693846923462	1.24718887836329
8.62377188594297	1.24718537522039
8.63060530265133	1.23867380782368
8.63743871935968	1.22165607220397
8.64427213606803	1.1961608699025
8.65110555277639	1.16504682283944
8.65793896948474	1.13018682641128
8.6647723861931	1.09158116167178
8.67160580290145	1.04923013991718
8.67843921960981	1.00313266629573
8.68527263631816	0.953582023824433
8.69210605302651	0.901934004270207
8.69893946973487	0.848359660401975
8.70577288644322	0.792859639592591
8.71260630315158	0.735756788669001
8.71943971985993	0.67734347474505
8.72627313656828	0.617619801179047
8.73310655327664	0.556451454300842
8.73993996998499	0.49328113739017
8.74677338669335	0.428050125200919
8.7536068034017	0.360541322642975
8.76044022011006	0.29055684010448
8.76727363681841	0.21821299172703
8.77410705352676	0.144479443519318
8.78094047023512	0.0695725466868213
8.78777388694347	-0.00645645856985157
8.79460730365183	-0.0827926168175999
8.80144072036018	-0.15914262695241
8.80827413706854	-0.235505207969365
8.81510755377689	-0.31183697436223
8.82194097048524	-0.388117840659055
8.8287743871936	-0.464304237002578
8.83560780390195	-0.539923541376341
8.84244122061031	-0.614844912940998
8.84927463731866	-0.689070583010318
8.85610805402701	-0.762608908088214
8.86294147073537	-0.835462543302869
8.86977488744372	-0.907442298958802
8.87660830415208	-0.977239418088344
8.88344172086043	-1.04460453581158
8.89027513756879	-1.10953501660303
8.89710855427714	-1.17201636571806
8.90394197098549	-1.23204283309144
8.91077538769385	-1.28961596312847
8.9176088044022	-1.34473482984315
8.92444222111055	-1.34659814806659
8.93127563781891	-1.2936202074263
8.93810905452726	-1.24100987915012
8.94494247123562	-1.18876668785588
8.95177588794397	-1.13690190654716
8.95860930465233	-1.0856198189322
8.96544272136068	-1.03499755197644
8.97227613806903	-0.985035427305586
8.97910955477739	-0.93573241920349
8.98594297148574	-0.887090423569684
8.9927763881941	-0.838935509973013
8.99960980490245	-0.79079582409731
9.00644322161081	-0.742644457117605
9.01327663831916	-0.694479791013506
9.02011005502751	-0.646302074927429
9.02694347173587	-0.598130174969029
9.03377688844422	-0.551137755606447
9.04061030515258	-0.506027827781594
9.04744372186093	-0.462801882702918
9.05427713856928	-0.421459172207201
9.06111055527764	-0.381998772327419
9.06794397198599	-0.343536106791169
9.07477738869435	-0.30483975645416
9.0816108054027	-0.265902026049456
9.08844422211106	-0.226722290561835
9.09527763881941	-0.187301968137624
9.10211105552776	-0.146724815734219
9.10894447223612	-0.102504862466349
9.11577788894447	-0.0544999581559543
9.12261130565283	-0.00271194311678968
9.12944472236118	0.0528595931842507
9.13627813906954	0.112216172757035
9.14311155577789	0.175355898273853
9.14994497248624	0.241276699378656
9.1567783891946	0.308982643916335
9.16361180590295	0.378472352842552
9.17044522261131	0.449746566433694
9.17727863931966	0.522805459242412
9.18411205602801	0.5976493988489
9.19094547273637	0.674276831703907
9.19777888944472	0.751369973246798
9.20461230615308	0.827641805989284
9.21144572286143	0.903093483461961
9.21827913956979	0.977777809161345
9.22511255627814	1.05173681416263
9.23194597298649	1.12464809502018
9.23877938969485	1.19593746800625
9.2456128064032	1.26506510011568
9.25244622311155	1.33080114147936
9.25927963981991	1.39293409313892
9.26611305652826	1.45102602988438
9.27294647323662	1.5051288857867
9.27977988994497	1.55595969420156
9.28661330665333	1.60369275974814
9.29344672336168	1.64801451577603
9.30028014007004	1.68861815067575
9.30711355677839	1.72468640022645
9.31394697348674	1.75364448155288
9.3207803901951	1.77514906949633
9.32761380690345	1.78734170532281
9.33444722361181	1.78968233154778
9.34128064032016	1.78275617301772
9.34811405702852	1.76707759331481
9.35494747373687	1.74253060414405
9.36178089044522	1.70876054701531
9.36861430715358	1.66567622756561
9.37544772386193	1.61149054803036
9.38228114057029	1.54540092338382
9.38911455727864	1.46847423735514
9.39594797398699	1.38346879356586
9.40278139069535	1.29099087663196
9.4096148074037	1.19621221091535
9.41644822411206	1.10057341065203
9.42328164082041	1.00528051584118
9.43011505752876	0.911172299774112
9.43694847423712	0.817989471141355
9.44378189094547	0.724740841843054
9.45061530765383	0.631342775645738
9.45744872436218	0.538752602279935
9.46428214107054	0.447581414048627
9.47111555777889	0.357986334349753
9.47794897448724	0.270838346616856
9.4847823911956	0.186273318495007
9.49161580790395	0.103356997620647
9.49844922461231	0.0202998748747918
9.50528264132066	-0.0630086856199362
9.51211605802902	-0.147788240779141
9.51894947473737	-0.234499760749276
9.52578289144572	-0.323495924598072
9.53261630815408	-0.415500436522923
9.53944972486243	-0.510547367433898
9.54628314157079	-0.609307359972266
9.55311655827914	-0.712162287159956
9.55994997498749	-0.818726847451734
9.56678339169585	-0.924631463023317
9.5736168084042	-1.02864348902285
9.58045022511256	-1.12968263736473
9.58728364182091	-1.22362861160759
9.59411705852927	-1.31008361084062
9.60095047523762	-1.35624161563215
9.60778389194597	-1.28686587548198
9.61461730865433	-1.22660876532256
9.62145072536268	-1.17692368055708
9.62828414207104	-1.13829987860061
9.63511755877939	-1.11044930139535
9.64195097548775	-1.09297316299769
9.6487843921961	-1.08507564011021
9.65561780890445	-1.08446045845272
9.66245122561281	-1.09032618451315
9.66928464232116	-1.10064921219564
9.67611805902952	-1.11458490944258
9.68295147573787	-1.13041942888573
9.68978489244622	-1.14680799210487
9.69661830915458	-1.162109016228
9.70345172586293	-1.17471827402748
9.71028514257129	-1.18349016827799
9.71711855927964	-1.18697120226679
9.72395197598799	-1.18444348804352
9.73078539269635	-1.17476041287681
9.7376188094047	-1.15766896447547
9.74445222611306	-1.13339266895188
9.75128564282141	-1.10243603562968
9.75811905952976	-1.06729258010508
9.76495247623812	-1.0290881902191
9.77178589294647	-0.990821398298485
9.77861930965483	-0.953058578497678
9.78545272636318	-0.916736300179046
9.79228614307154	-0.881702159482086
9.79911955977989	-0.847589233656351
9.80595297648824	-0.814747821524916
9.8127863931966	-0.783677987729658
9.81961980990495	-0.755959699714753
9.82645322661331	-0.732255404592523
9.83328664332166	-0.713233363152381
9.84012006003002	-0.697911988617343
9.84695347673837	-0.685400813933916
9.85378689344672	-0.674467034333487
9.86062031015508	-0.663765628294378
9.86745372686343	-0.653295110489948
9.87428714357179	-0.642629711547939
9.88112056028014	-0.631475998348874
9.88795397698849	-0.619832332452122
9.89478739369685	-0.606747425247422
9.9016208104052	-0.590858361626707
9.90845422711356	-0.572156825226373
9.91528764382191	-0.550640757648265
9.92212106053027	-0.526311455563555
9.92895447723862	-0.501736027856107
9.93578789394697	-0.480092254068472
9.94262131065533	-0.46139085453505
9.94945472736368	-0.445630192318981
9.95628814407204	-0.432810421162816
9.96312156078039	-0.42186128697577
9.96995497748875	-0.411821103964534
9.9767883941971	-0.402691437967102
9.98362181090545	-0.39447051944436
9.99045522761381	-0.387159337033385
9.99728864432216	-0.381514249258761
10.0041220610305	-0.379511703059719
10.0109554777389	-0.381259128531245
10.0177888944472	-0.386754876841582
10.0246223111556	-0.395997568866831
10.0314557278639	-0.408846961119398
10.0382891445723	-0.424604643086704
10.0451225612806	-0.443175471236021
10.051955977989	-0.464557958927896
10.0587893946973	-0.488391009262344
10.0656228114057	-0.510950693671957
10.0724562281141	-0.531263138906752
10.0792896448224	-0.549325634266696
10.0861230615308	-0.565247255909687
10.0929564782391	-0.580759225241927
10.0997898949475	-0.596470557048882
10.1066233116558	-0.61264918929986
10.1134567283642	-0.630402810116975
10.1202901450725	-0.649845216914159
10.1271235617809	-0.670177194868181
10.1339569784892	-0.690449276545275
10.1407903951976	-0.710168186577105
10.147623811906	-0.724642421944249
10.1544572286143	-0.732707643525891
10.1612906453227	-0.735000614883321
10.168124062031	-0.732696258803758
10.1749574787394	-0.726029106161303
10.1817908954477	-0.719351708288149
10.1886243121561	-0.714402167092736
10.1954577288644	-0.710283902968259
10.2022911455728	-0.704489196338486
10.2091245622811	-0.696857472120932
10.2159579789895	-0.685023060485099
10.2227913956979	-0.667217861226605
10.2296248124062	-0.643644302330282
10.2364582291146	-0.615658246001526
10.2432916458229	-0.583511110026469
10.2501250625313	-0.550406484260907
10.2569584792396	-0.519753289067641
10.263791895948	-0.491865122163039
10.2706253126563	-0.468745899011995
10.2774587293647	-0.450757706782647
10.284292146073	-0.43656507301025
10.2911255627814	-0.424799169788151
10.2979589794897	-0.415654653611423
10.3047923961981	-0.410427303694441
10.3116258129065	-0.409465221765229
10.3184592296148	-0.414956626106598
10.3252926463232	-0.427750345264286
10.3321260630315	-0.448594706510822
10.3389594797399	-0.478096005458017
10.3457928964482	-0.516136114750198
10.3526263131566	-0.562079612379599
10.3594597298649	-0.615834710010126
10.3662931465733	-0.675089406922192
10.3731265632816	-0.736556305755909
10.37995997999	-0.800207575091773
10.3867933966983	-0.866290633372771
10.3936268134067	-0.936384645563143
10.4004602301151	-1.01077262212276
10.4072936468234	-1.08945445082583
10.4141270635318	-1.17143529062153
10.4209604802401	-1.25559781504348
10.4277938969485	-1.34193925517427
10.4346273136568	-1.31429920668164
10.4414607303652	-1.22437199518551
10.4482941470735	-1.13320063984481
10.4551275637819	-1.04078781430637
10.4619609804902	-0.94750435889531
10.4687943971986	-0.854832036253749
10.475627813907	-0.762925509206624
10.4824612306153	-0.671786018594673
10.4892946473237	-0.582644186222119
10.496128064032	-0.498137703228189
10.5029614807404	-0.418353106641974
10.5097948974487	-0.343291253285988
10.5166283141571	-0.270946708895894
10.5234617308654	-0.198656885714461
10.5302951475738	-0.126410181498075
10.5371285642821	-0.0542867953321045
10.5439619809905	0.016327788471181
10.5507953976989	0.0849207901810183
10.5576288144072	0.151494485907999
10.5644622311156	0.216549714146616
10.5712956478239	0.281800381898757
10.5781290645323	0.347386149738366
10.5849624812406	0.412688617988546
10.591795897949	0.474481550387827
10.5986293146573	0.532302328387647
10.6054627313657	0.58567705906536
10.612296148074	0.633078592532357
10.6191295647824	0.674391635975196
10.6259629814907	0.709763785837911
10.6327963981991	0.739324441964576
10.6396298149075	0.762457420566487
10.6464632316158	0.776549527867587
10.6532966483242	0.781254156497067
10.6601300650325	0.774771844146868
10.6669634817409	0.756198260502684
10.6737968984492	0.726160294586273
10.6806303151576	0.686068745352014
10.6874637318659	0.63595921872467
10.6942971485743	0.575592201880907
10.7011305652826	0.504892134013535
10.707963981991	0.42385884241182
10.7147973986993	0.332495558947365
10.7216308154077	0.230809754538988
10.7284642321161	0.123705483894773
10.7352976488244	0.0154854477926141
10.7421310655328	-0.0938507360989466
10.7489644822411	-0.203146547251059
10.7557978989495	-0.311391959148631
10.7626313156578	-0.418588030914961
10.7694647323662	-0.525490298719476
10.7762981490745	-0.633138390950876
10.7831315657829	-0.741538422891532
10.7899649824912	-0.850035636139942
10.7967983991996	-0.956287315058725
10.803631815908	-1.06008333616537
10.8104652326163	-1.16123719677012
10.8172986493247	-1.25766558205765
10.824132066033	-1.34877983803758
10.8309654827414	-1.31012047842816
10.8377988994497	-1.22915266178661
10.8446323161581	-1.1527026367546
10.8514657328664	-1.08076814340496
10.8582991495748	-1.0135003076247
10.8651325662831	-0.951233617984172
10.8719659829915	-0.89397916152277
10.8787993996999	-0.8415056994763
10.8856328164082	-0.792120078997051
10.8924662331166	-0.745485357935369
10.8992996498249	-0.701601854939257
10.9061330665333	-0.661307402743764
10.9129664832416	-0.625306499073475
10.91979989995	-0.593600517793072
10.9266333166583	-0.565889285218945
10.9334667333667	-0.540383381105696
10.940300150075	-0.516791006987203
10.9471335667834	-0.495141602409516
10.9539669834917	-0.477101488608777
10.9608004002001	-0.463631239615101
10.9676338169085	-0.454728629085513
10.9744672336168	-0.450354053454787
10.9813006503252	-0.450476155989856
10.9881340670335	-0.455090392839729
10.9949674837419	-0.460625474975607
11.0018009004502	-0.462922958803777
11.0086343171586	-0.461976324647166
11.0154677338669	-0.457787958654114
11.0223011505753	-0.450363966193252
11.0291345672836	-0.439674788944595
11.035967983992	-0.424923429031314
11.0428014007004	-0.405733327427382
11.0496348174087	-0.381926756169962
11.0564682341171	-0.352215558096334
11.0633016508254	-0.316350995185706
11.0701350675338	-0.275578525115894
11.0769684842421	-0.233609016652073
11.0838019009505	-0.190683462064398
11.0906353176588	-0.148177281594926
11.0974687343672	-0.109117668792317
11.1043021510755	-0.0736121866402435
11.1111355677839	-0.0407523895398149
11.1179689844922	-0.00926705190786638
11.1248024012006	0.020837527282591
11.131635817909	0.0473912931941645
11.1384692346173	0.0688381406139973
11.1453026513257	0.0848992987341284
11.152136068034	0.0904773026741373
11.1589694847424	0.0836822997307829
11.1658029014507	0.0645467834790686
11.1726363181591	0.0332350666170854
11.1794697348674	-0.010229253526007
11.1863031515758	-0.0646363960652881
11.1931365682841	-0.127000242714559
11.1999699849925	-0.197179670742429
11.2068034017009	-0.274285209848062
11.2136368184092	-0.355885565476473
11.2204702351176	-0.441841361170712
11.2273036518259	-0.532168908607137
11.2341370685343	-0.626937506720868
11.2409704852426	-0.726156340211014
11.247803901951	-0.829791027348649
11.2546373186593	-0.935019260851496
11.2614707353677	-1.04002321482945
11.268304152076	-1.14480097443469
11.2751375687844	-1.24913929356317
11.2819709854927	-1.35222231718537
11.2888044022011	-1.29073988853211
11.2956378189095	-1.19033199209344
11.3024712356178	-1.09040022812015
11.3093046523262	-0.989775536800293
11.3161380690345	-0.888450776866829
11.3229714857429	-0.786436040484205
11.3298049024512	-0.68429127164785
11.3366383191596	-0.582334954458401
11.3434717358679	-0.480561297771442
11.3503051525763	-0.37897505449378
11.3571385692846	-0.277808730987898
11.363971985993	-0.177658255789781
11.3708054027014	-0.0785555088409161
11.3776388194097	0.0195052761551054
11.3844722361181	0.116041713167378
11.3913056528264	0.206490177834178
11.3981390695348	0.289697336289691
11.4049724862431	0.365664161560432
11.4118059029515	0.43439321229861
11.4186393196598	0.498387168820896
11.4254727363682	0.56045100280926
11.4323061530765	0.620584641549675
11.4391395697849	0.67878900076628
11.4459729864932	0.733908106244187
11.4528064032016	0.780271323755389
11.45963981991	0.817118407427198
11.4664732366183	0.844447847450967
11.4733066533267	0.862261951078844
11.480140070035	0.872773550256291
11.4869734867434	0.878899011707663
11.4938069034517	0.880650448441101
11.5006403201601	0.878029734121825
11.5074737368684	0.871188486504779
11.5143071535768	0.861952735769071
11.5211405702851	0.850859804630939
11.5279739869935	0.837090692779354
11.5348074037019	0.819936399153003
11.5416408204102	0.799108397218111
11.5484742371186	0.773991781684607
11.5553076538269	0.744562750066179
11.5621410705353	0.711489985982046
11.5689744872436	0.675367335446068
11.575807903952	0.63611640350665
11.5826413206603	0.592630504228594
11.5894747373687	0.54455410664096
11.596308154077	0.491599289966599
11.6031415707854	0.431374459918484
11.6099749874937	0.363346446913811
11.6168084042021	0.287635352344131
11.6236418209105	0.204924124245901
11.6304752376188	0.115319249643637
11.6373086543272	0.020109564417366
11.6441420710355	-0.0796045404765884
11.6509754877439	-0.18347773349268
11.6578089044522	-0.289880736048151
11.6646423211606	-0.398610211650531
11.6714757378689	-0.506520353335747
11.6783091545773	-0.610708556076128
11.6851425712856	-0.710738402942695
11.691975987994	-0.802583460387876
11.6988094047024	-0.885274098569043
11.7056428214107	-0.959326198459506
11.7124762381191	-1.02582171430578
11.7193096548274	-1.08485333885403
11.7261430715358	-1.13831730663104
11.7329764882441	-1.18716229150188
11.7398099049525	-1.2313879661858
11.7466433216608	-1.27099601725996
11.7534767383692	-1.30666549969998
11.7603101550775	-1.3397274014668
11.7671435717859	-1.37021562559728
11.7739769884942	-1.34657837186198
11.7808104052026	-1.32118223428014
11.787643821911	-1.29609011034934
11.7944772386193	-1.27013624856688
11.8013106553277	-1.24332431806718
11.808144072036	-1.21565272619105
11.8149774887444	-1.18642255383348
11.8218109054527	-1.1518249220421
11.8286443221611	-1.11128142384742
11.8354777388694	-1.06479269374477
11.8423111555778	-1.0123586486847
11.8491445722861	-0.957163937700246
11.8559779889945	-0.904371673406392
11.8628114057029	-0.854058311385124
11.8696448224112	-0.806216069588466
11.8764782391196	-0.760852370623652
11.8833116558279	-0.717960504877153
11.8901450725363	-0.678982657061559
11.8969784892446	-0.645804485142382
11.903811905953	-0.618433951381267
11.9106453226613	-0.596873721365158
11.9174787393697	-0.581121975071243
11.924312156078	-0.571177652986358
11.9311455727864	-0.566025716483265
11.9379789894947	-0.561142053465165
11.9448124062031	-0.555974214971458
11.9516458229115	-0.550528265570082
11.9584792396198	-0.544801066058246
11.9653126563282	-0.538794976638298
11.9721460730365	-0.535131603794594
11.9789794897449	-0.539272173971531
11.9858129064532	-0.551391170999451
11.9926463231616	-0.571487626371101
11.9994797398699	-0.599558341544462
12.0063131565783	-0.635445956297758
12.0131465732866	-0.675930236996466
12.019979989995	-0.719766886459244
12.0268134067034	-0.766956400062841
12.0336468234117	-0.817496803803202
12.0404802401201	-0.871389944715297
12.0473136568284	-0.928599565129437
12.0541470735368	-0.985722822736947
12.0609804902451	-1.04044949273047
12.0678139069535	-1.0927830900961
12.0746473236618	-1.14272270833917
12.0814807403702	-1.19026685484494
12.0883141570785	-1.23541702156777
12.0951475737869	-1.27958769006673
12.1019809904952	-1.32716228506846
12.1088144072036	-1.36625429218931
12.115647823912	-1.31124460729622
12.1224812406203	-1.25261196430894
12.1293146573287	-1.19264751619317
12.136148074037	-1.13235237194261
12.1429814907454	-1.07172874265566
12.1498149074537	-1.01128047555968
12.1566483241621	-0.953054810806676
12.1634817408704	-0.897267335384772
12.1703151575788	-0.843926119325775
12.1771485742871	-0.794525010472144
12.1839819909955	-0.750320369532179
12.1908154077039	-0.711308610707358
12.1976488244122	-0.677949234698578
12.2044822411206	-0.652933631592677
12.2113156578289	-0.636704101368043
12.2181490745373	-0.629254544766603
12.2249824912456	-0.627709137546427
12.231815907954	-0.628150308472247
12.2386493246623	-0.630555616526281
12.2454827413707	-0.634979935553792
12.252316158079	-0.642298334348684
12.2591495747874	-0.65280519974664
12.2659829914957	-0.666500865489055
12.2728164082041	-0.682610549724291
12.2796498249125	-0.699857768854888
12.2864832416208	-0.718223619540955
12.2933166583292	-0.737658023148498
12.3001500750375	-0.757767705869375
12.3069834917459	-0.778469676452057
12.3138169084542	-0.799941627675942
12.3206503251626	-0.823398690941974
12.3274837418709	-0.84906608235305
12.3343171585793	-0.877153226902584
12.3411505752876	-0.908222427634669
12.347983991996	-0.942317366146997
12.3548174087044	-0.980272106266278
12.3616508254127	-1.02262308013496
12.3684842421211	-1.06947183628648
12.3753176588294	-1.12212939538903
12.3821510755378	-1.18099512528937
12.3889844922461	-1.24524920852484
12.3958179089545	-1.31131664204989
12.4026513256628	-1.36593531769267
12.4094847423712	-1.29787885314251
12.4163181590795	-1.23068790252906
12.4231515757879	-1.16439799206934
12.4299849924962	-1.10040985441971
12.4368184092046	-1.0400858613102
12.443651825913	-0.983444800616657
12.4504852426213	-0.932316296981278
12.4573186593297	-0.88798530924755
12.464152076038	-0.850318633622836
12.4709854927464	-0.818112922707028
12.4778189094547	-0.791076809727301
12.4846523261631	-0.770389128823596
12.4914857428714	-0.757958563460278
12.4983191595798	-0.753810584949983
12.5051525762881	-0.756092236605418
12.5119859929965	-0.759864833923271
12.5188194097049	-0.764859091469061
12.5256528264132	-0.771077079145976
12.5324862431216	-0.777733518455708
12.5393196598299	-0.781885571465806
12.5461530765383	-0.783258397116356
12.5529864932466	-0.781848757003506
12.559819909955	-0.777659576237797
12.5666533266633	-0.770676195738032
12.5734867433717	-0.760898697598897
12.58032016008	-0.748324969016009
12.5871535767884	-0.732953207645797
12.5939869934967	-0.714783040712505
12.6008204102051	-0.695667396833058
12.6076538269135	-0.67914411850091
12.6144872436218	-0.665294892316097
12.6213206603302	-0.654122420958547
12.6281540770385	-0.645626883639416
12.6349874937469	-0.640297752263824
12.6418209104552	-0.639088708043057
12.6486543271636	-0.642026627646079
12.6554877438719	-0.649105325646425
12.6623211605803	-0.660265829901276
12.6691545772886	-0.673309962732716
12.675987993997	-0.687145585204185
12.6828214107054	-0.701771809423218
12.6896548274137	-0.717189281581139
12.6964882441221	-0.733401822382799
12.7033216608304	-0.750401913807175
12.7101550775388	-0.768352338025104
12.7169884942471	-0.787813601489624
12.7238219109555	-0.808838319391865
12.7306553276638	-0.831422726332282
12.7374887443722	-0.855570270932183
12.7443221610805	-0.881281123722235
12.7511555777889	-0.908552531849113
12.7579889944972	-0.937387422969423
12.7648224112056	-0.967782202588242
12.771655827914	-0.999739284009285
12.7784892446223	-1.03325879655675
12.7853226613307	-1.06590836404354
12.792156078039	-1.09478030263884
12.7989894947474	-1.11987443836686
12.8058229114557	-1.14118695935439
12.8126563281641	-1.1587196300325
12.8194897448724	-1.17247328514456
12.8263231615808	-1.18244266370852
12.8331565782891	-1.18863458726928
12.8399899949975	-1.19104457557974
12.8468234117059	-1.19048262076575
12.8536568284142	-1.18912602811019
12.8604902451226	-1.18710022726644
12.8673236618309	-1.18440246725889
12.8741570785393	-1.18103361947833
12.8809904952476	-1.17699225761114
12.887823911956	-1.17155683195611
12.8946573286643	-1.16407619921389
12.9014907453727	-1.15455059790304
12.908324162081	-1.14297712918522
12.9151575787894	-1.12936568909034
12.9219909954977	-1.11623103665887
12.9288244122061	-1.10649203680628
12.9356578289145	-1.10014204390483
12.9424912456228	-1.09641997203948
12.9493246623312	-1.09275354406883
12.9561580790395	-1.08893672095574
12.9629914957479	-1.08490324759387
12.9698249124562	-1.07979973990641
12.9766583291646	-1.07335034089779
12.9834917458729	-1.06555424278906
12.9903251625813	-1.05625336524372
12.9971585792896	-1.04511585580763
13.003991995998	-1.03212982802471
13.0108254127064	-1.01724793109125
13.0176588294147	-0.999200067116091
13.0244922461231	-0.977476486504195
13.0313256628314	-0.952074738341693
13.0381590795398	-0.923030237765549
13.0449924962481	-0.890905886535018
13.0518259129565	-0.855907153169743
13.0586593296648	-0.818034349769567
13.0654927463732	-0.777592302936156
13.0723261630815	-0.736182327206642
13.0791595797899	-0.694025270232945
13.0859929964983	-0.651453500803242
13.0928264132066	-0.610781825591814
13.099659829915	-0.572439404303249
13.1064932466233	-0.536512632898718
13.1133266633317	-0.50369500757938
13.12016008004	-0.474165513841451
13.1269934967484	-0.447919315911662
13.1338269134567	-0.424687484764866
13.1406603301651	-0.404310055236431
13.1474937468734	-0.386787143307579
13.1543271635818	-0.373506667002597
13.1611605802901	-0.366400547300315
13.1679939969985	-0.365483406157119
13.1748274137069	-0.370964121456817
13.1816608304152	-0.383872801500623
13.1884942471236	-0.404351993081878
13.1953276638319	-0.432415882055798
13.2021610805403	-0.468498783288192
13.2089944972486	-0.512811390206196
13.215827913957	-0.565350314554115
13.2226613306653	-0.624492950126517
13.2294947473737	-0.688964750682571
13.236328164082	-0.758768384060895
13.2431615807904	-0.833411425390287
13.2499949974987	-0.910745175726147
13.2568284142071	-0.99051677001142
13.2636618309155	-1.07272527843109
13.2704952476238	-1.15736329119576
13.2773286643322	-1.24443804282212
13.2841620810405	-1.33395177843833
13.2909954977489	-1.31880957521452
13.2978289144572	-1.22443089508373
13.3046623311656	-1.12761505896624
13.3114957478739	-1.02836399224421
13.3183291645823	-0.926676285439858
13.3251625812906	-0.822384443584031
13.331995997999	-0.714273319569745
13.3388294147074	-0.602117178437862
13.3456628314157	-0.485911020814518
13.3524962481241	-0.365658417484407
13.3593296648324	-0.241357737820136
13.3661630815408	-0.113008063113897
13.3729964982491	0.0193873770541676
13.3798299149575	0.155833024549228
13.3866633316658	0.296327782263877
13.3934967483742	0.440867825610513
13.4003301650825	0.588223110495042
13.4071635817909	0.736168408292428
13.4139969984993	0.88465817837963
13.4208304152076	1.03360547099449
13.427663831916	1.18041012777666
13.4344972486243	1.3238498378433
13.4413306653327	1.46391638185181
13.448164082041	1.60059645367611
13.4549974987494	1.73308203365881
13.4618309154577	1.86101138575803
13.4686643321661	1.98336616015705
13.4754977488744	2.09612685497848
13.4823311655828	2.19887421642956
13.4891645822911	2.29199659439563
13.4959979989995	2.37581292761702
13.5028314157079	2.45032619335087
13.5096648324162	2.51556184257311
13.5164982491246	2.57151879529068
13.5233316658329	2.61829347838837
13.5301650825413	2.65596574324658
13.5369984992496	2.68551533606796
13.543831915958	2.71019477985966
13.5506653326663	2.73037395658403
13.5574987493747	2.74720336698886
13.564332166083	2.76098597582592
13.5711655827914	2.77149471980618
13.5779989994997	2.77835190239334
13.5848324162081	2.78161814931197
13.5916658329165	2.78231267104429
13.5984992496248	2.78078422394347
13.6053326663332	2.77773873127595
13.6121660830415	2.77426631880461
13.6189994997499	2.77056920790906
13.6258329164582	2.76822897102518
13.6326663331666	2.76757813361167
13.6394997498749	2.7675756926195
13.6463331665833	2.76757715565216
13.6531665832916	2.76757696452223
13.66	2.7675776665042
13.67	0
14.0369696969697	0
14.4039393939394	0
14.7709090909091	0
15.1378787878788	0
15.5048484848485	0
15.8718181818182	0
16.2387878787879	0
16.6057575757576	0
16.9727272727273	0
17.339696969697	0
17.7066666666667	0
18.0736363636364	0
18.4406060606061	0
18.8075757575758	0
19.1745454545455	0
19.5415151515151	0
19.9084848484849	0
20.2754545454545	0
20.6424242424242	0
21.0093939393939	0
21.3763636363636	0
21.7433333333333	0
22.110303030303	0
22.4772727272727	0
22.8442424242424	0
23.2112121212121	0
23.5781818181818	0
23.9451515151515	0
24.3121212121212	0
24.6790909090909	0
25.0460606060606	0
25.4130303030303	0
25.78	0
26.1469696969697	0
26.5139393939394	0
26.8809090909091	0
27.2478787878788	0
27.6148484848485	0
27.9818181818182	0
28.3487878787879	0
28.7157575757576	0
29.0827272727273	0
29.449696969697	0
29.8166666666667	0
30.1836363636364	0
30.5506060606061	0
30.9175757575758	0
31.2845454545455	0
31.6515151515151	0
32.0184848484849	0
32.3854545454545	0
32.7524242424242	0
33.1193939393939	0
33.4863636363636	0
33.8533333333333	0
34.220303030303	0
34.5872727272727	0
34.9542424242424	0
35.3212121212121	0
35.6881818181818	0
36.0551515151515	0
36.4221212121212	0
36.7890909090909	0
37.1560606060606	0
37.5230303030303	0
37.89	0
38.2569696969697	0
38.6239393939394	0
38.9909090909091	0
39.3578787878788	0
39.7248484848485	0
40.0918181818182	0
40.4587878787879	0
40.8257575757576	0
41.1927272727273	0
41.559696969697	0
41.9266666666667	0
42.2936363636364	0
42.6606060606061	0
43.0275757575758	0
43.3945454545455	0
43.7615151515151	0
44.1284848484848	0
44.4954545454545	0
44.8624242424242	0
45.2293939393939	0
45.5963636363636	0
45.9633333333333	0
46.330303030303	0
46.6972727272727	0
47.0642424242424	0
47.4312121212121	0
47.7981818181818	0
48.1651515151515	0
48.5321212121212	0
48.8990909090909	0
49.2660606060606	0
49.6330303030303	0
50	0
