time	Grainsizeabschange
0	-5.27993649291003
0.00683341670835418	-4.73678204834354
0.0136668334167084	-4.23686892360007
0.0205002501250625	-3.77750655355374
0.0273336668334167	-3.3561388654864
0.0341670835417709	-2.97033874060807
0.0410005002501251	-2.61780266903773
0.0478339169584792	-2.29634558716523
0.0546673336668334	-2.00389589837201
0.0615007503751876	-1.73849066913326
0.0683341670835418	-1.49827099292095
0.075167583791896	-1.2814775219411
0.0820010005002501	-1.08644615629728
0.0888344172086043	-0.911603889419228
0.0956678339169585	-0.755464804072514
0.102501250625313	-0.616626213187638
0.109334667333667	-0.493764942343563
0.116168084042021	-0.385633749609413
0.123001500750375	-0.291057876971184
0.129834917458729	-0.208931731279067
0.136668334167084	-0.138215688850876
0.143501750875438	-0.0779330211034018
0.150335167583792	-0.0271669366770469
0.157168584292146	0.0149422633814974
0.1640020010005	0.0491999209855264
0.170835417708854	0.0763596506623754
0.177668834417209	0.0971258664440584
0.184502251125563	0.1121562099293
0.191335667833917	0.122063882238272
0.198169084542271	0.12741988313149
0.205002501250625	0.12875516071359
0.211835917958979	0.126562674008429
0.218669334667334	0.121299371877317
0.225502751375688	0.11338809094647
0.232336168084042	0.103219374911684
0.239169584792396	0.0911532185229377
0.24600300150075	0.0775207381468525
0.252836418209105	0.0626257718405635
0.259669834917459	0.0467464113355265
0.266503251625813	0.0301364679894819
0.273336668334167	0.0130268753020371
0.280170085042521	-0.00437296977666783
0.287003501750875	-0.0218739249170964
0.29383691845923	-0.0393058773656255
0.300670335167584	-0.0565165740178922
0.307503751875938	-0.0733705045090643
0.314337168584292	-0.0897478354639619
0.321170585292646	-0.105543394015742
0.328004002001	-0.120665698839225
0.334837418709355	-0.135036036865118
0.341670835417709	-0.148587584105823
0.348504252126063	-0.161264568805363
0.355337668834417	-0.173021475454267
0.362171085542771	-0.183822288046279
0.369004502251126	-0.193639771093302
0.37583791895948	-0.202454786968191
0.382671335667834	-0.210255648142473
0.389504752376188	-0.217037503042133
0.396338169084542	-0.222801754033285
0.403171585792896	-0.227555506472798
0.410005002501251	-0.231311047425587
0.416838419209605	-0.234085352900909
0.423671835917959	-0.235899622564705
0.430505252626313	-0.236778840566451
0.437338669334667	-0.236751361608833
0.444172086043022	-0.235848521227408
0.451005502751376	-0.234104268993441
0.45783891945973	-0.23155482401515
0.464672336168084	-0.228238351604864
0.471505752876438	-0.224194660089534
0.478339169584792	-0.219464917225012
0.485172586293147	-0.214091384948806
0.492006003001501	-0.208117171946356
0.498839419709855	-0.201586003187882
0.505672836418209	-0.19454200542973
0.512506253126563	-0.187029508327121
0.519339669834918	-0.17909286012182
0.526173086543272	-0.170776257332866
0.533006503251626	-0.162123587858995
0.53983991995998	-0.153178286678717
0.546673336668334	-0.14398320368153
0.553506753376688	-0.134580483002704
0.560340170085043	-0.125011453174827
0.567173586793397	-0.115316527726386
0.574007003501751	-0.105535115543759
0.580840420210105	-0.0957055405373147
0.587673836918459	-0.0858649701837424
0.594507253626813	-0.0760493523004386
0.601340670335168	-0.0662933598301393
0.608174087043522	-0.0566303429464874
0.615007503751876	-0.0470922882876927
0.62184092046023	-0.037709784738827
0.628674337168584	-0.0285119954539113
0.635507753876939	-0.0195266358043145
0.642341170585293	-0.0107799567018301
0.649174587293647	-0.00229673317773395
0.656008004002001	0.00589974219643474
0.662841420710355	0.0137876615419726
0.669674837418709	0.0213466994439239
0.676508254127064	0.0285580070223884
0.683341670835418	0.0354042022772759
0.690175087543772	0.0418693569782507
0.697008504252126	0.0479389805959695
0.70384192096048	0.0536000012259817
0.710675337668834	0.0588407438375725
0.717508754377189	0.0636509062670719
0.724342171085543	0.0680215327542025
0.731175587793897	0.0719449856173446
0.738009004502251	0.0754149151241223
0.744842421210605	0.0784262274952667
0.75167583791896	0.0809750517370289
0.758509254627314	0.08305870495457
0.765342671335668	0.0846756564833724
0.772176088044022	0.0858254912803796
0.779009504752376	0.0865088720979362
0.78584292146073	0.0867275011621251
0.792676338169085	0.0864840812519676
0.799509754877439	0.0857822760541448
0.806343171585793	0.0846266704878884
0.813176588294147	0.0830227304841298
0.820010005002501	0.0809767626791668
0.826843421710855	0.0784958741599706
0.83367683841921	0.0755879319991686
0.840510255127564	0.0722615230655297
0.847343671835918	0.0685259140192044
0.854177088544272	0.0643910113227574
0.861010505252626	0.0598673219077415
0.867843921960981	0.0549659139846621
0.874677338669335	0.0496983783164585
0.881510755377689	0.0440767901387514
0.888344172086043	0.038113671412247
0.895177588794397	0.0318219538297031
0.902011005502751	0.0252149424360686
0.908844422211106	0.0183062797815796
0.91567783891946	0.0111099110104103
0.922511255627814	0.00364004951185995
0.929344672336168	-0.0040888566037071
0.936178089044522	-0.012062157152528
0.943011505752877	-0.020265031839736
0.949844922461231	-0.0286825212795828
0.956678339169585	-0.0372995571462849
0.963511755877939	-0.0461009915452427
0.970345172586293	-0.0550716253744997
0.977178589294647	-0.0641962358664647
0.984012006003002	-0.0734596031920719
0.990845422711356	-0.0828465361008089
0.99767883941971	-0.0923418967570486
1.00451225612806	-0.101930624497435
1.01134567283642	-0.111597758759005
1.01817908954477	-0.121328461079272
1.02501250625313	-0.13110803610912
1.03184592296148	-0.140921951738264
1.03867933966984	-0.150755858317757
1.04551275637819	-0.160595606930884
1.05234617308654	-0.170427266772636
1.0591795897949	-0.180237141631717
1.06601300650325	-0.190011785507704
1.07284642321161	-0.199738017265067
1.07967983991996	-0.20940293451007
1.08651325662831	-0.218993926591776
1.09334667333667	-0.228498686662492
1.10018009004502	-0.237905223079905
1.10701350675338	-0.247201869817517
1.11384692346173	-0.256377296170656
1.12068034017009	-0.265420515681847
1.12751375687844	-0.274320894180274
1.13434717358679	-0.28306815726221
1.14118059029515	-0.291652396817341
1.1480140070035	-0.300064076954948
1.15484742371186	-0.308294039250742
1.16168084042021	-0.316333507171448
1.16851425712856	-0.32417408997746
1.17534767383692	-0.331807785897013
1.18218109054527	-0.339226984624507
1.18901450725363	-0.346424469338014
1.19584792396198	-0.353393417977271
1.20268134067034	-0.360127403985207
1.20951475737869	-0.366620396600738
1.21634817408704	-0.372866760408791
1.2231815907954	-0.378861254509033
1.23001500750375	-0.38459903120855
1.23684842421211	-0.390075634038683
1.24368184092046	-0.395286995550755
1.25051525762881	-0.400229434510408
1.25734867433717	-0.404899652590072
1.26418209104552	-0.409294730949875
1.27101550775388	-0.413412126042936
1.27784892446223	-0.417249665314498
1.28468234117059	-0.420805542488924
1.29151575787894	-0.424078312370251
1.29834917458729	-0.427066885528553
1.30518259129565	-0.429770522574299
1.312016008004	-0.432188828037014
1.31884942471236	-0.43432174424782
1.32568284142071	-0.436169544685886
1.33251625812906	-0.437732827183405
1.33934967483742	-0.439012507028912
1.34618309154577	-0.440009809606854
1.35301650825413	-0.440726263058982
1.35984992496248	-0.441163690727326
1.36668334167084	-0.441324203236188
1.37351675837919	-0.441210190793763
1.38035017508754	-0.440824314953697
1.3871835917959	-0.440169500520903
1.39401700850425	-0.439248927298115
1.40085042521261	-0.438066021611991
1.40768384192096	-0.436624447900639
1.41451725862931	-0.434928100198612
1.42135067533767	-0.432981093403931
1.42818409204602	-0.430787754796792
1.43501750875438	-0.428352615245681
1.44185092546273	-0.425680400450326
1.44868434217109	-0.422776022356877
1.45551775887944	-0.419644570239299
1.46235117558779	-0.416291302086596
1.46918459229615	-0.412721635848404
1.4760180090045	-0.4089411406693
1.48285142571286	-0.404955528337446
1.48968484242121	-0.400770644560009
1.49651825912956	-0.396392460395766
1.50335167583792	-0.391827063840867
1.51018509254627	-0.387080651176965
1.51701850925463	-0.382159518758774
1.52385192596298	-0.377070054658759
1.53068534267134	-0.371818730351171
1.53751875937969	-0.366412092757317
1.54435217608804	-0.360856756077759
1.5511855927964	-0.355159393905267
1.55801900950475	-0.349326731479671
1.56485242621311	-0.343365537867497
1.57168584292146	-0.337282618480538
1.57851925962982	-0.331084807604445
1.58535267633817	-0.324778961015567
1.59218609304652	-0.318371948899103
1.59901950975488	-0.3118706487071
1.60585292646323	-0.305281938274151
1.61268634317159	-0.29861268910506
1.61951975987994	-0.291869759664014
1.62635317658829	-0.285059988997168
1.63318659329665	-0.278190190391824
1.640020010005	-0.271267145171484
1.64685342671336	-0.264297596802257
1.65368684342171	-0.257288244978201
1.66052026013007	-0.250245739960364
1.66735367683842	-0.243176677112861
1.67418709354677	-0.236087591503627
1.68102051025513	-0.228984952752848
1.68785392696348	-0.221875160048347
1.69468734367184	-0.214764537229656
1.70152076038019	-0.207659328222549
1.70835417708854	-0.200565692438476
1.7151875937969	-0.193489700502899
1.72202101050525	-0.186437330071359
1.72885442721361	-0.179414461829056
1.73568784392196	-0.172426875668907
1.74252126063032	-0.165480247059629
1.74935467733867	-0.158580143525623
1.75618809404702	-0.151732021340947
1.76302151075538	-0.144941222385727
1.76985492746373	-0.138212971147469
1.77668834417209	-0.13155237189434
1.78352176088044	-0.124964406039466
1.79035517758879	-0.118453929622056
1.79718859429715	-0.112025670983554
1.8040220110055	-0.105684228592696
1.81085542771386	-0.0994340690164742
1.81768884442221	-0.0932795250675711
1.82452226113057	-0.0872247940861713
1.83135567783892	-0.0812739364087772
1.83818909454727	-0.0754308739257706
1.84502251125563	-0.0696993888470406
1.85185592796398	-0.0640831225713965
1.85868934467234	-0.0585855747399819
1.86552276138069	-0.053210102391969
1.87235617808904	-0.0479599192686581
1.8791895947974	-0.0428380952990726
1.88602301150575	-0.0378475561081155
1.89285642821411	-0.0329910828024847
1.89968984492246	-0.0282713117691229
1.90652326163082	-0.0236907346386173
1.91335667833917	-0.0192516984020188
1.92019009504752	-0.0149564056103867
1.92702351175588	-0.0108069146645808
1.93385692846423	-0.00680514032816162
1.94069034517259	-0.0029528542102092
1.94752376188094	0.000748314526241814
1.95435717858929	0.00429687840362508
1.96119059529765	0.00769149078002154
1.968024012006	0.0109309448484261
1.97485742871436	0.0140141725678286
1.98169084542271	0.0169402435266089
1.98852426213107	0.019708363631958
1.99535767883942	0.0223178738394082
2.00219109554777	0.0247682486592532
2.00902451225613	0.0270590946494328
2.01585792896448	0.0291901488748243
2.02269134567284	0.0311612771644829
2.02952476238119	0.0329724724125011
2.03635817908954	0.0346238527740818
2.0431915957979	0.0361156597041815
2.05002501250625	0.0374482561250056
2.05685842921461	0.0386221243292812
2.06369184592296	0.0396378639191288
2.07052526263132	0.0404961897409212
2.07735867933967	0.0411979296231053
2.08419209604802	0.0417440221917362
2.09102551275638	0.0421355146077973
2.09785892946473	0.0423735601696518
2.10469234617309	0.0424594160473552
2.11152576288144	0.0423944407868387
2.11835917958979	0.0421800919023333
2.12519259629815	0.0418179234342003
2.1320260130065	0.0413095833558486
2.13885942971486	0.0406568111049928
2.14569284642321	0.0398614349863087
2.15252626313157	0.0389253695758447
2.15935967983992	0.0378506131264356
2.16619309654827	0.03663924493075
2.17302651325663	0.0352934226334502
2.17985992996498	0.0338153796503928
2.18669334667334	0.032207422387283
2.19352676338169	0.0304719276378179
2.20036018009005	0.0286113398662651
2.2071935967984	0.0266281684366449
2.21402701350675	0.0245249850314305
2.22086043021511	0.0223044208508989
2.22769384692346	0.0199691639275458
2.23452726363182	0.017521956458801
2.24136068034017	0.0149655920532577
2.24819409704852	0.0123029130721609
2.25502751375688	0.009536807962123
2.26186093046523	0.00667020849533651
2.26869434717359	0.00370608722512428
2.27552776388194	0.000647454756735811
2.2823611805903	-0.00250264289135961
2.28919459729865	-0.00574112684771532
2.296028014007	-0.0090648880366415
2.30286143071536	-0.0124707897507312
2.30969484742371	-0.0159556701810206
2.31652826413207	-0.0195163450080659
2.32336168084042	-0.0231496098528868
2.33019509754877	-0.0268522427954708
2.33702851425713	-0.0306210068487791
2.34386193096548	-0.0344526523326061
2.35069534767384	-0.038343919357989
2.35752876438219	-0.0422915401347604
2.36436218109055	-0.0462922413277337
2.3711955977989	-0.0503427463932088
2.37802901450725	-0.05443977780944
2.38486243121561	-0.0585800593520996
2.39169584792396	-0.0627603182906522
2.39852926463232	-0.0669772875279483
2.40536268134067	-0.0712277077840636
2.41219609804902	-0.0755083296475887
2.41902951475738	-0.0798159156380752
2.42586293146573	-0.0841472422446654
2.43269634817409	-0.0884991018651385
2.43952976488244	-0.092868304767518
2.4463631815908	-0.0972516809751575
2.45319659829915	-0.101646082112909
2.4600300150075	-0.106048383224647
2.46686343171586	-0.110455484531009
2.47369684842421	-0.114864313156551
2.48053026513257	-0.119271824804818
2.48736368184092	-0.123675005406662
2.49419709854927	-0.128070872693039
2.50103051525763	-0.132456477746617
2.50786393196598	-0.136828906515475
2.51469734867434	-0.14118528124934
2.52153076538269	-0.145522761930179
2.52836418209105	-0.149838547622136
2.5351975987994	-0.154129877800164
2.54203101550775	-0.158394033624627
2.54886443221611	-0.162628339170284
2.55569784892446	-0.166830162599428
2.56253126563282	-0.1709969173089
2.56936468234117	-0.175126063042555
2.57619809904952	-0.179215106899965
2.58303151575788	-0.183261604346543
2.58986493246623	-0.187263160194106
2.59669834917459	-0.191217429494305
2.60353176588294	-0.195122118411516
2.6103651825913	-0.198974985026033
2.61719859929965	-0.202773840141019
2.624032016008	-0.206516547991443
2.63086543271636	-0.210201026944246
2.63769884942471	-0.213825250142844
2.64453226613307	-0.21738724610853
2.65136568284142	-0.220885099296984
2.65819909954977	-0.224316950620707
2.66503251625813	-0.227680997922688
2.67186593296648	-0.230975496400685
2.67869934967484	-0.2341987590082
2.68553276638319	-0.237349156819093
2.69236618309155	-0.240425119292564
2.6991995997999	-0.243425134592895
2.70603301650825	-0.246347749797018
2.71286643321661	-0.249191571090554
2.71969984992496	-0.25195526391496
2.72653326663332	-0.254637553100269
2.73336668334167	-0.257237222924128
2.74020010005003	-0.259753117168699
2.74703351675838	-0.262184139115398
2.75386693346673	-0.264529251520328
2.76070035017509	-0.266787476556118
2.76753376688344	-0.268957895698363
2.7743671835918	-0.271039649609309
2.78120060030015	-0.273031937953347
2.7880340170085	-0.274934019207747
2.79486743371686	-0.276745210448571
2.80170085042521	-0.278464887050857
2.80853426713357	-0.280092482437682
2.81536768384192	-0.281627487735222
2.82220110055028	-0.28306945141778
2.82903451725863	-0.284417978951061
2.83586793396698	-0.285672732363757
2.84270135067534	-0.286833429823131
2.84953476738369	-0.287899845165991
2.85636818409205	-0.2888718074264
2.8632016008004	-0.289749200316504
2.87003501750875	-0.290531961673275
2.87686843421711	-0.291220082941097
2.88370185092546	-0.291813608543296
2.89053526763382	-0.292312635307828
2.89736868434217	-0.292717311826021
2.90420210105053	-0.293027837805313
2.91103551775888	-0.293244463422983
2.91786893446723	-0.293367488606184
2.92470235117559	-0.293397262356101
2.93153576788394	-0.293334182002915
2.9383691845923	-0.293178692469788
2.94520260130065	-0.292931285537362
2.952036018009	-0.292592499032538
2.95886943471736	-0.292162916063388
2.96570285142571	-0.291643164218969
2.97253626813407	-0.291033914733041
2.97936968484242	-0.29033588166984
2.98620310155078	-0.289549821080276
2.99303651825913	-0.288676530120024
2.99986993496748	-0.287716846230283
3.00670335167584	-0.286671646221782
3.01353676838419	-0.285541845390355
3.02037018509255	-0.284328396655096
3.0272036018009	-0.283032289606751
3.03403701850925	-0.28165454962983
3.04087043521761	-0.280196236957517
3.04770385192596	-0.278658445757682
3.05453726863432	-0.277042303208346
3.06137068534267	-0.275348968530551
3.06820410205103	-0.273579632070342
3.07503751875938	-0.271735514331133
3.08187093546773	-0.269817865038146
3.08870435217609	-0.267827962170769
3.09553776888444	-0.265767111007452
3.1023711855928	-0.263636643159061
3.10920460230115	-0.261437915630317
3.1160380190095	-0.259172309812546
3.12287143571786	-0.256841230569182
3.12970485242621	-0.254446105233525
3.13653826913457	-0.251988382656144
3.14337168584292	-0.249469532273834
3.15020510255128	-0.246891043074285
3.15703851925963	-0.244254422727212
3.16387193596798	-0.241561196562563
3.17070535267634	-0.238812906636969
3.17753876938469	-0.236011110788163
3.18437218609305	-0.2331573816914
3.1912056028014	-0.230253305892823
3.19803901950976	-0.227300482905986
3.20487243621811	-0.224300524248231
3.21170585292646	-0.221255052537217
3.21853926963482	-0.218165700552354
3.22537268634317	-0.215034110326327
3.23220610305153	-0.211861932251651
3.23903951975988	-0.208650824135093
3.24587293646823	-0.205402450365394
3.25270635317659	-0.202118480971703
3.25953976988494	-0.198800590766229
3.2663731865933	-0.195450458497935
3.27320660330165	-0.192069765942049
3.28004002001001	-0.188660197086843
3.28687343671836	-0.185223437287323
3.29370685342671	-0.181761172388831
3.30054027013507	-0.178275087974998
3.30737368684342	-0.174766868491344
3.31420710355178	-0.171238196474177
3.32104052026013	-0.167690751744385
3.32787393696848	-0.164126210632326
3.33470735367684	-0.160546245208724
3.34154077038519	-0.156952522517572
3.34837418709355	-0.153346703835112
3.3552076038019	-0.149730443924797
3.36204102051026	-0.146105390322343
3.36887443721861	-0.142473182621771
3.37570785392696	-0.13883545176648
3.38254127063532	-0.135193819375399
3.38937468734367	-0.131549897051102
3.39620810405203	-0.127905285739057
3.40304152076038	-0.124261575043756
3.40987493746873	-0.120620342640112
3.41670835417709	-0.116983153608638
3.42354177088544	-0.113351559839824
3.4303751875938	-0.10972709943951
3.43720860430215	-0.106111296147301
3.44404202101051	-0.102505658752971
3.45087543771886	-0.0989116805509735
3.45770885442721	-0.0953308388069838
3.46454227113557	-0.0917645942063944
3.47137568784392	-0.0882143903358976
3.47820910455228	-0.0846816532332569
3.48504252126063	-0.0811677908257725
3.49187593796898	-0.077674192508129
3.49870935467734	-0.0742022286640886
3.50554277138569	-0.0707532502152591
3.51237618809405	-0.0673285882159871
3.5192096048024	-0.0639295533941038
3.52604302151076	-0.0605574357809148
3.53287643821911	-0.0572135042960656
3.53970985492746	-0.0538990063915701
3.54654327163582	-0.0506151676817996
3.55337668834417	-0.0473631915865079
3.56021010505253	-0.0441442590099549
3.56704352176088	-0.0409595280059922
3.57387693846923	-0.0378101334832574
3.58071035517759	-0.034697186897334
3.58754377188594	-0.0316217759930468
3.5943771885943	-0.0285849645096573
3.60121060530265	-0.0255877919512365
3.60804402201101	-0.0226312733319689
3.61487743871936	-0.0197163989705917
3.62171085542771	-0.0168441342497366
3.62854427213607	-0.0140154194294216
3.63537768884442	-0.011231169473576
3.64221110555278	-0.0084922738565128
3.64904452226113	-0.00579959640950916
3.65587793896948	-0.00315397518393273
3.66271135567784	-0.000556222294313014
3.66954477238619	0.00199287618945302
3.67637818909455	0.00449256034287611
3.6832116058029	0.00694209650770486
3.69004502251126	0.00934077736913647
3.69687843921961	0.0116879220014414
3.70371185592796	0.0139828759822757
3.71054527263632	0.0162250113961902
3.71737868934467	0.0184137268852693
3.72421210605303	0.0205484476912459
3.73104552276138	0.0226286256454735
3.73787893946974	0.0246537391939954
3.74471235617809	0.0266232933664594
3.75154577288644	0.0285368197831369
3.7583791895948	0.0303938766002739
3.76521260630315	0.0321940484950498
3.77204602301151	0.0339369465903719
3.77887943971986	0.0356222084032345
3.78571285642821	0.0372494977840532
3.79254627313657	0.0388185048153882
3.79937968984492	0.0403289457332295
3.80621310655328	0.0417805628187008
3.81304652326163	0.0431731242947779
3.81987993996999	0.0445064242044553
3.82671335667834	0.0457802822658512
3.83354677338669	0.0469945437583962
3.84038019009505	0.0481490793538717
3.8472136068034	0.0492437849780325
3.85404702351176	0.0502785816286093
3.86088044022011	0.0512534152073502
3.86771385692846	0.0521682563505577
3.87454727363682	0.0530231002255327
3.88138069034517	0.0538179663305285
3.88821410705353	0.0545528983087425
3.89504752376188	0.0552279637096643
3.90188094047024	0.0558432538010624
3.90871435717859	0.0563988832997491
3.91554777388694	0.0568949901835662
3.9223811905953	0.0573317354161342
3.92921460730365	0.0577093027031861
3.93604802401201	0.0580278982692079
3.94288144072036	0.0582877505475917
3.94971485742871	0.0584891099570256
3.95654827413707	0.0586322486076911
3.96338169084542	0.0587174600255098
3.97021510755378	0.0587450588728807
3.97704852426213	0.0587153806546273
3.98388194097049	0.0586287814264512
3.99071535767884	0.0584856374943612
3.99754877438719	0.0582863451050777
4.00438219109555	0.0580313201514782
4.0112156078039	0.0577209978336718
4.01804902451226	0.0573558323752241
4.02488244122061	0.0569362966619203
4.03171585792896	0.0564628819442031
4.03854927463732	0.0559360974967422
4.04538269134567	0.0553564702812641
4.05221610805403	0.054724544613141
4.05904952476238	0.0540408818131902
4.06588294147074	0.0533060598770207
4.07271635817909	0.0525206731109138
4.07954977488744	0.0516853317956552
4.0863831915958	0.0508006618155213
4.09321660830415	0.0498673043283785
4.10005002501251	0.0488859153785008
4.10688344172086	0.0478571655586463
4.11371685842921	0.0467817396275132
4.12055027513757	0.0456603361639198
4.12738369184592	0.0444936671897746
4.13421710855428	0.0432824577988131
4.14105052526263	0.0420274457917253
4.14788394197099	0.0407293813013201
4.15471735867934	0.0393890264260869
4.16155077538769	0.0380071548433888
4.16838419209605	0.0365845514523316
4.1752176088044	0.0351220119776656
4.18205102551276	0.0336203426093958
4.18888444222111	0.0320803596179332
4.19571785892946	0.0305028889798548
4.20255127563782	0.0288887659867093
4.20938469234617	0.0272388348910978
4.21621810905453	0.0255539485067223
4.22305152576288	0.0238349678377793
4.22988494247124	0.0220827617040768
4.23671835917959	0.0202982063575649
4.24355177588794	0.0184821851028624
4.2503851925963	0.0166355879335126
4.25721860930465	0.0147593111349308
4.26405202601301	0.0128542569301865
4.27088544272136	0.0109213330797228
4.27771885942972	0.00896145253904625
4.28455227613807	0.00697553306352296
4.29138569284642	0.00496449683579802
4.29821910955478	0.00292927010813144
4.30505252626313	0.000870782828752582
4.31188594297149	-0.00121003173241205
4.31871935967984	-0.00331223733407065
4.32555277638819	-0.0054348951548848
4.33238619309655	-0.00757706412073838
4.3392196098049	-0.00973780129342409
4.34605302651326	-0.0119161622133294
4.35288644322161	-0.0141112012712019
4.35971985992996	-0.0163219720416854
4.36655327663832	-0.0185475276481909
4.37338669334667	-0.0207869211173657
4.38022011005503	-0.0230392057165139
4.38705352676338	-0.025303435296283
4.39388694347174	-0.0275786646471374
4.40072036018009	-0.0298639498265016
4.40755377688844	-0.0321583484921712
4.4143871935968	-0.0344609202515162
4.42122061030515	-0.0367707269821071
4.42805402701351	-0.0390868331593595
4.43488744372186	-0.041408306190697
4.44172086043022	-0.0437342167221381
4.44855427713857	-0.0460636389692004
4.45538769384692	-0.0483956510267467
4.46222111055528	-0.0507293351958778
4.46905452726363	-0.0530637782614403
4.47588794397199	-0.0553980718334592
4.48272136068034	-0.0577313126208858
4.48955477738869	-0.060062602743449
4.49638819409705	-0.0623910500319758
4.5032216108054	-0.0647157683023896
4.51005502751376	-0.0670358776542754
4.51688844422211	-0.0693505047599197
4.52372186093047	-0.0716587831257741
4.53055527763882	-0.0739598533955335
4.53738869434717	-0.0762528635900408
4.54422211105553	-0.078536969397079
4.55105552776388	-0.0808113344370965
4.55788894447224	-0.0830751305066219
4.56472236118059	-0.085327537848753
4.57155577788894	-0.0875677454013346
4.5783891945973	-0.0897949510358608
4.58522261130565	-0.0920083618144268
4.59205602801401	-0.094207194221111
4.59888944472236	-0.0963906744001253
4.60572286143072	-0.0985580383789246
4.61255627813907	-0.100708532298084
4.61938969484742	-0.102841412643936
4.62622311155578	-0.104955946452375
4.63305652826413	-0.107051411517427
4.63988994497249	-0.10912709662163
4.64672336168084	-0.111182301713771
4.65355677838919	-0.113216338122965
4.66039019509755	-0.115228528761467
4.6672236118059	-0.117218208289363
4.67405702851426	-0.119184723318886
4.68089044522261	-0.121127432590893
4.68772386193097	-0.123045707157614
4.69455727863932	-0.124938930537329
4.70139069534767	-0.126806498891848
4.70822411205603	-0.128647821195976
4.71505752876438	-0.130462319382408
4.72189094547274	-0.132249428490385
4.72872436218109	-0.134008596833403
4.73555777888944	-0.1357392861228
4.7423911955978	-0.137440971613153
4.74922461230615	-0.139113142237396
4.75605802901451	-0.140755300732917
4.76289144572286	-0.142366963766898
4.76972486243122	-0.143947662046616
4.77655827913957	-0.145496940450303
4.78339169584792	-0.147014358122153
4.79022511255628	-0.148499488576608
4.79705852926463	-0.149951919810413
4.80389194597299	-0.151371254379579
4.81072536268134	-0.152757109503914
4.8175587793897	-0.154109117144238
4.82439219609805	-0.155426924078589
4.8312256128064	-0.156710191991967
4.83805902951476	-0.157958597518705
4.84489244622311	-0.159171832352763
4.85172586293147	-0.160349603252495
4.85855927963982	-0.161491632134407
4.86539269634817	-0.162597656123038
4.87222611305653	-0.163667427567511
4.87905952976488	-0.164700714119489
4.88589294647324	-0.165697298733434
4.89272636318159	-0.166656979728769
4.89955977988994	-0.167579570790635
4.9063931965983	-0.168464901012758
4.91322661330665	-0.169312814896943
4.92006003001501	-0.170123172373886
4.92689344672336	-0.170895848807184
4.93372686343172	-0.171630734989571
4.94056028014007	-0.172327737152951
4.94739369684843	-0.172986776950093
4.95422711355678	-0.173607791450121
4.96106053026513	-0.174190733113196
4.96789394697349	-0.174735569765947
4.97472736368184	-0.175242284596959
4.9815607803902	-0.175710876097109
4.98839419709855	-0.176141358037761
4.9952276138069	-0.176533759435162
5.00206103051526	-0.176888124493793
5.00889444722361	-0.177204512565003
5.01572786393197	-0.177482998077069
5.02256128064032	-0.177723670504361
5.02939469734867	-0.17792663428211
5.03622811405703	-0.178092008730202
5.04306153076538	-0.178219928011557
5.04989494747374	-0.178310541027353
5.05672836418209	-0.178364011348078
5.06356178089045	-0.178380517115019
5.0703951975988	-0.178360250978338
5.07722861430715	-0.178303419958946
5.08406203101551	-0.178210245390343
5.09089544772386	-0.178080962791023
5.09772886443222	-0.177915821770966
5.10456228114057	-0.177715085895765
5.11139569784893	-0.177479032606411
5.11822911455728	-0.177207953066375
5.12506253126563	-0.176902152052305
5.13189594797399	-0.17656194782217
5.13872936468234	-0.17618767197964
5.1455627813907	-0.175779669358266
5.15239619809905	-0.175338297839987
5.1592296148074	-0.174863928244579
5.16606303151576	-0.174356944167207
5.17289644822411	-0.173817741834664
5.17972986493247	-0.173246729923994
5.18656328164082	-0.172644329444924
5.19339669834917	-0.172010973529917
5.20023011505753	-0.171347107304941
5.20706353176588	-0.170653187687794
5.21389694847424	-0.169929683235064
5.22073036518259	-0.16917707394822
5.22756378189095	-0.168395851105154
5.2343971985993	-0.167586517058506
5.24123061530765	-0.166749585060058
5.24806403201601	-0.165885579067331
5.25489744872436	-0.164995033535017
5.26173086543272	-0.164078493234233
5.26856428214107	-0.16313651302916
5.27539769884943	-0.162169657694677
5.28223111555778	-0.161178501693366
5.28906453226613	-0.160163628959932
5.29589794897449	-0.159125632700027
5.30273136568284	-0.158065115159491
5.3095647823912	-0.156982687421174
5.31639819909955	-0.155878969153127
5.3232316158079	-0.154754588416445
5.33006503251626	-0.153610181409074
5.33689844922461	-0.152446392244953
5.34373186593297	-0.151263872723513
5.35056528264132	-0.150063282088642
5.35739869934967	-0.148845286782512
5.36423211605803	-0.147610560218961
5.37106553276638	-0.146359782528672
5.37789894947474	-0.145093640315131
5.38473236618309	-0.143812826401438
5.39156578289145	-0.142518039597166
5.3983991995998	-0.141209984421105
5.40523261630815	-0.139889370864494
5.41206603301651	-0.138556914127546
5.41889944972486	-0.137213334360621
5.42573286643322	-0.135859356404263
5.43256628314157	-0.134495709529867
5.43939969984993	-0.133123127174078
5.44623311655828	-0.131742346665548
5.45306653326663	-0.130354108977256
5.45989994997499	-0.128959158436467
5.46673336668334	-0.12755824246891
5.4735667833917	-0.126152111325277
5.48040020010005	-0.124741517797579
5.4872336168084	-0.123327216967075
5.49406703351676	-0.121909965915242
5.50090045022511	-0.120490523443249
5.50773386693347	-0.119069649815389
5.51456728364182	-0.117648106459884
5.52140070035018	-0.116226655705038
5.52823411705853	-0.11480606049772
5.53506753376688	-0.11338708412034
5.54190095047524	-0.111970489913216
5.54873436718359	-0.110557040999198
5.55556778389195	-0.109147499996759
5.5624012006003	-0.107742628736969
5.56923461730865	-0.106343187992007
5.57606803401701	-0.104949937185245
5.58290145072536	-0.10356363412251
5.58973486743372	-0.102185034686754
5.59656828414207	-0.100814892588995
5.60340170085043	-0.0994539590659942
5.61023511755878	-0.0981029826003672
5.61706853426713	-0.0967627086502172
5.62390195097549	-0.0954338793688725
5.63073536768384	-0.0941172333184779
5.6375687843922	-0.0928135051957459
5.64440220110055	-0.0915234255643513
5.6512356178089	-0.0902477205554877
5.65806903451726	-0.0889871116170579
5.66490245122561	-0.0877423152281439
5.67173586793397	-0.0865140426149815
5.67856928464232	-0.0853029994988963
5.68540270135068	-0.0841098858231831
5.69223611805903	-0.0829353954584263
5.69906953476738	-0.0817802159657277
5.70590295147574	-0.0806450283166921
5.71273636818409	-0.0795305066209331
5.71956978489245	-0.0784373178812792
5.7264032016008	-0.0773661217133834
5.73323661830915	-0.0763175701024333
5.74007003501751	-0.0752923071334149
5.74690345172586	-0.0742909687435611
5.75373686843422	-0.0733141824665282
5.76057028514257	-0.0723625671769481
5.76740370185093	-0.0714367328564141
5.77423711855928	-0.0705372803295104
5.78107053526763	-0.0696648010313015
5.78790395197599	-0.0688198767582773
5.79473736868434	-0.0680030794447423
5.8015707853927	-0.0672149709093735
5.80840420210105	-0.0664561026348684
5.8152376188094	-0.0657270155355604
5.82207103551776	-0.0650282397207726
5.82890445222611	-0.0643602942972781
5.83573786893447	-0.0637236871131004
5.84257128564282	-0.0631189145717559
5.84940470235118	-0.0625464614036296
5.85623811905953	-0.0620068004498852
5.86307153576788	-0.061500392479214
5.86990495247624	-0.0610276859599629
5.87673836918459	-0.0605891168686115
5.88357178589295	-0.060185108506772
5.8904052026013	-0.0598160712896111
5.89723861930966	-0.0594824025721264
5.90407203601801	-0.0591844864571209
5.91090545272636	-0.058922693620978
5.91773886943472	-0.0586973811431955
5.92457228614307	-0.0585088923223828
5.93140570285143	-0.0583575565080525
5.93823911955978	-0.0582436889569767
5.94507253626813	-0.058167590658461
5.95190595297649	-0.0581295481874427
5.95873936968484	-0.0581298335543305
5.9655727863932	-0.0581687040601094
5.97240620310155	-0.0582464021506923
5.97923961980991	-0.0583631552998507
5.98607303651826	-0.058519175860057
5.99290645322661	-0.058714660950178
5.99973986993497	-0.0589497923183502
6.00657328664332	-0.059224736260006
6.01340670335168	-0.0595396434729782
6.02024012006003	-0.0598946489715147
6.02707353676838	-0.0602898719782337
6.03390695347674	-0.0607254158456594
6.04074037018509	-0.0612013679494302
6.04757378689345	-0.0617177996105866
6.0544072036018	-0.0622747660208671
6.06124062031016	-0.0628723061677533
6.06807403701851	-0.0635104427738048
6.07490745372686	-0.0641891822229571
6.08174087043522	-0.0649085145174045
6.08857428714357	-0.0656684132156806
6.09540770385193	-0.0664688354095955
6.10224112056028	-0.0673097216435152
6.10907453726863	-0.0681909959441933
6.11590795397699	-0.069112565735538
6.12274137068534	-0.0700743218468847
6.1295747873937	-0.0710761385017154
6.13640820410205	-0.0721178732855707
6.14324162081041	-0.073199367164601
6.15007503751876	-0.074320444483059
6.15690845422711	-0.0754809129648043
6.16374187093547	-0.0766805637343607
6.17057528764382	-0.0779191713495055
6.17740870435218	-0.0791964937927457
6.18424212106053	-0.0805122725585566
6.19107553776889	-0.0818662326293161
6.19790895447724	-0.0832580825841017
6.20474237118559	-0.0846875146072138
6.21157578789395	-0.0861542045543567
6.2184092046023	-0.0876578120368682
6.22524262131066	-0.0891979804653391
6.23207603801901	-0.0907743371393582
6.23890945472736	-0.0923864933367559
6.24574287143572	-0.0940340443903139
6.25257628814407	-0.0957165697810199
6.25940970485243	-0.0974336332573933
6.26624312156078	-0.0991847829267347
6.27307653826913	-0.100969551365928
6.27990995497749	-0.10278745577085
6.28674337168584	-0.104637998033076
6.2935767883942	-0.106520664911856
6.30041020510255	-0.108434928164463
6.30724362181091	-0.110380244680067
6.31407703851926	-0.112356056637156
6.32091045522761	-0.114361791662979
6.32774387193597	-0.116396862982448
6.33457728864432	-0.118460669607658
6.34141070535268	-0.120552596491306
6.34824412206103	-0.122672014720719
6.35507753876939	-0.124818281703863
6.36191095547774	-0.126990741352344
6.36874437218609	-0.129188724288974
6.37557778889445	-0.131411548048318
6.3824112056028	-0.13365851727624
6.38924462231116	-0.135928923964544
6.39607803901951	-0.138222047658538
6.40291145572786	-0.140537155690679
6.40974487243622	-0.142873503396654
6.41657828914457	-0.145230334372088
6.42341170585293	-0.147606880713701
6.43024512256128	-0.150002363248432
6.43707853926963	-0.1524159918112
6.44391195597799	-0.154846965489069
6.45074537268634	-0.157294472886472
6.4575787893947	-0.15975769240548
6.46441220610305	-0.16223579249197
6.47124562281141	-0.164727931954497
6.47807903951976	-0.167233260213479
6.48491245622811	-0.169750917605018
6.49174587293647	-0.172280035682233
6.49857928964482	-0.174819737485991
6.50541270635318	-0.177369137886345
6.51224612306153	-0.17992734384926
6.51907953976989	-0.182493454777544
6.52591295647824	-0.18506656280766
6.53274637318659	-0.187645753142635
6.53957978989495	-0.190230104373436
6.5464132066033	-0.192818688797342
6.55324662331166	-0.195410572756366
6.56008004002001	-0.198004816978189
6.56691345672836	-0.200600476904803
6.57374687343672	-0.203196603036708
6.58058029014507	-0.205792241294892
6.58741370685343	-0.208386433344724
6.59424712356178	-0.210978216970219
6.60108054027013	-0.213566626416229
6.60791395697849	-0.216150692750176
6.61474737368684	-0.218729444235324
6.6215807903952	-0.221301906691262
6.62841420710355	-0.223867103833584
6.63524762381191	-0.226424057684006
6.64208104052026	-0.228971788917568
6.64891445722861	-0.231509317258462
6.65574787393697	-0.23403566181595
6.66258129064532	-0.236549841515794
6.66941470735368	-0.239050875442187
6.67624812406203	-0.241537783227572
6.68308154077039	-0.244009585453232
6.68991495747874	-0.246465304023562
6.69674837418709	-0.24890396253132
6.70358179089545	-0.251324586696074
6.7104152076038	-0.253726204700617
6.71724862431216	-0.256107847614878
6.72408204102051	-0.258468549777966
6.73091545772886	-0.260807349168428
6.73774887443722	-0.263123287851975
6.74458229114557	-0.265415412304363
6.75141570785393	-0.267682773850842
6.75824912456228	-0.269924429042935
6.76508254127064	-0.272139440054021
6.77191595797899	-0.274326875073033
6.77874937468734	-0.276485808688633
6.7855827913957	-0.278615322290056
6.79241620810405	-0.280714504459432
6.79924962481241	-0.282782451349443
6.80608304152076	-0.284818267083918
6.81291645822911	-0.286821064142503
6.81974987493747	-0.288789963740207
6.82658329164582	-0.290724096228864
6.83341670835418	-0.292622601468405
6.84025012506253	-0.294484629204132
6.84708354177089	-0.296309339466688
6.85391695847924	-0.298095902930602
6.8607503751876	-0.299843501294069
6.86758379189595	-0.301551327667204
6.8744172086043	-0.303218586920023
6.88125062531266	-0.304844496066583
6.88808404202101	-0.306428284637311
6.89491745872936	-0.307969195008033
6.90175087543772	-0.309466482799749
6.90858429214607	-0.310919417213517
6.91541770885443	-0.312327281386204
6.92225112556278	-0.31368937273932
6.92908454227114	-0.315005003321634
6.93591795897949	-0.316273500163615
6.94275137568784	-0.317494205595332
6.9495847923962	-0.318666477603549
6.95641820910455	-0.319789690134089
6.96325162581291	-0.32086323343555
6.97008504252126	-0.321886514374416
6.97691845922962	-0.322858956744214
6.98375187593797	-0.323780001588084
6.99058529264632	-0.32464910748418
6.99741870935468	-0.325465750873571
7.00425212606303	-0.326229426323704
7.01108554277139	-0.326939646831614
7.01791895947974	-0.327595944122983
7.02475237618809	-0.328197868893809
7.03158579289645	-0.328744991119116
7.0384192096048	-0.329236900290482
7.04525262631316	-0.329673205689537
7.05208604302151	-0.330053536641901
7.05891945972987	-0.330377542749576
7.06575287643822	-0.330644894138367
7.07258629314657	-0.330855281710071
7.07941970985493	-0.331008417335256
7.08625312656328	-0.331104034087397
7.09308654327164	-0.331141886465237
7.09991995997999	-0.331121750579795
7.10675337668834	-0.3310434243677
7.1135867933967	-0.33090672776291
7.12042021010505	-0.330711502892496
7.12725362681341	-0.330457614256131
7.13408704352176	-0.330144948870238
7.14092046023012	-0.32977341645249
7.14775387693847	-0.329342949556177
7.15458729364682	-0.328853503723378
7.16142071035518	-0.328305057597763
7.16825412706353	-0.327697613085038
7.17508754377189	-0.327031195445193
7.18192096048024	-0.326305853401801
7.18875437718859	-0.325521659255827
7.19558779389695	-0.324678708966354
7.2024212106053	-0.323777122247341
7.20925462731366	-0.322817042611247
7.21608804402201	-0.321798637466293
7.22292146073037	-0.320722098166101
7.22975487743872	-0.319587640037766
7.23658829414707	-0.31839550243601
7.24342171085543	-0.317145948774762
7.25025512756378	-0.315839266528668
7.25708854427214	-0.314475767259157
7.26392196098049	-0.313055786600906
7.27075537768884	-0.311579684265855
7.2775887943972	-0.310047844021138
7.28442221110555	-0.308460673648982
7.29125562781391	-0.306818604924642
7.29808904452226	-0.305122093547715
7.30492246123062	-0.303371619114564
7.31175587793897	-0.301567685026568
7.31858929464732	-0.299710818419429
7.32542271135568	-0.297801570065403
7.33225612806403	-0.295840514310632
7.33908954477239	-0.29382824892774
7.34592296148074	-0.291765395019068
7.35275637818909	-0.28965259690487
7.35958979489745	-0.287490521938807
7.3664232116058	-0.285279860426227
7.37325662831416	-0.283021325405563
7.38009004502251	-0.280715652528012
7.38692346173087	-0.278363599861992
7.39375687843922	-0.275965947698618
7.40059029514757	-0.27352349838023
7.40742371185593	-0.271037076065753
7.41425712856428	-0.268507526542181
7.42109054527264	-0.265935716988937
7.42792396198099	-0.26332253572618
7.43475737868935	-0.260668891997217
7.4415907953977	-0.257975715688734
7.44842421210605	-0.25524395709014
7.45525762881441	-0.252474586607789
7.46209104552276	-0.249668594462148
7.46892446223112	-0.246826990442131
7.47575787893947	-0.24395080354712
7.48259129564782	-0.241041081728254
7.48942471235618	-0.238098891521435
7.49625812906453	-0.235125317745495
7.50309154577289	-0.232121463145227
7.50992496248124	-0.229088448058473
7.51675837918959	-0.226027410048121
7.52359179589795	-0.222939503532091
7.5304252126063	-0.219825899422353
7.53725862931466	-0.216687784728842
7.54409204602301	-0.213526362160371
7.55092546273137	-0.210342849738573
7.55775887943972	-0.207138480376755
7.56459229614807	-0.20391450147178
7.57142571285643	-0.200672174464868
7.57825912956478	-0.197412774411423
7.58509254627314	-0.194137589541833
7.59192596298149	-0.190847920813242
7.59875937968985	-0.187545081443282
7.6055927963982	-0.184230396441791
7.61242621310655	-0.180905202166601
7.61925962981491	-0.177570845782057
7.62609304652326	-0.174228684842884
7.63292646323162	-0.17088008674769
7.63975987993997	-0.167526428271695
7.64659329664832	-0.16416909501923
7.65342671335668	-0.160809480964487
7.66026013006503	-0.157448987851881
7.66709354677339	-0.154089024762864
7.67392696348174	-0.150731007515286
7.68076038019009	-0.147376358130943
7.68759379689845	-0.144026504323175
7.6944272136068	-0.140682878921293
7.70126063031516	-0.137346919316068
7.70809404702351	-0.134020066907219
7.71492746373187	-0.13070376653386
7.72176088044022	-0.127399465910958
7.72859429714857	-0.124108615036716
7.73542771385693	-0.120832665630038
7.74226113056528	-0.117573070549941
7.74909454727364	-0.114331283188899
7.75592796398199	-0.111108756908299
7.76276138069035	-0.107906944409731
7.7695947973987	-0.104727297182468
7.77642821410705	-0.10157126486373
7.78326163081541	-0.098440294648061
7.79009504752376	-0.0953358306917107
7.79692846423212	-0.0922593134949416
7.80376188094047	-0.0892121792883553
7.81059529764883	-0.0861958594272384
7.81742871435718	-0.0832117797758802
7.82426213106553	-0.0802613600959028
7.83109554777389	-0.0773460134235601
7.83792896448224	-0.0744671454480397
7.84476238119059	-0.0716261539098201
7.85159579789895	-0.0688244279699475
7.8584292146073	-0.0660633475923495
7.86526263131566	-0.0633442829181255
7.87209604802401	-0.0606685936739314
7.87892946473237	-0.0580376285252129
7.88576288144072	-0.0554527244725569
7.89259629814908	-0.0529152062179606
7.89942971485743	-0.0504263855932706
7.90626313156578	-0.0479875608953671
7.91309654827414	-0.0456000163156054
7.91992996498249	-0.0432650213020747
7.92676338169085	-0.0409838299679815
7.9335967983992	-0.0387576804839907
7.94043021510755	-0.0365877944866092
7.94726363181591	-0.0344753764504719
7.95409704852426	-0.0324216131318218
7.96093046523262	-0.0304276729578415
7.96776388194097	-0.0284947054290219
7.97459729864932	-0.0266238405596332
7.98143071535768	-0.0248161882981427
7.98826413206603	-0.0230728379115325
7.99509754877439	-0.0213948574799198
8.00193096548274	-0.0197832932979217
8.0087643821911	-0.0182391693061023
8.01559779889945	-0.0167634865655378
8.0224312156078	-0.0153572227012967
8.02926463231616	-0.014021331357952
8.03609804902451	-0.0127567416701362
8.04293146573287	-0.0115643577451273
8.04976488244122	-0.0104450581133484
8.05659829914958	-0.00939969527412727
8.06343171585793	-0.0084290951241348
8.07026513256628	-0.00753405650214206
8.07709854927464	-0.00671535070369466
8.08393196598299	-0.00597372097573245
8.09076538269135	-0.00530988205934071
8.0975987993997	-0.00472451973952052
8.10443221610806	-0.00421829037189604
8.11126563281641	-0.00379182044752601
8.11809904952476	-0.00344570616272886
8.12493246623312	-0.00318051298539818
8.13176588294147	-0.0029967752483922
8.13859929964982	-0.00289499574141925
8.14543271635818	-0.00287564533250382
8.15226613306653	-0.00293916256137608
8.15909954977489	-0.00308595327748318
8.16593296648324	-0.00331639029655134
8.1727663831916	-0.00363081303358339
8.17959979989995	-0.00402952716694144
8.1864332166083	-0.00451280430593893
8.19326663331666	-0.0050808817286245
8.20010005002501	-0.00573396200425087
8.20693346673337	-0.00647221275662856
8.21376688344172	-0.00729576639338638
8.22060030015007	-0.00820471979010883
8.22743371685843	-0.00919913411385405
8.23426713356678	-0.0102790345413842
8.24110055027514	-0.0114444100390646
8.24793396698349	-0.0126952131773566
8.25476738369185	-0.0140313599117197
8.2616008004002	-0.0154527294221728
8.26843421710856	-0.0169591639348074
8.27526763381691	-0.0185504685788968
8.28210105052526	-0.0202264112404965
8.28893446723362	-0.0219867224446221
8.29576788394197	-0.0238310952609924
8.30260130065033	-0.0257591851716676
8.30943471735868	-0.0277706100524985
8.31626813406703	-0.0298649500688417
8.32310155077539	-0.0320417476239191
8.32993496748374	-0.0343005073728554
8.3367683841921	-0.0366406961595061
8.34360180090045	-0.0390617430505508
8.3504352176088	-0.0415630393224568
8.35726863431716	-0.0441439385191374
8.36410205102551	-0.0468037564915596
8.37093546773387	-0.0495417714659306
8.37776888444222	-0.0523572241123853
8.38460230115058	-0.0552493176597996
8.39143571785893	-0.0582172179890456
8.39826913456728	-0.0612600537803937
8.40510255127564	-0.0643769166734499
8.41193596798399	-0.0675668613909937
8.41876938469235	-0.0708289059430352
8.4256028014007	-0.074162031819843
8.43243621810906	-0.0775651842275871
8.43926963481741	-0.0810372722693335
8.44610305152576	-0.0845771692403509
8.45293646823412	-0.0881837128632524
8.45976988494247	-0.0918557055802946
8.46660330165083	-0.095591914848182
8.47343671835918	-0.0993910734539301
8.48027013506753	-0.10325187982772
8.48710355177589	-0.10717299843948
8.49393696848424	-0.111153060099711
8.5007703851926	-0.115190662380632
8.50760380190095	-0.119284370006249
8.51443721860931	-0.123432715263475
8.52127063531766	-0.127634198436319
8.52810405202601	-0.131887288248593
8.53493746873437	-0.136190422319657
8.54177088544272	-0.140542007662779
8.54860430215108	-0.144940421167958
8.55543771885943	-0.149384010122341
8.56227113556779	-0.153871092734153
8.56910455227614	-0.158399958667663
8.57593796898449	-0.162968869608225
8.58277138569285	-0.167576059860409
8.5896048024012	-0.172219736900012
8.59643821910956	-0.176898082000268
8.60327163581791	-0.181609250865575
8.61010505252626	-0.186351374239162
8.61693846923462	-0.191122558566894
8.62377188594297	-0.195920886686158
8.63060530265133	-0.200744418462601
8.63743871935968	-0.205591191524638
8.64427213606803	-0.210459221948819
8.65110555277639	-0.215346504985817
8.65793896948474	-0.220251015802452
8.6647723861931	-0.225170710244273
8.67160580290145	-0.23010352557107
8.67843921960981	-0.235047381250537
8.68527263631816	-0.24000017974643
8.69210605302651	-0.24495980732326
8.69893946973487	-0.249924134843974
8.70577288644322	-0.254891018626795
8.71260630315158	-0.259858301244907
8.71943971985993	-0.264823812413374
8.72627313656828	-0.269785369830943
8.73310655327664	-0.27474078003989
8.73993996998499	-0.279687839335002
8.74677338669335	-0.284624334643485
8.7536068034017	-0.28954804444196
8.76044022011006	-0.294456739613815
8.76727363681841	-0.299348184456947
8.77410705352676	-0.304220137545625
8.78094047023512	-0.309070352705143
8.78777388694347	-0.313896579956409
8.79460730365183	-0.31869656644698
8.80144072036018	-0.323468057446287
8.80827413706854	-0.328208797301739
8.81510755377689	-0.332916530426427
8.82194097048524	-0.337589002266762
8.8287743871936	-0.342223960297699
8.83560780390195	-0.346819155047528
8.84244122061031	-0.351372341047976
8.84927463731866	-0.355881277891089
8.85610805402701	-0.360343731217433
8.86294147073537	-0.364757473718833
8.86977488744372	-0.369120286197263
8.87660830415208	-0.373429958548535
8.88344172086043	-0.377684290805146
8.89027513756879	-0.381881094172106
8.89710855427714	-0.386018192032687
8.90394197098549	-0.390093421016339
8.91077538769385	-0.394104631994409
8.9176088044022	-0.39804969114605
8.92444222111055	-0.401926480964977
8.93127563781891	-0.405732901319355
8.93810905452726	-0.409466870462563
8.94494247123562	-0.413126326090079
8.95177588794397	-0.416709226349241
8.95860930465233	-0.420213550869054
8.96544272136068	-0.423637301815077
8.97227613806903	-0.426978504861073
8.97910955477739	-0.430235210268961
8.98594297148574	-0.433405493855452
8.9927763881941	-0.436487458046934
8.99960980490245	-0.439479232836085
9.00644322161081	-0.442378976837753
9.01327663831916	-0.445184878250587
9.02011005502751	-0.447895155844729
9.02694347173587	-0.450508059970575
9.03377688844422	-0.453021873507362
9.04061030515258	-0.455434912855881
9.04744372186093	-0.457745528869017
9.05427713856928	-0.45995210784045
9.06111055527764	-0.462053072398096
9.06794397198599	-0.464046882476763
9.07477738869435	-0.465932036216603
9.0816108054027	-0.467707070893658
9.08844422211106	-0.469370563805271
9.09527763881941	-0.470921133149497
9.10211105552776	-0.472357438921542
9.10894447223612	-0.47367818375908
9.11577788894447	-0.474882113811621
9.12261130565283	-0.475968019553736
9.12944472236118	-0.47693473661833
9.13627813906954	-0.477781146620896
9.14311155577789	-0.478506177898533
9.14994497248624	-0.479108806360263
9.1567783891946	-0.479588056182942
9.16361180590295	-0.479943000611436
9.17044522261131	-0.480172762614415
9.17727863931966	-0.480276515676518
9.18411205602801	-0.480253484426069
9.19094547273637	-0.480102945338992
9.19777888944472	-0.479824227376563
9.20461230615308	-0.479416712643198
9.21144572286143	-0.478879836988101
9.21827913956979	-0.47821309058685
9.22511255627814	-0.477416018555075
9.23194597298649	-0.476488221431776
9.23877938969485	-0.475429355811053
9.2456128064032	-0.474239134765252
9.25244622311155	-0.472917328372418
9.25927963981991	-0.471463764187571
9.26611305652826	-0.469878327641804
9.27294647323662	-0.468160962547658
9.27977988994497	-0.466311671375883
9.28661330665333	-0.464330515728724
9.29344672336168	-0.46221761664877
9.30028014007004	-0.459973154909747
9.30711355677839	-0.457597371379508
9.31394697348674	-0.455090567214564
9.3207803901951	-0.452453104166926
9.32761380690345	-0.44968540477863
9.33444722361181	-0.446787952554214
9.34128064032016	-0.443761292171289
9.34811405702852	-0.440606029560761
9.35494747373687	-0.437322832073282
9.36178089044522	-0.433912428519366
9.36861430715358	-0.430375609235561
9.37544772386193	-0.426713226142615
9.38228114057029	-0.422926192673275
9.38911455727864	-0.419015483822427
9.39594797398699	-0.41498213601072
9.40278139069535	-0.41082724705248
9.4096148074037	-0.406551976007306
9.41644822411206	-0.402157543049711
9.42328164082041	-0.397645229260557
9.43011505752876	-0.393016376460594
9.43694847423712	-0.388272386917667
9.44378189094547	-0.383414723140145
9.45061530765383	-0.378444907525969
9.45744872436218	-0.373364522075866
9.46428214107054	-0.368175208000273
9.47111555777889	-0.36287866532025
9.47794897448724	-0.357476652496468
9.4847823911956	-0.351970985921818
9.49161580790395	-0.346363539474196
9.49844922461231	-0.340656243983041
9.50528264132066	-0.33485108669588
9.51211605802902	-0.328950110694734
9.51894947473737	-0.322955414284447
9.52578289144572	-0.31686915034893
9.53261630815408	-0.310693525739486
9.53944972486243	-0.304430800476634
9.54628314157079	-0.298083287102339
9.55311655827914	-0.291653349879824
9.55994997498749	-0.28514340401946
9.56678339169585	-0.27855591482443
9.5736168084042	-0.271893396894552
9.58045022511256	-0.26515841317569
9.58728364182091	-0.258353574111429
9.59411705852927	-0.251481536648366
9.60095047523762	-0.244545003303554
9.60778389194597	-0.237546721123669
9.61461730865433	-0.230489480688281
9.62145072536268	-0.223376115030908
9.62828414207104	-0.216209498558068
9.63511755877939	-0.20899254593824
9.64195097548775	-0.201728210924649
9.6487843921961	-0.194419485210143
9.65561780890445	-0.187069397233929
9.66245122561281	-0.179681010924139
9.66928464232116	-0.172257424472489
9.67611805902952	-0.164801769010657
9.68295147573787	-0.157317207354857
9.68978489244622	-0.149806932626073
9.69661830915458	-0.14227416693446
9.70345172586293	-0.134722159947441
9.71028514257129	-0.12715418750993
9.71711855927964	-0.119573550222458
9.72395197598799	-0.111983571963126
9.73078539269635	-0.104387598389523
9.7376188094047	-0.0967889955108184
9.74445222611306	-0.0891911480713534
9.75128564282141	-0.0815974580946602
9.75811905952976	-0.0740113432169123
9.76495247623812	-0.0664362352249311
9.77178589294647	-0.0588755783294699
9.77861930965483	-0.0513328276290187
9.78545272636318	-0.0438114474031421
9.79228614307154	-0.0363149095040877
9.79911955977989	-0.0288466916421017
9.80595297648824	-0.0214102757128619
9.8127863931966	-0.0140091460767774
9.81961980990495	-0.00664678781823502
9.82645322661331	0.000673314965073643
9.83328664332166	0.00794768093298815
9.84012006003002	0.0151728332636884
9.84695347673837	0.0223453014325532
9.85378689344672	0.0294616230231061
9.86062031015508	0.0365183454878244
9.86745372686343	0.0435120279791402
9.87428714357179	0.0504392432004957
9.88112056028014	0.0572965791591307
9.88795397698849	0.0640806410933459
9.89478739369685	0.0707880532353178
9.9016208104052	0.07741546070828
9.90845422711356	0.0839595313454912
9.91528764382191	0.0904169575613457
9.92212106053027	0.0967844582405329
9.92895447723862	0.10305878053695
9.93578789394697	0.109236701770885
9.94262131065533	0.115315031310152
9.94945472736368	0.121290612383046
9.95628814407204	0.127160324001591
9.96312156078039	0.132921082720349
9.96995497748875	0.138569844639888
9.9767883941971	0.144103607097401
9.98362181090545	0.149519410614023
9.99045522761381	0.154814340685725
9.99728864432216	0.159985529658432
10.0041220610305	0.165030158476801
10.0109554777389	0.169945458565361
10.0177888944472	0.174728713579288
10.0246223111556	0.179377261249451
10.0314557278639	0.183888495103109
10.0382891445723	0.188259866248785
10.0451225612806	0.192488885127048
10.051955977989	0.196573123269318
10.0587893946973	0.200510214938344
10.0656228114057	0.204297858895034
10.0724562281141	0.207933820083049
10.0792896448224	0.211415931217147
10.0861230615308	0.214742094509896
10.0929564782391	0.217910283209879
10.0997898949475	0.220918543228128
10.1066233116558	0.223764994746527
10.1134567283642	0.226447833671774
10.1202901450725	0.22896533323977
10.1271235617809	0.231315845455545
10.1339569784892	0.233497802557264
10.1407903951976	0.235509718476207
10.147623811906	0.237350190204511
10.1544572286143	0.23901789918496
10.1612906453227	0.24051161265867
10.168124062031	0.241830184924528
10.1749574787394	0.242972558664809
10.1817908954477	0.243937766140447
10.1886243121561	0.244724930392309
10.1954577288644	0.245333266402372
10.2022911455728	0.245762082228818
10.2091245622811	0.246010780062927
10.2159579789895	0.246078857281945
10.2227913956979	0.245965907447818
10.2296248124062	0.245671621243746
10.2364582291146	0.245195787414755
10.2432916458229	0.244538293618015
10.2501250625313	0.243699127245093
10.2569584792396	0.242678376182019
10.263791895948	0.241476229559342
10.2706253126563	0.240092978440009
10.2774587293647	0.238529016421002
10.284292146073	0.236784840211923
10.2911255627814	0.234861050206556
10.2979589794897	0.232758350912034
10.3047923961981	0.230477551407096
10.3116258129065	0.228019565688029
10.3184592296148	0.225385413005588
10.3252926463232	0.222576218138744
10.3321260630315	0.21959321156415
10.3389594797399	0.216437729635625
10.3457928964482	0.213111214691453
10.3526263131566	0.20961521505538
10.3594597298649	0.205951385040633
10.3662931465733	0.202121484856656
10.3731265632816	0.198127380481769
10.37995997999	0.193971043471641
10.3867933966983	0.189654550648444
10.3936268134067	0.185180083860195
10.4004602301151	0.180549929519492
10.4072936468234	0.175766478230503
10.4141270635318	0.170832224206368
10.4209604802401	0.165749764761816
10.4277938969485	0.160521799640328
10.4346273136568	0.155151130358344
10.4414607303652	0.149640659386029
10.4482941470735	0.143993389373153
10.4551275637819	0.138212422227579
10.4619609804902	0.132300958171686
10.4687943971986	0.126262294728597
10.475627813907	0.120099825631201
10.4824612306153	0.113817039670007
10.4892946473237	0.107417519458771
10.496128064032	0.100904940197119
10.5029614807404	0.094283068290776
10.5097948974487	0.087555759947733
10.5166283141571	0.0807269596821615
10.5234617308654	0.0738006988143154
10.5302951475738	0.0667810938260405
10.5371285642821	0.0596723446841947
10.5439619809905	0.0524787331349899
10.5507953976989	0.045204620866975
10.5576288144072	0.0378544476619855
10.5644622311156	0.0304327294638689
10.5712956478239	0.022944056354958
10.5781290645323	0.0153930905465828
10.5849624812406	0.00778456421114972
10.591795897949	0.000123277322241964
10.5986293146573	-0.00758590458549821
10.6054627313657	-0.0153380527597698
10.612296148074	-0.0231281775589724
10.6191295647824	-0.0309512309008938
10.6259629814907	-0.0388021087515074
10.6327963981991	-0.0466756536649092
10.6396298149075	-0.0545666573904385
10.6464632316158	-0.0624698635314392
10.6532966483242	-0.0703799702752159
10.6601300650325	-0.0782916331756338
10.6669634817409	-0.0861994679166661
10.6737968984492	-0.0940980532860159
10.6806303151576	-0.101981934060998
10.6874637318659	-0.109845623976143
10.6942971485743	-0.117683608795089
10.7011305652826	-0.125490349402525
10.707963981991	-0.133260284881095
10.7147973986993	-0.140987835739714
10.7216308154077	-0.148667407138878
10.7284642321161	-0.156293392137031
10.7352976488244	-0.16386017499609
10.7421310655328	-0.17136213455717
10.7489644822411	-0.178793647648385
10.7557978989495	-0.186149092434001
10.7626313156578	-0.193422851989194
10.7694647323662	-0.200609317716385
10.7762981490745	-0.207702892942062
10.7831315657829	-0.214697996426363
10.7899649824912	-0.221589065999511
10.7967983991996	-0.228370562175182
10.803631815908	-0.23503697179897
10.8104652326163	-0.241582811714395
10.8172986493247	-0.248002632505131
10.824132066033	-0.254291022136949
10.8309654827414	-0.260442609744055
10.8377988994497	-0.266452069404409
10.8446323161581	-0.272314123843834
10.8514657328664	-0.278023548268485
10.8582991495748	-0.283575174114095
10.8651325662831	-0.288963892889462
10.8719659829915	-0.294184659936726
10.8787993996999	-0.299232498270855
10.8856328164082	-0.304102502358965
10.8924662331166	-0.30878984195479
10.8992996498249	-0.313289765889043
10.9061330665333	-0.317597605853741
10.9129664832416	-0.321708780215627
10.91979989995	-0.325618797788472
10.9266333166583	-0.32932326158532
10.9334667333667	-0.33281787258177
10.940300150075	-0.336098433419086
10.9471335667834	-0.339160852173497
10.9539669834917	-0.342001145958027
10.9608004002001	-0.344615444658705
10.9676338169085	-0.346999994529383
10.9744672336168	-0.349151161775519
10.9813006503252	-0.351065436168051
10.9881340670335	-0.352739434490815
10.9949674837419	-0.354169904141373
11.0018009004502	-0.355353726458104
11.0086343171586	-0.356287920200709
11.0154677338669	-0.356969644865267
11.0223011505753	-0.357396203988254
11.0291345672836	-0.357565048411466
11.035967983992	-0.357473779438635
11.0428014007004	-0.357120151999073
11.0496348174087	-0.356502077683964
11.0564682341171	-0.355617627773629
11.0633016508254	-0.354465036161519
11.0701350675338	-0.353042702208
11.0769684842421	-0.351349193540006
11.0838019009505	-0.349383248781495
11.0906353176588	-0.347143780110431
11.0974687343672	-0.34462987591203
11.1043021510755	-0.341840803179322
11.1111355677839	-0.338776009889632
11.1179689844922	-0.33543512729284
11.1248024012006	-0.331817972136449
11.131635817909	-0.327924548707168
11.1384692346173	-0.323755050848417
11.1453026513257	-0.319309863857512
11.152136068034	-0.314589566259508
11.1589694847424	-0.309594931480771
11.1658029014507	-0.304326929441324
11.1726363181591	-0.298786727970719
11.1794697348674	-0.292975694158721
11.1863031515758	-0.286895395597705
11.1931365682841	-0.280547601445555
11.1999699849925	-0.273934283403339
11.2068034017009	-0.26705761657365
11.2136368184092	-0.259919980182579
11.2204702351176	-0.252523958116177
11.2273036518259	-0.244872339429854
11.2341370685343	-0.236968118643175
11.2409704852426	-0.228814495906321
11.247803901951	-0.220414877002092
11.2546373186593	-0.211772873321841
11.2614707353677	-0.202892301536578
11.268304152076	-0.193777183189853
11.2751375687844	-0.184431744221462
11.2819709854927	-0.174860414182298
11.2888044022011	-0.165067825409098
11.2956378189095	-0.155058812013684
11.3024712356178	-0.144838408717776
11.3093046523262	-0.1344118494983
11.3161380690345	-0.123784566120373
11.3229714857429	-0.112962186478779
11.3298049024512	-0.101950532764962
11.3366383191596	-0.0907556195187002
11.3434717358679	-0.079383651461194
11.3503051525763	-0.0678410211566752
11.3571385692846	-0.0561343065968116
11.363971985993	-0.0442702684602213
11.3708054027014	-0.0322558473569474
11.3776388194097	-0.0200981608052005
11.3844722361181	-0.0078045000496695
11.3913056528264	0.00461767323448102
11.3981390695348	0.0171607305193819
11.4049724862431	0.0298168800503623
11.4118059029515	0.0425781707536228
11.4186393196598	0.055436496222121
11.4254727363682	0.0683835989942575
11.4323061530765	0.0814110748676578
11.4391395697849	0.0945103775077592
11.4459729864932	0.107672823162688
11.4528064032016	0.120889595571663
11.45963981991	0.134151751010783
11.4664732366183	0.147450223603522
11.4733066533267	0.160775830681375
11.480140070035	0.17411927841524
11.4869734867434	0.187471167569127
11.4938069034517	0.200821999382228
11.5006403201601	0.2141621817518
11.5074737368684	0.227482035390987
11.5143071535768	0.240771800313527
11.5211405702851	0.254021642407707
11.5279739869935	0.267221660138671
11.5348074037019	0.280361891513441
11.5416408204102	0.293432321069003
11.5484742371186	0.306422887114084
11.5553076538269	0.319323489028089
11.5621410705353	0.332123994871888
11.5689744872436	0.344814248905343
11.575807903952	0.35738407945079
11.5826413206603	0.369823306765537
11.5894747373687	0.382121751150011
11.596308154077	0.394269241072948
11.6031415707854	0.406255621516181
11.6099749874937	0.418070762391637
11.6168084042021	0.429704567087668
11.6236418209105	0.441146981143752
11.6304752376188	0.452388001012918
11.6373086543272	0.463417682927465
11.6441420710355	0.474226151877982
11.6509754877439	0.484803610677605
11.6578089044522	0.495140349150113
11.6646423211606	0.505226753289944
11.6714757378689	0.515053314672896
11.6783091545773	0.5246106397455
11.6851425712856	0.533889459383125
11.691975987994	0.542880638296669
11.6988094047024	0.551575184683917
11.7056428214107	0.55996425976634
11.7124762381191	0.568039187496104
11.7193096548274	0.575791464227237
11.7261430715358	0.583212768371248
11.7329764882441	0.59029497021983
11.7398099049525	0.597030141566638
11.7466433216608	0.603410565591159
11.7534767383692	0.609428746402468
11.7603101550775	0.615077418959786
11.7671435717859	0.620349558619342
11.7739769884942	0.625238390875158
11.7808104052026	0.629737401027522
11.787643821911	0.633840343655701
11.7944772386193	0.637541252241509
11.8013106553277	0.640834448613975
11.808144072036	0.643714552341053
11.8149774887444	0.646176489958709
11.8218109054527	0.648215504364951
11.8286443221611	0.649827163708853
11.8354777388694	0.651007370585172
11.8423111555778	0.651752370771958
11.8491445722861	0.65205876205215
11.8559779889945	0.651923502792506
11.8628114057029	0.651343920346551
11.8696448224112	0.650317719412408
11.8764782391196	0.648842990143444
11.8833116558279	0.646918215940057
11.8901450725363	0.644542281354258
11.8969784892446	0.641714479489387
11.903811905953	0.638434519342663
11.9106453226613	0.634702532859453
11.9174787393697	0.630519081798019
11.924312156078	0.625885164279407
11.9311455727864	0.62080222109668
11.9379789894947	0.615272141774466
11.9448124062031	0.609297270298609
11.9516458229115	0.602880410615184
11.9584792396198	0.596024831670267
11.9653126563282	0.588734272372482
11.9721460730365	0.581012945974976
11.9789794897449	0.57286554427388
11.9858129064532	0.564297241325463
11.9926463231616	0.555313696927642
11.9994797398699	0.545921059655271
12.0063131565783	0.536125969410106
12.0131465732866	0.52593555981133
12.019979989995	0.515357459835039
12.0268134067034	0.504399795346418
12.0336468234117	0.493071189990177
12.0404802401201	0.481380765695932
12.0473136568284	0.469338142720318
12.0541470735368	0.456953439211803
12.0609804902451	0.444237270326268
12.0678139069535	0.431200746684801
12.0746473236618	0.417855472578789
12.0814807403702	0.40421354348714
12.0883141570785	0.390287543078095
12.0951475737869	0.376090539683599
12.1019809904952	0.361636082276309
12.1088144072036	0.346938195846975
12.115647823912	0.332011376144071
12.1224812406203	0.316870583938126
12.1293146573287	0.301531238698459
12.136148074037	0.286009211555957
12.1429814907454	0.270320817784542
12.1498149074537	0.254482808544617
12.1566483241621	0.23851236218331
12.1634817408704	0.222427074650297
12.1703151575788	0.206244949546619
12.1771485742871	0.189984387277062
12.1839819909955	0.173664173743271
12.1908154077039	0.157303468244707
12.1976488244122	0.14092179083612
12.2044822411206	0.124539008796589
12.2113156578289	0.108175322759644
12.2181490745373	0.0918512517945202
12.2249824912456	0.0755876180823056
12.231815907954	0.0594055307457766
12.2386493246623	0.0433263690434983
12.2454827413707	0.0273717648720356
12.252316158079	0.0115635845522078
12.2591495747874	-0.0040760900524804
12.2659829914957	-0.0195249811594344
12.2728164082041	-0.0347606354125369
12.2796498249125	-0.0497604447651834
12.2864832416208	-0.0645016682377055
12.2933166583292	-0.0789614543566564
12.3001500750375	-0.0931168641135158
12.3069834917459	-0.106944894827864
12.3138169084542	-0.120422504517941
12.3206503251626	-0.133526637085435
12.3274837418709	-0.146234248033718
12.3343171585793	-0.158522331010341
12.3411505752876	-0.170367944824824
12.347983991996	-0.181748241256604
12.3548174087044	-0.192640493406471
12.3616508254127	-0.203022124737878
12.3684842421211	-0.212870738663754
12.3753176588294	-0.222164148801135
12.3821510755378	-0.230880409787323
12.3889844922461	-0.238997848521216
12.3958179089545	-0.246495096303087
12.4026513256628	-0.253351121122767
12.4094847423712	-0.259545260637718
12.4163181590795	-0.265057255744717
12.4231515757879	-0.269867284412264
12.4299849924962	-0.273955996170777
12.4368184092046	-0.27730454677326
12.443651825913	-0.279894633577935
12.4504852426213	-0.281708530983026
12.4573186593297	-0.282729126509301
12.464152076038	-0.282939956938779
12.4709854927464	-0.282325244836472
12.4778189094547	-0.280869935441144
12.4846523261631	-0.278559733517962
12.4914857428714	-0.27538114065636
12.4983191595798	-0.271321492503734
12.5051525762881	-0.26636899627589
12.5119859929965	-0.260512768171224
12.5188194097049	-0.253742870891204
12.5256528264132	-0.246050351166856
12.5324862431216	-0.237427277132843
12.5393196598299	-0.227866775635356
12.5461530765383	-0.217363069357514
12.5529864932466	-0.205911513736186
12.559819909955	-0.193508633596051
12.5666533266633	-0.180152159502877
12.5734867433717	-0.165841063553279
12.58032016008	-0.150575595078222
12.5871535767884	-0.134357315428034
12.5939869934967	-0.117189132434522
12.6008204102051	-0.0990753342233194
12.6076538269135	-0.0800216223183055
12.6144872436218	-0.060035143849566
12.6213206603302	-0.0391245230434
12.6281540770385	-0.0172998918840623
12.6349874937469	0.0054270804939613
12.6418209104552	0.029043159199825
12.6486543271636	0.0535335163238649
12.6554877438719	0.0788817047179882
12.6623211605803	0.105069633368412
12.6691545772886	0.132077543819272
12.675987993997	0.159883988443276
12.6828214107054	0.188465810100147
12.6896548274137	0.217798123359337
12.6964882441221	0.247854297820479
12.7033216608304	0.278605943130458
12.7101550775388	0.310022895803417
12.7169884942471	0.342073208513517
12.7238219109555	0.374723141174569
12.7306553276638	0.407937154616766
12.7374887443722	0.44167790649551
12.7443221610805	0.475906249779281
12.7511555777889	0.510581233814546
12.7579889944972	0.545660108280559
12.7648224112056	0.5810983298295
12.771655827914	0.616849571873199
12.7784892446223	0.652865737466327
12.7853226613307	0.689096975278015
12.792156078039	0.725491699271602
12.7989894947474	0.761996611536998
12.8058229114557	0.798556729039736
12.8126563281641	0.835115414015988
12.8194897448724	0.871614408322383
12.8263231615808	0.907993871977266
12.8331565782891	0.944192425558495
12.8399899949975	0.980147197604905
12.8468234117059	1.01579387580812
12.8536568284142	1.0510667633424
12.8604902451226	1.08589883993945
12.8673236618309	1.12022182773625
12.8741570785393	1.15396626255777
12.8809904952476	1.18706157026946
12.887823911956	1.21943614865291
12.8946573286643	1.2510174549489
12.9014907453727	1.28173209919638
12.908324162081	1.31150594348751
12.9151575787894	1.34026420737556
12.9219909954977	1.36793157963215
12.9288244122061	1.39443233638988
12.9356578289145	1.41969046604755
12.9424912456228	1.44362980103393
12.9493246623312	1.46617415651867
12.9561580790395	1.48724747629071
12.9629914957479	1.50677398611711
12.9698249124562	1.52467835462246
12.9766583291646	1.54088586208187
12.9834917458729	1.55532257683882
12.9903251625813	1.56791554009783
12.9971585792896	1.57859295902789
13.003991995998	1.58728440828081
13.0108254127064	1.59392104037385
13.0176588294147	1.59843580464371
13.0244922461231	1.60076367577865
13.0313256628314	1.60084189118687
13.0381590795398	1.598610197983
13.0449924962481	1.59401110984162
13.0518259129565	1.58699017339289
13.0586593296648	1.57749624485001
13.0654927463732	1.56548177682458
13.0723261630815	1.5509031156627
13.0791595797899	1.53372080918544
13.0859929964983	1.51389992559583
13.0928264132066	1.49141038299885
13.099659829915	1.46622729031654
13.1064932466233	1.43833129977869
13.1133266633317	1.40770897029127
13.12016008004	1.37435314336717
13.1269934967484	1.33826333054434
13.1338269134567	1.29944611270832
13.1406603301651	1.25791555216179
13.1474937468734	1.21369361678292
13.1543271635818	1.16681061678632
13.1611605802901	1.11730565448738
13.1679939969985	1.06522708676536
13.1748274137069	1.01063300061017
13.1816608304152	0.953591702009646
13.1884942471236	0.894182218257409
13.1953276638319	0.832494813336482
13.2021610805403	0.768631517654094
13.2089944972486	0.702706670779986
13.215827913957	0.634847478768564
13.2226613306653	0.565194584933784
13.2294947473737	0.493902654999303
13.236328164082	0.421140976495536
13.2431615807904	0.347094072251216
13.2499949974987	0.271962328388556
13.2568284142071	0.195962636846094
13.2636618309155	0.119329052204604
13.2704952476238	0.0423134632412296
13.2773286643322	-0.0348137209325531
13.2841620810405	-0.111762870245401
13.2909954977489	-0.188224418071687
13.2978289144572	-0.263868131350067
13.3046623311656	-0.338342365701068
13.3114957478739	-0.411273306337886
13.3183291645823	-0.482264193695437
13.3251625812906	-0.550894535333927
13.331995997999	-0.61671930272112
13.3388294147074	-0.679268113775719
13.3456628314157	-0.73804440134834
13.3524962481241	-0.792524567134698
13.3593296648324	-0.842157121750996
13.3661630815408	-0.886361810819113
13.3729964982491	-0.92452872736641
13.3798299149575	-0.956017410540151
13.3866633316658	-0.980155931262272
13.3934967483742	-0.996239964367219
13.4003301650825	-1.00353184832188
13.4071635817909	-1.00125963206231
13.4139969984993	-0.988616109845778
13.4208304152076	-0.964757843893381
13.427663831916	-0.928804175786025
13.4344972486243	-0.879836226429138
13.4413306653327	-0.816895885332214
13.448164082041	-0.73898478978877
13.4549974987494	-0.645063293876504
13.4618309154577	-0.534049428448846
13.4686643321661	-0.404817852077794
13.4754977488744	-0.256198794111218
13.4823311655828	-0.0869769898285795
13.4891645822911	0.104109391181864
13.4959979989995	0.318369822758542
13.5028314157079	0.557162505806189
13.5096648324162	0.82189545625926
13.5164982491246	1.11402759727291
13.5233316658329	1.43506985447028
13.5301650825413	1.78658625318733
13.5369984992496	2.17019501737005
13.543831915958	2.58756966810278
13.5506653326663	3.04044012215252
13.5574987493747	3.53059378782592
13.564332166083	4.05987665840361
13.5711655827914	4.63019440123477
13.5779989994997	5.24351344098362
13.5848324162081	5.90186203665898
13.5916658329165	6.60733134995614
13.5984992496248	7.36207650480665
13.6053326663332	8.1683176342054
13.6121660830415	9.02834091719479
13.6189994997499	9.94449959804032
13.6258329164582	10.9192149925871
13.6326663331666	11.9549774752836
13.6394997498749	13.0543474466238
13.6463331665833	14.2199562800216
13.6531665832916	15.4545072438487
13.66	16.7607763998804
13.67	0
14.0369696969697	0
14.4039393939394	0
14.7709090909091	0
15.1378787878788	0
15.5048484848485	0
15.8718181818182	0
16.2387878787879	0
16.6057575757576	0
16.9727272727273	0
17.339696969697	0
17.7066666666667	0
18.0736363636364	0
18.4406060606061	0
18.8075757575758	0
19.1745454545455	0
19.5415151515151	0
19.9084848484849	0
20.2754545454545	0
20.6424242424242	0
21.0093939393939	0
21.3763636363636	0
21.7433333333333	0
22.110303030303	0
22.4772727272727	0
22.8442424242424	0
23.2112121212121	0
23.5781818181818	0
23.9451515151515	0
24.3121212121212	0
24.6790909090909	0
25.0460606060606	0
25.4130303030303	0
25.78	0
26.1469696969697	0
26.5139393939394	0
26.8809090909091	0
27.2478787878788	0
27.6148484848485	0
27.9818181818182	0
28.3487878787879	0
28.7157575757576	0
29.0827272727273	0
29.449696969697	0
29.8166666666667	0
30.1836363636364	0
30.5506060606061	0
30.9175757575758	0
31.2845454545455	0
31.6515151515151	0
32.0184848484849	0
32.3854545454545	0
32.7524242424242	0
33.1193939393939	0
33.4863636363636	0
33.8533333333333	0
34.220303030303	0
34.5872727272727	0
34.9542424242424	0
35.3212121212121	0
35.6881818181818	0
36.0551515151515	0
36.4221212121212	0
36.7890909090909	0
37.1560606060606	0
37.5230303030303	0
37.89	0
38.2569696969697	0
38.6239393939394	0
38.9909090909091	0
39.3578787878788	0
39.7248484848485	0
40.0918181818182	0
40.4587878787879	0
40.8257575757576	0
41.1927272727273	0
41.559696969697	0
41.9266666666667	0
42.2936363636364	0
42.6606060606061	0
43.0275757575758	0
43.3945454545455	0
43.7615151515151	0
44.1284848484848	0
44.4954545454545	0
44.8624242424242	0
45.2293939393939	0
45.5963636363636	0
45.9633333333333	0
46.330303030303	0
46.6972727272727	0
47.0642424242424	0
47.4312121212121	0
47.7981818181818	0
48.1651515151515	0
48.5321212121212	0
48.8990909090909	0
49.2660606060606	0
49.6330303030303	0
50	0
