time	Grainsize
0	0.846915061015436
0.00683341670835418	0.714558613540748
0.0136668334167084	0.59634418251786
0.0205002501250625	0.491135515738513
0.0273336668334167	0.397867514093492
0.0341670835417709	0.315542658585839
0.0410005002501251	0.243227584983843
0.0478339169584792	0.180049800985347
0.0546673336668334	0.12519454091741
0.0615007503751876	0.0779017531430865
0.0683341670835418	0.0374632154921607
0.075167583791896	0.0032197741730255
0.0820010005002501	-0.0254412982398553
0.0888344172086043	-0.0490888300148638
0.0956678339169585	-0.0682501668105097
0.102501250625313	-0.0834134815764612
0.109334667333667	-0.0950299817002132
0.116168084042021	-0.103516017171427
0.123001500750375	-0.109255093418923
0.129834917458729	-0.11259979236162
0.136668334167084	-0.11387360510394
0.143501750875438	-0.113372679598395
0.150335167583792	-0.111367486493225
0.157168584292146	-0.108104406280865
0.1640020010005	-0.103807240763736
0.170835417708854	-0.0986786517572614
0.177668834417209	-0.0929015298560271
0.184502251125563	-0.0866402959976568
0.191335667833917	-0.0800421384700163
0.198169084542271	-0.073238187921038
0.205002501250625	-0.0663446328463335
0.211835917958979	-0.0594637779481078
0.218669334667334	-0.0526850476795007
0.225502751375688	-0.0460859372112195
0.232336168084042	-0.0397329129824101
0.239169584792396	-0.0336822649247359
0.24600300150075	-0.0279809123778522
0.252836418209105	-0.0226671656456766
0.259669834917459	-0.01777144507597
0.266503251625813	-0.0133169594808682
0.273336668334167	-0.00932034565297329
0.280170085042521	-0.00579227067035896
0.287003501750875	-0.00273799862446992
0.29383691845923	-0.00015792334717359
0.300670335167584	0.00195193134276224
0.307503751875938	0.00359944240781985
0.314337168584292	0.00479594796130596
0.321170585292646	0.00555583587629434
0.328004002001	0.00589615932150678
0.334837418709355	0.00583627795982824
0.341670835417709	0.00539752359184363
0.348504252126063	0.00460288907202362
0.355337668834417	0.00347673936907664
0.362171085542771	0.00204454368451915
0.369004502251126	0.000332627584720259
0.37583791895948	-0.00163205585836127
0.382671335667834	-0.00382213688383546
0.389504752376188	-0.00621002274454547
0.396338169084542	-0.00876807518801719
0.403171585792896	-0.0114687725728344
0.410005002501251	-0.0142848574435281
0.416838419209605	-0.0171894703541084
0.423671835917959	-0.020156270698485
0.430505252626313	-0.0231595452751572
0.437338669334667	-0.0261743052836781
0.444172086043022	-0.0291763724215415
0.451005502751376	-0.032142454722183
0.45783891945973	-0.0350502127477839
0.464672336168084	-0.0378783167244666
0.471505752876438	-0.0406064951822127
0.478339169584792	-0.0432155756374644
0.485172586293147	-0.0456875178328096
0.492006003001501	-0.0480054400253731
0.498839419709855	-0.0501536387935972
0.505672836418209	-0.0521176028108332
0.512506253126563	-0.0538840210137296
0.519339669834918	-0.0554407855736087
0.526173086543272	-0.0567769900599701
0.533006503251626	-0.0578829231668721
0.53983991995998	-0.0587500583552031
0.546673336668334	-0.0593710397467623
0.553506753376688	-0.0597396645895989
0.560340170085043	-0.0598508625981731
0.567173586793397	-0.0597006724566334
0.574007003501751	-0.0592862157587531
0.580840420210105	-0.0586056686439256
0.587673836918459	-0.0576582313749544
0.594507253626813	-0.0564440960902646
0.601340670335168	-0.0549644129505409
0.608174087043522	-0.0532212548876546
0.615007503751876	-0.0512175811520961
0.62184092046023	-0.0489571998439116
0.628674337168584	-0.0464447296013857
0.635507753876939	-0.043685560611388
0.642341170585293	-0.0406858150953806
0.649174587293647	-0.0374523074155656
0.656008004002001	-0.0339925039365557
0.662841420710355	-0.0303144827691772
0.669674837418709	-0.0264268935146633
0.676508254127064	-0.0223389171194692
0.683341670835418	-0.0180602259432473
0.690175087543772	-0.0136009441352003
0.697008504252126	-0.00897160840698858
0.70384192096048	-0.00418312928364639
0.710675337668834	0.000753247092421769
0.717508754377189	0.00582597653545229
0.724342171085543	0.0110232537052542
0.731175587793897	0.0163330482535333
0.738009004502251	0.0217431401754286
0.744842421210605	0.0272411543190968
0.75167583791896	0.03281459401101
0.758509254627314	0.0384508737592308
0.765342671335668	0.0441373510012267
0.772176088044022	0.0498613568669728
0.779009504752376	0.0556102259319705
0.78584292146073	0.0613713249385337
0.792676338169085	0.0671320804672316
0.799509754877439	0.0728800055436704
0.806343171585793	0.0786027251689663
0.813176588294147	0.0842880007652336
0.820010005002501	0.0899237535301875
0.826843421710855	0.0954980866976243
0.83367683841921	0.100999306703017
0.840510255127564	0.106415943255763
0.847343671835918	0.111736768321877
0.854177088544272	0.116950814022876
0.861010505252626	0.122047389458581
0.867843921960981	0.127016096463345
0.874677338669335	0.131846844306812
0.881510755377689	0.136529863351939
0.888344172086043	0.141055717684382
0.895177588794397	0.145415316728682
0.902011005502751	0.149599925867927
0.908844422211106	0.153601176084639
0.91567783891946	0.1574110726417
0.922511255627814	0.161022002823029
0.929344672336168	0.164426742754582
0.936178089044522	0.167618463326997
0.943011505752877	0.170590735241894
0.949844922461231	0.173337533204442
0.956678339169585	0.175853239285329
0.963511755877939	0.178132645475742
0.970345172586293	0.180170955459367
0.977178589294647	0.181963785625734
0.984012006003002	0.183507165349532
0.990845422711356	0.184797536560718
0.99767883941971	0.18583175263042
1.00451225612806	0.186607076597757
1.01134567283642	0.187121178762739
1.01817908954477	0.187372133670468
1.02501250625313	0.18735841651181
1.03184592296148	0.187078898965666
1.03867933966984	0.186532844507855
1.04551275637819	0.185719903211503
1.05234617308654	0.184640106063649
1.0591795897949	0.183293858822587
1.06601300650325	0.181681935440229
1.07284642321161	0.179805471073512
1.07967983991996	0.177665954708598
1.08651325662831	0.175265221421306
1.09334667333667	0.172605444296869
1.10018009004502	0.169689126031783
1.10701350675338	0.166519090240133
1.11384692346173	0.163098472486379
1.12068034017009	0.159430711066215
1.12751375687844	0.155519537556664
1.13434717358679	0.151368967156163
1.14118059029515	0.146983288834923
1.1480140070035	0.142367055315432
1.15484742371186	0.137525072902469
1.16168084042021	0.132462391181537
1.16851425712856	0.127184292604163
1.17534767383692	0.121696281977984
1.18218109054527	0.116004075879094
1.18901450725363	0.110113592003603
1.19584792396198	0.104030938474847
1.20268134067034	0.0977624031222347
1.20951475737869	0.0913144427471607
1.21634817408704	0.0846936723909308
1.2231815907954	0.0779068546191557
1.23001500750375	0.0709608888365294
1.23684842421211	0.0638628006454364
1.24368184092046	0.0566197312613139
1.25051525762881	0.0492389269971866
1.25734867433717	0.0417277288293259
1.26418209104552	0.0340935620554515
1.27101550775388	0.026343926056425
1.27784892446223	0.0184863841719152
1.28468234117059	0.0105285536999768
1.29151575787894	0.00247809603008792
1.29834917458729	-0.00565729308134702
1.30518259129565	-0.0138698930844641
1.312016008004	-0.0221519680502414
1.31884942471236	-0.0304957759180054
1.32568284142071	-0.0388935775689147
1.33251625812906	-0.047337645718644
1.33934967483742	-0.0558202736229367
1.34618309154577	-0.0643337835900941
1.35301650825413	-0.072870535294894
1.35984992496248	-0.0814229338888532
1.36668334167084	-0.0899834379021143
1.37351675837919	-0.0985445669326651
1.38035017508754	-0.107098909118956
1.3871835917959	-0.115639128392353
1.39401700850425	-0.124157971506264
1.40085042521261	-0.132648274839074
1.40768384192096	-0.141102970968426
1.41451725862931	-0.149515095014708
1.42135067533767	-0.157877790751892
1.42818409204602	-0.166184316484283
1.43501750875438	-0.174428050687949
1.44185092546273	-0.182602497415973
1.44868434217109	-0.190701291466933
1.45551775887944	-0.198718203316311
1.46235117558779	-0.206647143810794
1.46918459229615	-0.214482168625717
1.4760180090045	-0.222217482486139
1.48285142571286	-0.229847443152291
1.48968484242121	-0.237366565170403
1.49651825912956	-0.244769523390092
1.50335167583792	-0.252051156249784
1.51018509254627	-0.259206468831811
1.51701850925463	-0.266230635689017
1.52385192596298	-0.273119003444979
1.53068534267134	-0.279867093170031
1.53751875937969	-0.286470602535552
1.54435217608804	-0.292925407749105
1.5511855927964	-0.299227565273165
1.55801900950475	-0.305373313330388
1.56485242621311	-0.311359073198451
1.57168584292146	-0.31718145029768
1.57851925962982	-0.322837235074809
1.58535267633817	-0.328323403686317
1.59218609304652	-0.333637118484923
1.59901950975488	-0.33877572831295
1.60585292646323	-0.343736768606315
1.61268634317159	-0.348517961313067
1.61951975987994	-0.353117214630439
1.62635317658829	-0.357532622564466
1.63318659329665	-0.361762464316331
1.640020010005	-0.365805203499626
1.64685342671336	-0.369659487192812
1.65368684342171	-0.373324144831207
1.66052026013007	-0.376798186942879
1.66735367683842	-0.380080803732876
1.67418709354677	-0.383171363520263
1.68102051025513	-0.386069411032457
1.68785392696348	-0.388774665561404
1.69468734367184	-0.391287018986155
1.70152076038019	-0.393606533666397
1.70835417708854	-0.395733440211549
1.7151875937969	-0.397668135130009
1.72202101050525	-0.399411178363154
1.72885442721361	-0.4009632907087
1.73568784392196	-0.402325351138012
1.74252126063032	-0.40349839401196
1.74935467733867	-0.404483606199889
1.75618809404702	-0.405282324106269
1.76302151075538	-0.405896030609561
1.76985492746373	-0.406326351917803
1.77668834417209	-0.40657505434542
1.78352176088044	-0.406644041015703
1.79035517758879	-0.406535348493363
1.79718859429715	-0.40625114335158
1.8040220110055	-0.405793718677841
1.81085542771386	-0.405165490522906
1.81768884442221	-0.404368994297128
1.82452226113057	-0.403406881118342
1.83135567783892	-0.402281914115466
1.83818909454727	-0.400996964691918
1.84502251125563	-0.399555008752888
1.85185592796398	-0.397959122900438
1.85868934467234	-0.396212480600373
1.86552276138069	-0.394318348324717
1.87235617808904	-0.392280081673608
1.8791895947974	-0.390101121480337
1.88602301150575	-0.387784989903188
1.89285642821411	-0.385335286507676
1.89968984492246	-0.382755684342708
1.90652326163082	-0.380049926014115
1.91335667833917	-0.37722181975893
1.92019009504752	-0.374275235523725
1.92702351175588	-0.371214101050229
1.93385692846423	-0.368042397971385
1.94069034517259	-0.36476415792092
1.94752376188094	-0.361383458659427
1.95435717858929	-0.357904420219886
1.96119059529765	-0.354331201075463
1.968024012006	-0.350667994332347
1.97485742871436	-0.34691902395032
1.98169084542271	-0.343088540993657
1.98852426213107	-0.339180819914881
1.99535767883942	-0.335200154873822
2.00219109554777	-0.33115085609434
2.00902451225613	-0.327037246261004
2.01585792896448	-0.32286365695792
2.02269134567284	-0.318634425151841
2.02952476238119	-0.314353889721597
2.03635817908954	-0.31002638803582
2.0431915957979	-0.305656252580828
2.05002501250625	-0.301247807640507
2.05685842921461	-0.296805366029875
2.06369184592296	-0.292333225884025
2.07052526263132	-0.287835667503975
2.07735867933967	-0.283316950260953
2.08419209604802	-0.278781309560514
2.09102551275638	-0.274232953867836
2.09785892946473	-0.26967606179547
2.10469234617309	-0.265114779254727
2.11152576288144	-0.260553216671823
2.11835917958979	-0.255995446269832
2.12519259629815	-0.251445499417413
2.1320260130065	-0.246907364045226
2.13885942971486	-0.242384982130855
2.14569284642321	-0.237882247253013
2.15252626313157	-0.233403002215724
2.15935967983992	-0.228951036743096
2.16619309654827	-0.224530085245266
2.17302651325663	-0.220143824656002
2.17985992996498	-0.215795872342398
2.18669334667334	-0.211489784087026
2.19352676338169	-0.207229052142867
2.20036018009005	-0.203017103361248
2.2071935967984	-0.198857297392993
2.21402701350675	-0.194752924962904
2.22086043021511	-0.190707206217644
2.22769384692346	-0.186723289147049
2.23452726363182	-0.182804248078819
2.24136068034017	-0.178953082246501
2.24819409704852	-0.175172714430624
2.25502751375688	-0.171465989672775
2.26186093046523	-0.167835674062396
2.26869434717359	-0.164284453595985
2.27552776388194	-0.160814933108372
2.2823611805903	-0.157429635275682
2.28919459729865	-0.154130999689556
2.296028014007	-0.150921382002145
2.30286143071536	-0.147803053141376
2.30969484742371	-0.14477819859592
2.31652826413207	-0.141848917769268
2.32336168084042	-0.13901722340228
2.33019509754877	-0.136285041063545
2.33702851425713	-0.133654208706819
2.34386193096548	-0.131126476294828
2.35069534767384	-0.128703505488632
2.35752876438219	-0.126386869401774
2.36436218109055	-0.12417805241834
2.3711955977989	-0.12207845007409
2.37802901450725	-0.120089368999756
2.38486243121561	-0.118212026925574
2.39169584792396	-0.116447552746116
2.39852926463232	-0.11479698664444
2.40536268134067	-0.113261280274561
2.41219609804902	-0.11184129700123
2.41902951475738	-0.110537812195972
2.42586293146573	-0.109351513588336
2.43269634817409	-0.108283001671261
2.43952976488244	-0.107332790159477
2.4463631815908	-0.106501306499823
2.45319659829915	-0.105788892432353
2.4600300150075	-0.105195804601082
2.46686343171586	-0.104722215213236
2.47369684842421	-0.104368212745807
2.48053026513257	-0.104133802698268
2.48736368184092	-0.104018908390233
2.49419709854927	-0.104023371802878
2.50103051525763	-0.104146954462913
2.50786393196598	-0.104389338367885
2.51469734867434	-0.104750126951611
2.52153076538269	-0.105228846088491
2.52836418209105	-0.105824945135497
2.5351975987994	-0.106537798010589
2.54203101550775	-0.107366704306325
2.54886443221611	-0.108310890437442
2.55569784892446	-0.109369510821151
2.56253126563282	-0.110541649088928
2.56936468234117	-0.111826319328546
2.57619809904952	-0.113222467355135
2.58303151575788	-0.114728972010017
2.58986493246623	-0.1163446464861
2.59669834917459	-0.118068239678603
2.60353176588294	-0.119898437559894
2.6103651825913	-0.121833864577218
2.61719859929965	-0.123873085072119
2.624032016008	-0.126014604720337
2.63086543271636	-0.128256871991011
2.63769884942471	-0.130598279623968
2.64453226613307	-0.133037166123955
2.65136568284142	-0.135571817270613
2.65819909954977	-0.13820046764306
2.66503251625813	-0.140921302157916
2.67186593296648	-0.143732457619645
2.67869934967484	-0.146632024282079
2.68553276638319	-0.149618047420011
2.69236618309155	-0.15268852890976
2.6991995997999	-0.155841428817608
2.70603301650825	-0.159074666995047
2.71286643321661	-0.162386124679759
2.71969984992496	-0.165773646101293
2.72653326663332	-0.169235040090388
2.73336668334167	-0.172768081690951
2.74020010005003	-0.17637051377365
2.74703351675838	-0.180040048650164
2.75386693346673	-0.183774369687102
2.76070035017509	-0.187571132918638
2.76753376688344	-0.191427968656917
2.7743671835918	-0.195342483099321
2.78120060030015	-0.199312259931674
2.7880340170085	-0.203334861926506
2.79486743371686	-0.2074078325355
2.80170085042521	-0.211528697475269
2.80853426713357	-0.215694966305629
2.81536768384192	-0.21990413399954
2.82220110055028	-0.224153682503931
2.82903451725863	-0.228441082290606
2.83586793396698	-0.23276379389649
2.84270135067534	-0.237119269452451
2.84953476738369	-0.241504954199978
2.85636818409205	-0.245918287995015
2.8632016008004	-0.250356706798247
2.87003501750875	-0.254817644151184
2.87686843421711	-0.259298532637377
2.88370185092546	-0.263796805328143
2.89053526763382	-0.268309897212185
2.89736868434217	-0.27283524660851
2.90420210105053	-0.277370296562072
2.91103551775888	-0.281912496221577
2.91786893446723	-0.286459302198929
2.92470235117559	-0.291008179909781
2.93153576788394	-0.295556604894701
2.9383691845923	-0.300102064120467
2.94520260130065	-0.30464205726104
2.952036018009	-0.309174097957761
2.95886943471736	-0.313695715058348
2.96570285142571	-0.318204453834296
2.97253626813407	-0.322697877176285
2.97936968484242	-0.327173566767233
2.98620310155078	-0.331629124232631
2.99303651825913	-0.336062172267844
2.99986993496748	-0.340470355742052
3.00670335167584	-0.344851342778541
3.01353676838419	-0.349202825811053
3.02037018509255	-0.353522522615947
3.0272036018009	-0.357808177319923
3.03403701850925	-0.362057561383078
3.04087043521761	-0.36626847455708
3.04770385192596	-0.370438745818279
3.05453726863432	-0.374566234275571
3.06137068534267	-0.378648830052853
3.06820410205103	-0.382684455145926
3.07503751875938	-0.386671064253724
3.08187093546773	-0.390606645583744
3.08870435217609	-0.3944892216316
3.09553776888444	-0.398316849934594
3.1023711855928	-0.402087623799261
3.10920460230115	-0.405799673002825
3.1160380190095	-0.409451164468535
3.12287143571786	-0.413040302914848
3.12970485242621	-0.416565331478467
3.13653826913457	-0.420024532311229
3.14337168584292	-0.423416227150867
3.15020510255128	-0.426738777865678
3.15703851925963	-0.429990586973143
3.16387193596798	-0.433170098132558
3.17070535267634	-0.436275796611755
3.17753876938469	-0.439306209727986
3.18437218609305	-0.442259907263078
3.1912056028014	-0.445135501852953
3.19803901950976	-0.447931649351659
3.20487243621811	-0.450647049170013
3.21170585292646	-0.453280444589018
3.21853926963482	-0.455830623048208
3.22537268634317	-0.458296416409074
3.23220610305153	-0.460676701193758
3.23903951975988	-0.462970398799186
3.24587293646823	-0.465176475686855
3.25270635317659	-0.467293943548451
3.25953976988494	-0.469321859447537
3.2663731865933	-0.471259325937516
3.27320660330165	-0.473105491156105
3.28004002001001	-0.474859548896568
3.28687343671836	-0.476520738655935
3.29370685342671	-0.478088345660489
3.30054027013507	-0.479561700868754
3.30737368684342	-0.480940180952289
3.31420710355178	-0.48222320825453
3.32104052026013	-0.48341025072799
3.32787393696848	-0.484500821850103
3.33470735367684	-0.485494480517992
3.34154077038519	-0.486390830922491
3.34837418709355	-0.487189522401711
3.3552076038019	-0.487890249274472
3.36204102051026	-0.48849275065392
3.36887443721861	-0.488996810241649
3.37570785392696	-0.489402256102671
3.38254127063532	-0.489708960421552
3.38937468734367	-0.489916839240068
3.39620810405203	-0.490025852176706
3.40304152076038	-0.490036002128381
3.40987493746873	-0.489947334954689
3.41670835417709	-0.489759939145084
3.42354177088544	-0.4894739454693
3.4303751875938	-0.489089526611409
3.43720860430215	-0.488606896787855
3.44404202101051	-0.488026311349841
3.45087543771886	-0.48734806637043
3.45770885442721	-0.486572498216738
3.46454227113557	-0.485699983107574
3.47137568784392	-0.484730936656914
3.47820910455228	-0.483665813403579
3.48504252126063	-0.482505106327485
3.49187593796898	-0.481249346352854
3.49870935467734	-0.479899101838753
3.50554277138569	-0.478454978057335
3.51237618809405	-0.476917616660176
3.5192096048024	-0.475287695133074
3.52604302151076	-0.473565926239679
3.53287643821911	-0.471753057454364
3.53970985492746	-0.469849870384675
3.54654327163582	-0.467857180183767
3.55337668834417	-0.465775834953189
3.56021010505253	-0.463606715136398
3.56704352176088	-0.461350732903376
3.57387693846923	-0.459008831526721
3.58071035517759	-0.456581984749588
3.58754377188594	-0.454071196145853
3.5943771885943	-0.451477498472864
3.60121060530265	-0.448801953017145
3.60804402201101	-0.446045648933432
3.61487743871936	-0.443209702577386
3.62171085542771	-0.440295256832363
3.62854427213607	-0.437303480430583
3.63537768884442	-0.434235567269073
3.64221110555278	-0.431092735720722
3.64904452226113	-0.42787622794081
3.65587793896948	-0.424587309169358
3.66271135567784	-0.421227267029646
3.66954477238619	-0.417797410823237
3.67637818909455	-0.414299070821852
3.6832116058029	-0.410733597556439
3.69004502251126	-0.407102361103753
3.69687843921961	-0.403406750370796
3.70371185592796	-0.399648172377432
3.71054527263632	-0.395828051537503
3.71737868934467	-0.391947828938772
3.72421210605303	-0.388008961622001
3.73104552276138	-0.384012921859476
3.73787893946974	-0.379961196433302
3.74471235617809	-0.375855285913748
3.75154577288644	-0.371696703937969
3.7583791895948	-0.367486976489384
3.76521260630315	-0.363227641177999
3.77204602301151	-0.358920246521993
3.77887943971986	-0.354566351230805
3.78571285642821	-0.350167523490046
3.79254627313657	-0.345725340248482
3.79937968984492	-0.341241386507372
3.80621310655328	-0.336717254612425
3.81304652326163	-0.332154543548638
3.81987993996999	-0.327554858238272
3.82671335667834	-0.32291980884222
3.83354677338669	-0.318251010065017
3.84038019009505	-0.313550080463735
3.8472136068034	-0.308818641760993
3.85404702351176	-0.304058318162343
3.86088044022011	-0.299270735678226
3.86771385692846	-0.294457521450757
3.87454727363682	-0.289620303085535
3.88138069034517	-0.284760707988705
3.88821410705353	-0.279880362709492
3.89504752376188	-0.274980892288388
3.90188094047024	-0.270063919611219
3.90871435717859	-0.265131064769279
3.91554777388694	-0.26018394442572
3.9223811905953	-0.255224171188393
3.92921460730365	-0.25025335298931
3.93604802401201	-0.245273092470927
3.94288144072036	-0.240284986379398
3.94971485742871	-0.235290624964981
3.95654827413707	-0.230291591389757
3.96338169084542	-0.225289461142822
3.97021510755378	-0.220285801463108
3.97704852426213	-0.215282170769971
3.98388194097049	-0.210280118101713
3.99071535767884	-0.205281182562154
3.99754877438719	-0.200286892775411
4.00438219109555	-0.195298766348995
4.0112156078039	-0.190318309345368
4.01804902451226	-0.185347015762082
4.02488244122061	-0.180386367020597
4.03171585792896	-0.175437831463923
4.03854927463732	-0.17050286386316
4.04538269134567	-0.165582904933069
4.05221610805403	-0.160679380856757
4.05904952476238	-0.155793702819572
4.06588294147074	-0.150927266552304
4.07271635817909	-0.146081451883777
4.07954977488744	-0.141257622302912
4.0863831915958	-0.136457124530336
4.09321660830415	-0.131681288099618
4.10005002501251	-0.126931424948197
4.10688344172086	-0.122208829018063
4.11371685842921	-0.117514775866259
4.12055027513757	-0.112850522285258
4.12738369184592	-0.108217305933269
4.13421710855428	-0.103616344974515
4.14105052526263	-0.0990488377295374
4.14788394197099	-0.0945159623355578
4.15471735867934	-0.090018876416945
4.16155077538769	-0.0855587167658109
4.16838419209605	-0.0811365990327693
4.1752176088044	-0.0767536174278814
4.18205102551276	-0.0724108444318148
4.18888444222111	-0.068109330517228
4.19571785892946	-0.0638501038803973
4.20255127563782	-0.0596341701831002
4.20938469234617	-0.0554625123047605
4.21621810905453	-0.0513360901048584
4.22305152576288	-0.0472558401956085
4.22988494247124	-0.0432226757249018
4.23671835917959	-0.0392374861695083
4.24355177588794	-0.0353011371385262
4.2503851925963	-0.0314144701870717
4.25721860930465	-0.0275783026401862
4.26405202601301	-0.0237934274269517
4.27088544272136	-0.0200606129247839
4.27771885942972	-0.0163806028138827
4.28455227613807	-0.0127541159418103
4.29138569284642	-0.00918184619817176
4.29821910955478	-0.00566446239935461
4.30505252626313	-0.00220260818330004
4.31188594297149	0.00120309808573964
4.31871935967984	0.00455206340249277
4.32555277638819	0.00784372019606178
4.33238619309655	0.0110775263954591
4.3392196098049	0.0142529654853401
4.34605302651326	0.0173695465519801
4.35288644322161	0.0204268043195578
4.35971985992996	0.023424299176794
4.36655327663832	0.0263616171940145
4.37338669334667	0.0292383701306901
4.38022011005503	0.0320541954335261
4.38705352676338	0.0348087562251631
4.39388694347174	0.0375017412835605
4.40072036018009	0.0401328650121314
4.40755377688844	0.0427018674007075
4.4143871935968	0.0452085139774011
4.42122061030515	0.0476525957514507
4.42805402701351	0.0500339291471217
4.43488744372186	0.0523523559287489
4.44172086043022	0.0546077431170041
4.44855427713857	0.056799982896467
4.45538769384692	0.0589289925145973
4.46222111055528	0.0609947141721873
4.46905452726363	0.0629971149053926
4.47588794397199	0.0649361864594249
4.48272136068034	0.066811945154011
4.48955477738869	0.0686244317407058
4.49638819409705	0.0703737112521577
4.5032216108054	0.0720598728434288
4.51005502751376	0.0736830296254641
4.51688844422211	0.0752433184908178
4.52372186093047	0.0767408999317342
4.53055527763882	0.0781759578506896
4.53738869434717	0.0795486993635029
4.54422211105553	0.0808593545951171
4.55105552776388	0.082108176468166
4.55788894447224	0.0832954404844299
4.56472236118059	0.0844214444992952
4.57155577788894	0.0854865084893273
4.5783891945973	0.0864909743130708
4.58522261130565	0.087435205465191
4.59205602801401	0.0883195868240705
4.59888944472236	0.0891445243929802
4.60572286143072	0.0899104450349383
4.61255627813907	0.0906177962013758
4.61938969484742	0.0912670456547315
4.62622311155578	0.09185868118509
4.63305652826413	0.0923932103209891
4.63988994497249	0.0928711600345135
4.64672336168084	0.0932930764408015
4.65355677838919	0.0936595244920842
4.66039019509755	0.0939710876663819
4.6672236118059	0.0942283676509838
4.67405702851426	0.0944319840208338
4.68089044522261	0.0945825739119497
4.68772386193097	0.0946807916900022
4.69455727863932	0.0947273086141785
4.70139069534767	0.0947228124964609
4.70822411205603	0.0946680073564474
4.71505752876438	0.0945636130718403
4.72189094547274	0.0944103650247372
4.72872436218109	0.0942090137438466
4.73555777888944	0.0939603245427652
4.7423911955978	0.0936650771544408
4.74922461230615	0.0933240653619562
4.75605802901451	0.0929380966257606
4.76289144572286	0.092507991707484
4.76972486243122	0.0920345842904619
4.77655827913957	0.0915187205971049
4.78339169584792	0.0909612590032429
4.79022511255628	0.0903630696495782
4.79705852926463	0.0897250340503775
4.80389194597299	0.0890480446995364
4.81072536268134	0.0883330046741478
4.8175587793897	0.0875808272357101
4.82439219609805	0.086792435429101
4.8312256128064	0.0859687616794585
4.83805902951476	0.0851107473870931
4.84489244622311	0.084219342520571
4.85172586293147	0.0832955052080952
4.85855927963982	0.0823402013273227
4.86539269634817	0.0813544040937451
4.87222611305653	0.0803390936477679
4.87905952976488	0.0792952566406214
4.88589294647324	0.0782238858192328
4.89272636318159	0.0771259796101946
4.89955977988994	0.0760025417029585
4.9063931965983	0.0748545806323864
4.91322661330665	0.0736831093607943
4.92006003001501	0.0724891448596139
4.92689344672336	0.0712737076908064
4.93372686343172	0.0700378215881587
4.94056028014007	0.0687825130385926
4.94739369684843	0.0675088108636144
4.95422711355678	0.0662177458010381
4.96106053026513	0.0649103500871076
4.96789394697349	0.0635876570391502
4.97472736368184	0.0622507006388861
4.9815607803902	0.0609005151165253
4.98839419709855	0.0595381345357749
4.9952276138069	0.0581645923798896
5.00206103051526	0.0567809211388842
5.00889444722361	0.0553881518980421
5.01572786393197	0.0539873139278362
5.02256128064032	0.0525794342753961
5.02939469734867	0.0511655373576372
5.03622811405703	0.0497466445561798
5.04306153076538	0.0483237738141811
5.04989494747374	0.0468979392351992
5.05672836418209	0.0454701506842122
5.06356178089045	0.0440414133909144
5.0703951975988	0.0426127275554043
5.07722861430715	0.0411850879563921
5.08406203101551	0.0397594835620357
5.09089544772386	0.0383368971435284
5.09772886443222	0.0369183048915532
5.10456228114057	0.0355046760357213
5.11139569784893	0.0340969724671048
5.11822911455728	0.0326961483639845
5.12506253126563	0.0313031498209191
5.13189594797399	0.0299189144812545
5.13872936468234	0.028544371173177
5.1455627813907	0.0271804395494276
5.15239619809905	0.0258280297307836
5.1592296148074	0.0244880419534121
5.16606303151576	0.0231613662202094
5.17289644822411	0.0218488819562286
5.17972986493247	0.0205514576682964
5.18656328164082	0.0192699506089324
5.19339669834917	0.0180052064446628
5.20023011505753	0.0167580589288395
5.20706353176588	0.0155293295790561
5.21389694847424	0.0143198273592673
5.22073036518259	0.0131303483667043
5.22756378189095	0.0119616755236854
5.2343971985993	0.010814578274415
5.24123061530765	0.00968981228686876
5.24806403201601	0.00858811915984955
5.25489744872436	0.0075102261353172
5.26173086543272	0.00645684581606935
5.26856428214107	0.00542867588887096
5.27539769884943	0.00442639885311524
5.28223111555778	0.00345068175510305
5.28906453226613	0.00250217592802252
5.29589794897449	0.00158151673771538
5.30273136568284	0.00068932333430784
5.3095647823912	-0.000173801590213739
5.31639819909955	-0.0010072720384029
5.3232316158079	-0.00181051893765561
5.33006503251626	-0.00258299036433665
5.33689844922461	-0.00332415176165927
5.34373186593297	-0.0040334861512463
5.35056528264132	-0.00471049433830319
5.35739869934967	-0.00535469511033195
5.36423211605803	-0.00596562542932422
5.37106553276638	-0.00654284061736473
5.37789894947474	-0.00708591453558587
5.38473236618309	-0.00759443975640828
5.39156578289145	-0.00806802772900996
5.3983991995998	-0.00850630893796879
5.40523261630815	-0.00890893305501883
5.41206603301651	-0.0092755690838672
5.41889944972486	-0.00960590549802299
5.42573286643322	-0.00989965037158457
5.43256628314157	-0.010156531502938
5.43939969984993	-0.0103762965313212
5.44623311655828	-0.0105587130462096
5.45306653326663	-0.0107035686894796
5.45989994997499	-0.0108106712503121
5.46673336668334	-0.0108798487527948
5.4735667833917	-0.0109109495361895
5.48040020010005	-0.0109038423278305
5.4872336168084	-0.0108584163086178
5.49406703351676	-0.0107745811710825
5.50090045022511	-0.0106522671699887
5.50773386693347	-0.0104914251654521
5.51456728364182	-0.0102920266585478
5.52140070035018	-0.0100540638193887
5.52823411705853	-0.00977754950765303
5.53506753376688	-0.00946251728554469
5.54190095047524	-0.00910902142317246
5.54873436718359	-0.0087171368963329
5.55556778389195	-0.00828695937669057
5.5624012006003	-0.00781860521434159
5.56923461730865	-0.0073122114127601
5.57606803401701	-0.00676793559612144
5.58290145072536	-0.0061859559689991
5.58973486743372	-0.00556647126843977
5.59656828414207	-0.00490970070841708
5.60340170085043	-0.00421588391666945
5.61023511755878	-0.0034852808639324
5.61706853426713	-0.00271817178557169
5.62390195097549	-0.00191485709563276
5.63073536768384	-0.00107565729332029
5.6375687843922	-0.000200912861923682
5.64440220110055	0.00070901583978886
5.6512356178089	0.00165374869368983
5.65806903451726	0.00263288594589832
5.66490245122561	0.00364600833784476
5.67173586793397	0.00469267724477071
5.67856928464232	0.00577243482162628
5.68540270135068	0.00688480415633403
5.69223611805903	0.00802928943038526
5.69906953476738	0.00920537608672502
5.70590295147574	0.0104125310048893
5.71273636818409	0.0116502026833511
5.71956978489245	0.0129178214290233
5.7264032016008	0.0142147995538809
5.73323661830915	0.0155405315786413
5.74007003501751	0.0168943944434559
5.74690345172586	0.0182757477255576
5.75373686843422	0.0196839338638026
5.76057028514257	0.0211182783900505
5.76740370185093	0.0225780901673181
5.77423711855928	0.024062661634641
5.78107053526763	0.0255712690585799
5.78790395197599	0.0271031727912977
5.79473736868434	0.0286576175351345
5.8015707853927	0.0302338326136153
5.80840420210105	0.031831032248799
5.8152376188094	0.033448415844905
5.82207103551776	0.0350851682781244
5.82890445222611	0.0367404601925393
5.83573786893447	0.0384134483020606
5.84257128564282	0.0401032756982995
5.84940470235118	0.0418090721642764
5.85623811905953	0.0435299544938842
5.86307153576788	0.0452650268169998
5.86990495247624	0.0470133809301572
5.87673836918459	0.0487740966326747
5.88357178589295	0.0505462420681393
5.8904052026013	0.0523288740711462
5.89723861930966	0.0541210385191809
5.90407203601801	0.0559217706895428
5.91090545272636	0.0577300956212005
5.91773886943472	0.0595450284814568
5.92457228614307	0.0613655749373266
5.93140570285143	0.063190731531495
5.93823911955978	0.0650194860627461
5.94507253626813	0.0668508179707433
5.95190595297649	0.0686836987250352
5.95873936968484	0.0705170922181632
5.9655727863932	0.0723499551627516
5.97240620310155	0.074181237492443
5.97923961980991	0.0760098827665566
5.98607303651826	0.0778348285783389
5.99290645322661	0.0796550069666638
5.99973986993497	0.0814693448310634
6.00657328664332	0.0832767643499388
6.01340670335168	0.0850761834018197
6.02024012006003	0.0868665159895346
6.02707353676838	0.0886466726671438
6.03390695347674	0.0904155609695011
6.04074037018509	0.0921720858442919
6.04757378689345	0.093915150086407
6.0544072036018	0.0956436547745036
6.06124062031016	0.0973564997096047
6.06807403701851	0.0990525838555859
6.07490745372686	0.100730805781403
6.08174087043522	0.102390064104899
6.08857428714357	0.104029257938049
6.09540770385193	0.10564728733348
6.10224112056028	0.107243053732101
6.10907453726863	0.108815460411718
6.11590795397699	0.110363412936432
6.12274137068534	0.111885819606694
6.1295747873937	0.113381591909853
6.13640820410205	0.114849644971011
6.14324162081041	0.116288898004061
6.15007503751876	0.117698274762713
6.15690845422711	0.119076703991361
6.16374187093547	0.120423119875629
6.17057528764382	0.121736462492421
6.17740870435218	0.123015678259311
6.18424212106053	0.124259720383123
6.19107553776889	0.125467549307512
6.19790895447724	0.126638133159393
6.20474237118559	0.127770448194056
6.21157578789395	0.128863479238776
6.2184092046023	0.129916220134782
6.22524262131066	0.130927674177392
6.23207603801901	0.13189685455416
6.23890945472736	0.13282278478086
6.24574287143572	0.133704499135139
6.25257628814407	0.134541043087681
6.25940970485243	0.135331473730698
6.26624312156078	0.136074860203589
6.27307653826913	0.136770284115609
6.27990995497749	0.137416839965351
6.28674337168584	0.138013635556916
6.2935767883942	0.138559792412562
6.30041020510255	0.139054446181694
6.30724362181091	0.139496747046025
6.31407703851926	0.139885860120725
6.32091045522761	0.140220965851421
6.32774387193597	0.140501260406858
6.33457728864432	0.14072595606708
6.34141070535268	0.14089428160695
6.34824412206103	0.141005482674858
6.35507753876939	0.141058822166459
6.36191095547774	0.141053580593272
6.36874437218609	0.140989056445985
6.37557778889445	0.140864566552316
6.3824112056028	0.140679446429262
6.38924462231116	0.140433050629591
6.39607803901951	0.140124753082416
6.40291145572786	0.139753947427704
6.40974487243622	0.139320047344567
6.41657828914457	0.138822486873185
6.42341170585293	0.138260720730215
6.43024512256128	0.137634224617539
6.43707853926963	0.136942495524207
6.44391195597799	0.136185052021427
6.45074537268634	0.135361434550475
6.4575787893947	0.134471205703368
6.46441220610305	0.133513950496176
6.47124562281141	0.132489276634834
6.47807903951976	0.131396814773318
6.48491245622811	0.13023621876406
6.49174587293647	0.129007165900463
6.49857928964482	0.127709357151406
6.50541270635318	0.126342517387594
6.51224612306153	0.12490639559965
6.51907953976989	0.123400765107821
6.52591295647824	0.12182542376317
6.53274637318659	0.120180194140169
6.53957978989495	0.118464923720548
6.5464132066033	0.116679485068306
6.55324662331166	0.114823775995788
6.56008004002001	0.112897719720701
6.56691345672836	0.110901265013985
6.57374687343672	0.10883438633843
6.58058029014507	0.106697083977957
6.58741370685343	0.104489384157456
6.59424712356178	0.102211339153097
6.60108054027013	0.099863027393037
6.60791395697849	0.0974445535484176
6.61474737368684	0.094956048614601
6.6215807903952	0.0923976699825424
6.62841420710355	0.089769601500241
6.63524762381191	0.0870720535241944
6.64208104052026	0.0843052629607847
6.64891445722861	0.0814694932975448
6.65574787393697	0.0785650346242264
6.66258129064532	0.0755922036436334
6.66941470735368	0.0725513436721538
6.67624812406203	0.0694428246299407
6.68308154077039	0.0662670430207049
6.68991495747874	0.0630244219010716
6.69674837418709	0.0597154108394563
6.70358179089545	0.0563404858644399
6.7104152076038	0.0529001494025945
6.71724862431216	0.0493949302057462
6.72408204102051	0.0458253832676446
6.73091545772886	0.0421920897300168
6.73774887443722	0.0384956567779976
6.74458229114557	0.0347367175249189
6.75141570785393	0.0309159308864453
6.75824912456228	0.0270339814440669
6.76508254127064	0.0230915792979279
6.77191595797899	0.0190894599090156
6.77874937468734	0.0150283839307046
6.7855827913957	0.0109091370296682
6.79241620810405	0.00673252969618177
6.79924962481241	0.00249939704383182
6.80608304152076	-0.00178940140135031
6.81291645822911	-0.00613298192228484
6.81974987493747	-0.0105304368427613
6.82658329164582	-0.014980834769819
6.83341670835418	-0.0194832208465597
6.84025012506253	-0.0240366170153547
6.84708354177089	-0.0286400222913801
6.85391695847924	-0.0332924130464401
6.8607503751876	-0.0379927433030201
6.86758379189595	-0.0427399450384978
6.8744172086043	-0.0475329284994634
6.88125062531266	-0.0523705825260603
6.88808404202101	-0.0572517748862831
6.89491745872936	-0.062175352620159
6.90175087543772	-0.0671401423937142
6.90858429214607	-0.07214495086265
6.91541770885443	-0.0771885650456427
6.92225112556278	-0.0822697527071517
6.92908454227114	-0.0873872627496617
6.93591795897949	-0.092539825615237
6.94275137568784	-0.0977261536962843
6.9495847923962	-0.102944941755424
6.95641820910455	-0.108194867354335
6.96325162581291	-0.113474591291466
6.97008504252126	-0.118782758048494
6.97691845922962	-0.124117996245377
6.98375187593797	-0.129478919103906
6.99058529264632	-0.13486412491959
6.99741870935468	-0.140272197541738
7.00425212606303	-0.145701706861618
7.01108554277139	-0.151151209308517
7.01791895947974	-0.156619248353554
7.02475237618809	-0.162104355021119
7.03158579289645	-0.167605048407736
7.0384192096048	-0.173119836208218
7.04525262631316	-0.178647215248941
7.05208604302151	-0.184185672028054
7.05891945972987	-0.189733683262467
7.06575287643822	-0.195289716441432
7.07258629314657	-0.200852230386528
7.07941970985493	-0.206419675817884
7.08625312656328	-0.211990495926437
7.09308654327164	-0.21756312695203
7.09991995997999	-0.223135998767177
7.10675337668834	-0.228707535466269
7.1135867933967	-0.234276155960038
7.12042021010505	-0.239840274575071
7.12725362681341	-0.245398301658156
7.13408704352176	-0.25094864418527
7.14092046023012	-0.256489706374971
7.14775387693847	-0.262019890305987
7.15458729364682	-0.267537596538802
7.16142071035518	-0.273041224740969
7.16825412706353	-0.278529174315985
7.17508754377189	-0.283999845035444
7.18192096048024	-0.289451637674272
7.18875437718859	-0.29488295464881
7.19558779389695	-0.300292200657483
7.2024212106053	-0.305677783323849
7.20925462731366	-0.311038113841768
7.21608804402201	-0.316371607622453
7.22292146073037	-0.321676684943167
7.22975487743872	-0.326951771597301
7.23658829414707	-0.332195299545605
7.24342171085543	-0.337405707568308
7.25025512756378	-0.342581441917878
7.25708854427214	-0.347720956972167
7.26392196098049	-0.352822715887698
7.27075537768884	-0.357885191252807
7.2775887943972	-0.362906865740418
7.28442221110555	-0.367886232760162
7.29125562781391	-0.372821797109591
7.29808904452226	-0.377712075624232
7.30492246123062	-0.382555597826195
7.31175587793897	-0.387350906571094
7.31858929464732	-0.392096558693002
7.32542271135568	-0.396791125647175
7.33225612806403	-0.40143319415029
7.33908954477239	-0.406021366817907
7.34592296148074	-0.410554262798903
7.35275637818909	-0.415030518406617
7.35958979489745	-0.419448787746413
7.3664232116058	-0.423807743339406
7.37325662831416	-0.428106076742099
7.38009004502251	-0.432342499161617
7.38692346173087	-0.436515742066322
7.39375687843922	-0.440624557791501
7.40059029514757	-0.444667720139869
7.40742371185593	-0.448644024976641
7.41425712856428	-0.452552290818867
7.42109054527264	-0.456391359418792
7.42792396198099	-0.460160096340973
7.43475737868935	-0.463857391532868
7.4415907953977	-0.467482159888659
7.44842421210605	-0.471033341806026
7.45525762881441	-0.474509903735621
7.46209104552276	-0.477910838722976
7.46892446223112	-0.481235166942589
7.47575787893947	-0.484481936223933
7.48259129564782	-0.487650222569125
7.48942471235618	-0.490739130662002
7.49625812906453	-0.493747794368363
7.50309154577289	-0.496675377227112
7.50992496248124	-0.499521072932056
7.51675837918959	-0.502284105804132
7.52359179589795	-0.504963731253783
7.5304252126063	-0.507559236233272
7.53725862931466	-0.510069939678693
7.54409204602301	-0.512495192941417
7.55092546273137	-0.514834380208777
7.55775887943972	-0.517086918913728
7.56459229614807	-0.519252260133277
7.57142571285643	-0.521329888975447
7.57825912956478	-0.523319324954562
7.58509254627314	-0.525220122354622
7.59192596298149	-0.527031870580572
7.59875937968985	-0.528754194497237
7.6055927963982	-0.530386754755726
7.61242621310655	-0.531929248107093
7.61925962981491	-0.53338140770307
7.62609304652326	-0.534743003383656
7.63292646323162	-0.536013841951386
7.63975987993997	-0.537193767432083
7.64659329664832	-0.538282661321922
7.65342671335668	-0.539280442820602
7.66026013006503	-0.540187069050487
7.66709354677339	-0.54100253526151
7.67392696348174	-0.541726875021699
7.68076038019009	-0.542360160393155
7.68759379689845	-0.542902502093328
7.6944272136068	-0.543354049641432
7.70126063031516	-0.543714991489872
7.70809404702351	-0.543985555140521
7.71492746373187	-0.544166007245722
7.72176088044022	-0.544256653693888
7.72859429714857	-0.544257839679563
7.73542771385693	-0.544169949757839
7.74226113056528	-0.543993407883
7.74909454727364	-0.543728677431297
7.75592796398199	-0.543376261207748
7.76276138069035	-0.542936701436855
7.7695947973987	-0.542410579737171
7.77642821410705	-0.541798517079603
7.78326163081541	-0.541101173729395
7.79009504752376	-0.540319249171708
7.79692846423212	-0.539453482020728
7.80376188094047	-0.538504649912248
7.81059529764883	-0.537473569379662
7.81742871435718	-0.536361095713336
7.82426213106553	-0.535168122803295
7.83109554777389	-0.53389558296521
7.83792896448224	-0.532544446749643
7.84476238119059	-0.531115722734535
7.85159579789895	-0.529610457300918
7.8584292146073	-0.52802973439185
7.86526263131566	-0.526374675254555
7.87209604802401	-0.524646438165791
7.87892946473237	-0.522846218140449
7.88576288144072	-0.520975246623394
7.89259629814908	-0.519034791164595
7.89942971485743	-0.517026155077553
7.90626313156578	-0.514950677081076
7.91309654827414	-0.512809730924456
7.91992996498249	-0.510604724996088
7.92676338169085	-0.508337101915594
7.9335967983992	-0.506008338109531
7.94043021510755	-0.503619943370739
7.94726363181591	-0.501173460401432
7.95409704852426	-0.498670464340099
7.96093046523262	-0.496112562272332
7.96776388194097	-0.493501392725669
7.97459729864932	-0.490838625148572
7.98143071535768	-0.488125959373647
7.98826413206603	-0.48536512506525
7.99509754877439	-0.482557881151584
8.00193096548274	-0.479706015241458
8.0087643821911	-0.47681134302582
8.01559779889945	-0.473875707664254
8.0224312156078	-0.470900979156564
8.02926463231616	-0.467889053699651
8.03609804902451	-0.464841853029823
8.04293146573287	-0.46176132375075
8.04976488244122	-0.458649436647225
8.05659829914958	-0.455508185984961
8.06343171585793	-0.452339588796587
8.07026513256628	-0.449145684154091
8.07709854927464	-0.445928532427902
8.08393196598299	-0.442690214532846
8.09076538269135	-0.439432831161206
8.0975987993997	-0.436158502003124
8.10443221610806	-0.43286936495458
8.11126563281641	-0.429567575313218
8.11809904952476	-0.426255304962261
8.12493246623312	-0.422934741542785
8.13176588294147	-0.419608087614625
8.13859929964982	-0.416277559806186
8.14543271635818	-0.412945387953449
8.15226613306653	-0.409613814228459
8.15909954977489	-0.406285092257584
8.16593296648324	-0.40296148622987
8.1727663831916	-0.399645269995772
8.17959979989995	-0.396338726156597
8.1864332166083	-0.393044145144973
8.19326663331666	-0.389763824296674
8.20010005002501	-0.386500066914116
8.20693346673337	-0.3832551813219
8.21376688344172	-0.380031479914698
8.22060030015007	-0.376831278197875
8.22743371685843	-0.373656893821165
8.23426713356678	-0.370510645605792
8.24110055027514	-0.367394852565378
8.24793396698349	-0.364311832921021
8.25476738369185	-0.361263903110904
8.2616008004002	-0.358253376794843
8.26843421710856	-0.355282563854116
8.27526763381691	-0.352353769387004
8.28210105052526	-0.349469292700407
8.28893446723362	-0.346631426297952
8.29576788394197	-0.34384245486498
8.30260130065033	-0.341104654250829
8.30943471735868	-0.338420290448814
8.31626813406703	-0.335791618574332
8.32310155077539	-0.333220881841481
8.32993496748374	-0.330710310538649
8.3367683841921	-0.328262121003465
8.34360180090045	-0.325878514597563
8.3504352176088	-0.323561676681572
8.35726863431716	-0.321313775590772
8.36410205102551	-0.319136961611852
8.37093546773387	-0.317033365961209
8.37776888444222	-0.315005099765221
8.38460230115058	-0.313054253042941
8.39143571785893	-0.311182893691666
8.39826913456728	-0.309393066475803
8.40510255127564	-0.307686792019513
8.41193596798399	-0.306066065803546
8.41876938469235	-0.304532857166754
8.4256028014007	-0.303089108312703
8.43243621810906	-0.30173673332186
8.43926963481741	-0.300477617169795
8.44610305152576	-0.299313614751855
8.45293646823412	-0.298246549914775
8.45976988494247	-0.297278214495662
8.46660330165083	-0.296410367368825
8.47343671835918	-0.295644733500896
8.48027013506753	-0.294983003014703
8.48710355177589	-0.294426830262341
8.49393696848424	-0.293977832907898
8.5007703851926	-0.2936375910203
8.50760380190095	-0.293407646176699
8.51443721860931	-0.293289500576886
8.52127063531766	-0.293284616169156
8.52810405202601	-0.293394413788075
8.53493746873437	-0.293620272304605
8.54177088544272	-0.293963527789012
8.54860430215108	-0.29442547268702
8.55543771885943	-0.295007355009623
8.56227113556779	-0.295710377537014
8.56910455227614	-0.296535697037044
8.57593796898449	-0.297484423498661
8.58277138569285	-0.29855761938073
8.5896048024012	-0.299756298876674
8.59643821910956	-0.301081427195359
8.60327163581791	-0.30253391985861
8.61010505252626	-0.304114642015803
8.61693846923462	-0.305824407775918
8.62377188594297	-0.307663979557454
8.63060530265133	-0.309634067456614
8.63743871935968	-0.311735328634147
8.64427213606803	-0.313968366721228
8.65110555277639	-0.316333731244761
8.65793896948474	-0.318831917072488
8.6647723861931	-0.32146336387826
8.67160580290145	-0.324228455627845
8.67843921960981	-0.327127520085622
8.68527263631816	-0.330160828342523
8.69210605302651	-0.333328594365552
8.69893946973487	-0.336630974569237
8.70577288644322	-0.340068067409332
8.71260630315158	-0.343639912999095
8.71943971985993	-0.347346492748466
8.72627313656828	-0.351187729026442
8.73310655327664	-0.35516348484696
8.73993996998499	-0.359273563578574
8.74677338669335	-0.363517708678214
8.7536068034017	-0.367895603449303
8.76044022011006	-0.3724068708245
8.76727363681841	-0.377051073173324
8.77410705352676	-0.381827712134916
8.78094047023512	-0.386736228476179
8.78777388694347	-0.391776001975519
8.79460730365183	-0.396946351332421
8.80144072036018	-0.40224653410307
8.80827413706854	-0.407675746662213
8.81510755377689	-0.413233124191462
8.82194097048524	-0.418917740694227
8.8287743871936	-0.42472860903743
8.83560780390195	-0.430664681020196
8.84244122061031	-0.436724847469632
8.84927463731866	-0.442907938363878
8.85610805402701	-0.44921272298253
8.86294147073537	-0.455637910084557
8.86977488744372	-0.462182148113844
8.87660830415208	-0.468844025432427
8.88344172086043	-0.475622070581522
8.89027513756879	-0.482514752570433
8.89710855427714	-0.48952048119336
8.90394197098549	-0.496637607374222
8.91077538769385	-0.503864423539462
8.9176088044022	-0.511199164018919
8.92444222111055	-0.518640005474749
8.93127563781891	-0.526185067358409
8.93810905452726	-0.533832412395685
8.94494247123562	-0.54158004709976
8.95177588794397	-0.549425922312258
8.95860930465233	-0.557367933772249
8.96544272136068	-0.565403922713128
8.97227613806903	-0.573531676487302
8.97910955477739	-0.581748929218618
8.98594297148574	-0.590053362482398
8.9927763881941	-0.598442606012994
8.99960980490245	-0.606914238438743
9.00644322161081	-0.615465788044152
9.01327663831916	-0.624094733559199
9.02011005502751	-0.632798504975563
9.02694347173587	-0.641574484389599
9.03377688844422	-0.650420006871906
9.04061030515258	-0.659332361363227
9.04744372186093	-0.668308791596503
9.05427713856928	-0.677346497044854
9.06111055527764	-0.686442633895198
9.06794397198599	-0.695594316047311
9.07477738869435	-0.704798616138005
9.0816108054027	-0.714052566590163
9.08844422211106	-0.723353160686347
9.09527763881941	-0.732697353666627
9.10211105552776	-0.742082063850347
9.10894447223612	-0.751504173781475
9.11577788894447	-0.760960531397172
9.12261130565283	-0.770447951219245
9.12944472236118	-0.779963215568081
9.13627813906954	-0.78950307579868
9.14311155577789	-0.799064253558393
9.14994497248624	-0.80864344206594
9.1567783891946	-0.818237307411262
9.16361180590295	-0.827842489875813
9.17044522261131	-0.837455605272774
9.17727863931966	-0.847073246306782
9.18411205602801	-0.856691983952646
9.19094547273637	-0.866308368852582
9.19777888944472	-0.875918932731474
9.20461230615308	-0.885520189829602
9.21144572286143	-0.895108638352349
9.21827913956979	-0.904680761936341
9.22511255627814	-0.914233031131428
9.23194597298649	-0.923761904898006
9.23877938969485	-0.933263832119043
9.2456128064032	-0.942735253126257
9.25244622311155	-0.952172601239845
9.25927963981991	-0.961572304321141
9.26611305652826	-0.970930786337579
9.27294647323662	-0.980244468939371
9.27977988994497	-0.989509773047186
9.28661330665333	-0.998723120450257
9.29344672336168	-1.0078809354142
9.30028014007004	-1.01697964629788
9.30711355677839	-1.02601568717869
9.31394697348674	-1.03498549948549
9.3207803901951	-1.0438855336385
9.32761380690345	-1.05271225069556
9.33444722361181	-1.06146212400387
9.34128064032016	-1.07013164085658
9.34811405702852	-1.07871730415354
9.35494747373687	-1.08721563406529
9.36178089044522	-1.09562316969979
9.36861430715358	-1.10393647077092
9.37544772386193	-1.11215211926808
9.38228114057029	-1.12026672112614
9.38911455727864	-1.12827690789487
9.39594797398699	-1.13617933840719
9.40278139069535	-1.14397070044534
9.4096148074037	-1.15164771240424
9.41644822411206	-1.15920712495119
9.42328164082041	-1.1666457226812
9.43011505752876	-1.17396032576699
9.43694847423712	-1.18114779160299
9.44378189094547	-1.18820501644241
9.45061530765383	-1.19512893702667
9.45744872436218	-1.20191653220621
9.46428214107054	-1.20856482455206
9.47111555777889	-1.21507088195709
9.47794897448724	-1.22143181922636
9.4847823911956	-1.22764479965551
9.49161580790395	-1.23370703659649
9.49844922461231	-1.23961579500983
9.50528264132066	-1.24536839300237
9.51211605802902	-1.25096220334998
9.51894947473737	-1.25639465500403
9.52578289144572	-1.26166323458113
9.53261630815408	-1.26676548783502
9.53944972486243	-1.27169902111002
9.54628314157079	-1.2764615027749
9.55311655827914	-1.28105066463673
9.55994997498749	-1.28546430333345
9.56678339169585	-1.28970028170474
9.5736168084042	-1.29375653014001
9.58045022511256	-1.29763104790293
9.58728364182091	-1.30132190443161
9.59411705852927	-1.30482724061357
9.60095047523762	-1.30814527003474
9.60778389194597	-1.31127428020172
9.61461730865433	-1.31421263373636
9.62145072536268	-1.31695876954211
9.62828414207104	-1.3195112039411
9.63511755877939	-1.32186853178137
9.64195097548775	-1.32402942751331
9.6487843921961	-1.32599264623477
9.65561780890445	-1.32775702470384
9.66245122561281	-1.32932148231873
9.66928464232116	-1.33068502206394
9.67611805902952	-1.33184673142205
9.68295147573787	-1.33280578325031
9.68978489244622	-1.33356143662148
9.69661830915458	-1.33411303762804
9.70345172586293	-1.33446002014934
9.71028514257129	-1.33460190658068
9.71711855927964	-1.33453830852401
9.72395197598799	-1.33426892743942
9.73078539269635	-1.33379355525672
9.7376188094047	-1.33311207494672
9.74445222611306	-1.33222446105141
9.75128564282141	-1.33113078017251
9.75811905952976	-1.32983119141789
9.76495247623812	-1.32832594680516
9.77178589294647	-1.32661539162201
9.77861930965483	-1.32469996474272
9.78545272636318	-1.32258019890036
9.79228614307154	-1.32025672091412
9.79911955977989	-1.31773025187138
9.80595297648824	-1.31500160726403
9.8127863931966	-1.3120716970786
9.81961980990495	-1.3089415258397
9.82645322661331	-1.3056121926066
9.83328664332166	-1.30208489092228
9.84012006003002	-1.2983609087148
9.84695347673837	-1.29444162815055
9.85378689344672	-1.29032852543907
9.86062031015508	-1.28602317058925
9.86745372686343	-1.28152722711639
9.87428714357179	-1.27684245170015
9.88112056028014	-1.27197069379295
9.88795397698849	-1.26691389517871
9.89478739369685	-1.2616740894817
9.9016208104052	-1.25625340162536
9.90845422711356	-1.25065404724094
9.91528764382191	-1.24487833202581
9.92212106053027	-1.23892865105142
9.92895447723862	-1.23280748802078
9.93578789394697	-1.22651741447542
9.94262131065533	-1.22006108895187
9.94945472736368	-1.21344125608758
9.95628814407204	-1.20666074567635
9.96312156078039	-1.19972247167341
9.96995497748875	-1.19262943115003
9.9767883941971	-1.18538470319803
9.98362181090545	-1.17799144778408
9.99045522761381	-1.17045290455416
9.99728864432216	-1.16277239158823
10.0041220610305	-1.15495330410539
10.0109554777389	-1.14699911311973
10.0177888944472	-1.13891336404725
10.0246223111556	-1.13069967526401
10.0314557278639	-1.12236173661591
10.0382891445723	-1.11390330788052
10.0451225612806	-1.10532821718116
10.051955977989	-1.09664035935388
10.0587893946973	-1.08784369426755
10.0656228114057	-1.07894224509776
10.0724562281141	-1.06994009655481
10.0792896448224	-1.06084139306643
10.0861230615308	-1.05165033691585
10.0929564782391	-1.04237118633565
10.0997898949475	-1.03300825355808
10.1066233116558	-1.02356590282255
10.1134567283642	-1.01404854834085
10.1202901450725	-1.00446065222088
10.1271235617809	-0.994806722349605
10.1339569784892	-0.985091310235913
10.1407903951976	-0.975319008814318
10.147623811906	-0.965494450210158
10.1544572286143	-0.955622303467241
10.1612906453227	-0.94570727223877
10.168124062031	-0.935754092442425
10.1749574787394	-0.925767529880588
10.1817908954477	-0.915752377826599
10.1886243121561	-0.905713454578071
10.1954577288644	-0.895655600978273
10.2022911455728	-0.885583677906579
10.2091245622811	-0.875502563739094
10.2159579789895	-0.865417151780532
10.2227913956979	-0.855332347668446
10.2296248124062	-0.845253066750987
10.2364582291146	-0.835184231439335
10.2432916458229	-0.825130768536015
10.2501250625313	-0.815097606540316
10.2569584792396	-0.805089672932057
10.263791895948	-0.795111891434959
10.2706253126563	-0.78516917926097
10.2774587293647	-0.775266444336791
10.284292146073	-0.765408582513986
10.2911255627814	-0.755600474764068
10.2979589794897	-0.745846984359892
10.3047923961981	-0.736152954044796
10.3116258129065	-0.726523203190955
10.3184592296148	-0.716962524948339
10.3252926463232	-0.707475683385785
10.3321260630315	-0.69806741062571
10.3389594797399	-0.688742403973909
10.3457928964482	-0.679505323046023
10.3526263131566	-0.670360786892234
10.3594597298649	-0.661313371121719
10.3662931465733	-0.652367605028488
10.3731265632816	-0.643527968720183
10.37995997999	-0.634798890251498
10.3867933966983	-0.626184742763804
10.3936268134067	-0.61768984163266
10.4004602301151	-0.609318441624895
10.4072936468234	-0.601074734066885
10.4141270635318	-0.592962844025758
10.4209604802401	-0.584986827505221
10.4277938969485	-0.577150668657711
10.4346273136568	-0.56945827701459
10.4414607303652	-0.561913484736146
10.4482941470735	-0.554520043883104
10.4551275637819	-0.547281623711408
10.4619609804902	-0.540201807992051
10.4687943971986	-0.533284092357676
10.475627813907	-0.526531881677748
10.4824612306153	-0.519948487464031
10.4892946473237	-0.513537125308195
10.496128064032	-0.507300912353279
10.5029614807404	-0.501242864800799
10.5097948974487	-0.495365895455311
10.5166283141571	-0.489672811308158
10.5234617308654	-0.4841663111622
10.5302951475738	-0.478848983299313
10.5371285642821	-0.473723303192393
10.5439619809905	-0.468791631263647
10.5507953976989	-0.464056210690941
10.5576288144072	-0.459519165263932
10.5644622311156	-0.455182497291731
10.5712956478239	-0.451048085563867
10.5781290645323	-0.447117683366218
10.5849624812406	-0.443392916553667
10.591795897949	-0.439875281681177
10.5986293146573	-0.436566144194952
10.6054627313657	-0.433466736685379
10.612296148074	-0.430578157203399
10.6191295647824	-0.427901367641956
10.6259629814907	-0.425437192184128
10.6327963981991	-0.423186315819566
10.6396298149075	-0.421149282930813
10.6464632316158	-0.419326495951068
10.6532966483242	-0.417718214094926
10.6601300650325	-0.416324552163627
10.6669634817409	-0.415145479426289
10.6737968984492	-0.414180818578592
10.6806303151576	-0.413430244780357
10.6874637318659	-0.412893284773426
10.6942971485743	-0.412569316081206
10.7011305652826	-0.412457566291253
10.707963981991	-0.412557112422189
10.7147973986993	-0.412866880376231
10.7216308154077	-0.413385644478608
10.7284642321161	-0.414112027105031
10.7352976488244	-0.41504449839844
10.7421310655328	-0.416181376076121
10.7489644822411	-0.417520825328316
10.7557978989495	-0.419060858809366
10.7626313156578	-0.420799336722417
10.7694647323662	-0.422733966998636
10.7762981490745	-0.42486230557188
10.7831315657829	-0.427181756749701
10.7899649824912	-0.4296895736815
10.7967983991996	-0.43238285892464
10.803631815908	-0.435258565109242
10.8104652326163	-0.438313495702347
10.8172986493247	-0.441544305872092
10.824132066033	-0.44494750345247
10.8309654827414	-0.448519450009225
10.8377988994497	-0.45225636200731
10.8446323161581	-0.456154312080391
10.8514657328664	-0.460209230402714
10.8582991495748	-0.464416906163643
10.8651325662831	-0.468772989145133
10.8719659829915	-0.473272991402325
10.8787993996999	-0.477912289047345
10.8856328164082	-0.482686124136433
10.8924662331166	-0.487589606660355
10.8992996498249	-0.492617716638049
10.9061330665333	-0.497765306313374
10.9129664832416	-0.503027102454785
10.91979989995	-0.508397708757628
10.9266333166583	-0.513871608348784
10.9334667333667	-0.519443166393219
10.940300150075	-0.525106632801999
10.9471335667834	-0.530856145041218
10.9539669834917	-0.53668573104125
10.9608004002001	-0.542589312205638
10.9676338169085	-0.548560706518858
10.9744672336168	-0.554593631752157
10.9813006503252	-0.560681708766567
10.9881340670335	-0.566818464912097
10.9949674837419	-0.572997337522092
11.0018009004502	-0.57921167750164
11.0086343171586	-0.585454753008784
11.0154677338669	-0.591719753227334
11.0223011505753	-0.597999792229899
11.0291345672836	-0.60428791292969
11.035967983992	-0.610577091119655
11.0428014007004	-0.616860239597307
11.0496348174087	-0.623130212373631
11.0564682341171	-0.629379808964303
11.0633016508254	-0.635601778761441
11.0701350675338	-0.641788825483973
11.0769684842421	-0.647933611704663
11.0838019009505	-0.654028763451748
11.0906353176588	-0.660066874883074
11.0974687343672	-0.666040513030488
11.1043021510755	-0.671942222612254
11.1111355677839	-0.67776453091111
11.1179689844922	-0.683499952715514
11.1248024012006	-0.689140995321594
11.131635817909	-0.694680163593208
11.1384692346173	-0.700109965077405
11.1453026513257	-0.705422915172605
11.152136068034	-0.710611542346623
11.1589694847424	-0.715668393401685
11.1658029014507	-0.720586038783422
11.1726363181591	-0.725357077930833
11.1794697348674	-0.729974144664099
11.1863031515758	-0.734429912607016
11.1931365682841	-0.738717100640843
11.1999699849925	-0.742828478386194
11.2068034017009	-0.746756871709574
11.2136368184092	-0.75049516825111
11.2204702351176	-0.75403632296992
11.2273036518259	-0.757373363703508
11.2341370685343	-0.760499396737536
11.2409704852426	-0.763407612382225
11.247803901951	-0.766091290551582
11.2546373186593	-0.76854380634161
11.2614707353677	-0.770758635603561
11.268304152076	-0.772729360508284
11.2751375687844	-0.7744496750976
11.2819709854927	-0.775913390818644
11.2888044022011	-0.777114442037018
11.2956378189095	-0.77804689152456
11.3024712356178	-0.778704935917503
11.3093046523262	-0.779082911140709
11.3161380690345	-0.779175297793664
11.3229714857429	-0.778976726493845
11.3298049024512	-0.778481983173042
11.3366383191596	-0.777686014322167
11.3434717358679	-0.776583932180081
11.3503051525763	-0.775171019861867
11.3571385692846	-0.773442736422034
11.363971985993	-0.771394721848026
11.3708054027014	-0.769022801979441
11.3776388194097	-0.766322993348299
11.3844722361181	-0.763291507935725
11.3913056528264	-0.759924757840344
11.3981390695348	-0.756219359853694
11.4049724862431	-0.752172139937969
11.4118059029515	-0.747780137601352
11.4186393196598	-0.743040610166223
11.4254727363682	-0.737951036925532
11.4323061530765	-0.732509123182579
11.4391395697849	-0.726712804169509
11.4459729864932	-0.720560248839791
11.4528064032016	-0.71404986352999
11.45963981991	-0.707180295486104
11.4664732366183	-0.699950436249863
11.4733066533267	-0.692359424900271
11.480140070035	-0.684406651145779
11.4869734867434	-0.676091758262546
11.4938069034517	-0.667414645874137
11.5006403201601	-0.658375472568204
11.5074737368684	-0.648974658345605
11.5143071535768	-0.639212886897581
11.5211405702851	-0.629091107706539
11.5279739869935	-0.618610537966111
11.5348074037019	-0.607772664316264
11.5416408204102	-0.596579244389156
11.5484742371186	-0.585032308161616
11.5553076538269	-0.573134159110207
11.5621410705353	-0.560887375164789
11.5689744872436	-0.548294809456671
11.575807903952	-0.535359590857567
11.5826413206603	-0.522085124305497
11.5894747373687	-0.508475090914026
11.596308154077	-0.49453344786129
11.6031415707854	-0.480264428055283
11.6099749874937	-0.465672539572101
11.6168084042021	-0.450762564863841
11.6236418209105	-0.435539559733113
11.6304752376188	-0.420008852071053
11.6373086543272	-0.404176040356009
11.6441420710355	-0.388046991910181
11.6509754877439	-0.371627840911528
11.6578089044522	-0.354924986158493
11.6646423211606	-0.337945088585298
11.6714757378689	-0.320695068525498
11.6783091545773	-0.303182102721861
11.6851425712856	-0.285413621080743
11.691975987994	-0.267397303169175
11.6988094047024	-0.249141074453187
11.7056428214107	-0.23065310227609
11.7124762381191	-0.211941791575415
11.7193096548274	-0.193015780337669
11.7261430715358	-0.173883934790004
11.7329764882441	-0.15455534432834
11.7398099049525	-0.135039316181426
11.7466433216608	-0.115345369810712
11.7534767383692	-0.0954832310461164
11.7603101550775	-0.0754628259578164
11.7671435717859	-0.055294274464598
11.7739769884942	-0.0349878836794907
11.7808104052026	-0.0145541409935073
11.787643821911	0.00599629310130671
11.7944772386193	0.0266525924480575
11.8013106553277	0.0474037729189075
11.808144072036	0.0682387003647547
11.8149774887444	0.0891460988184818
11.8218109054527	0.110114558949521
11.8286443221611	0.131132546766963
11.8354777388694	0.152188412568376
11.8423111555778	0.173270400131025
11.8491445722861	0.194366656142177
11.8559779889945	0.21546523986468
11.8628114057029	0.236554133033731
11.8696448224112	0.257621249980661
11.8764782391196	0.278654447979072
11.8833116558279	0.299641537808407
11.8901450725363	0.320570294529853
11.8969784892446	0.341428468469094
11.903811905953	0.362203796400035
11.9106453226613	0.382884012923572
11.9174787393697	0.40345686203494
11.924312156078	0.42391010887291
11.9311455727864	0.444231551643943
11.9379789894947	0.464409033713894
11.9448124062031	0.484430455859705
11.9516458229115	0.504283788673064
11.9584792396198	0.523957085107855
11.9653126563282	0.543438493162809
11.9721460730365	0.562716268690362
11.9789794897449	0.581778788322639
11.9858129064532	0.600614562504968
11.9926463231616	0.619212248627001
11.9994797398699	0.63756066424138
12.0063131565783	0.655648800359398
12.0131465732866	0.673465834812769
12.019979989995	0.691001145670492
12.0268134067034	0.708244324699281
12.0336468234117	0.72518519085576
12.0404802401201	0.741813803798415
12.0473136568284	0.758120477406836
12.0541470735368	0.774095793295604
12.0609804902451	0.789730614309683
12.0678139069535	0.805016097988152
12.0746473236618	0.819943709982556
12.0814807403702	0.834505237415935
12.0883141570785	0.848692802168387
12.0951475737869	0.86249887407464
12.1019809904952	0.875916284018778
12.1088144072036	0.888938236911156
12.115647823912	0.901558324532113
12.1224812406203	0.913770538226837
12.1293146573287	0.925569281435598
12.136148074037	0.936949382043198
12.1429814907454	0.947906104531207
12.1498149074537	0.958435161916502
12.1566483241621	0.968532727459173
12.1634817408704	0.97819544612281
12.1703151575788	0.98742044576985
12.1771485742871	0.996205348074576
12.1839819909955	1.00454827913609
12.1908154077039	1.01244787977336
12.1976488244122	1.01990331548451
12.2044822411206	1.02691428605197
12.2113156578289	1.03348103477531
12.2181490745373	1.03960435731337
12.2249824912456	1.04528561011699
12.231815907954	1.05052671843381
12.2386493246623	1.05533018386628
12.2454827413707	1.05969909146419
12.252316158079	1.06363711633277
12.2591495747874	1.06714852973744
12.2659829914957	1.07023820468629
12.2728164082041	1.07291162097138
12.2796498249125	1.07517486964985
12.2864832416208	1.07703465694608
12.2933166583292	1.07849830755586
12.3001500750375	1.07957376733399
12.3069834917459	1.08026960534656
12.3138169084542	1.0805950152693
12.3206503251626	1.08055981611366
12.3274837418709	1.08017445226232
12.3343171585793	1.07944999279608
12.3411505752876	1.0783981300942
12.347983991996	1.07703117769075
12.3548174087044	1.07536206736932
12.3616508254127	1.07340434547933
12.3684842421211	1.07117216845693
12.3753176588294	1.06868029753423
12.3821510755378	1.06594409262085
12.3889844922461	1.06297950534197
12.3958179089545	1.05980307121797
12.4026513256628	1.05643190097066
12.4094847423712	1.05288367094215
12.4163181590795	1.04917661261238
12.4231515757879	1.04532950120248
12.4299849924962	1.04136164335121
12.4368184092046	1.03729286385279
12.443651825913	1.03314349144473
12.4504852426213	1.02893434363532
12.4573186593297	1.024686710561
12.464152076038	1.02042233786457
12.4709854927464	1.01616340858627
12.4778189094547	1.01193252406031
12.4846523261631	1.0077526838107
12.4914857428714	1.00364726444073
12.4983191595798	0.999639997512038
12.5051525762881	0.995754946409601
12.5119859929965	0.99201648219057
12.5188194097049	0.98844925841577
12.5256528264132	0.98507818496388
12.5324862431216	0.981928400829586
12.5393196598299	0.979025245908244
12.5461530765383	0.976394231770896
12.5529864932466	0.974061011434887
12.559819909955	0.972051348136755
12.5666533266633	0.970391083115455
12.5734867433717	0.969106102415663
12.58032016008	0.968222302722309
12.5871535767884	0.967765556239252
12.5939869934967	0.967761674626617
12.6008204102051	0.968236372013113
12.6076538269135	0.969215227101383
12.6144872436218	0.970723644386369
12.6213206603302	0.972786814508513
12.6281540770385	0.975429673765629
12.6349874937469	0.978676862809304
12.6418209104552	0.982552684553764
12.6486543271636	0.987081061327271
12.6554877438719	0.992285491298385
12.6623211605803	0.998189004211623
12.6691545772886	1.00481411646942
12.675987993997	1.01218278559971
12.6828214107054	1.0203163641508
12.6896548274137	1.02923555305793
12.6964882441221	1.0389603545282
12.7033216608304	1.04951002449357
12.7101550775388	1.06090302468397
12.7169884942471	1.07315697437558
12.7238219109555	1.08628860187214
12.7306553276638	1.1003136957801
12.7374887443722	1.11524705614107
12.7443221610805	1.13110244548872
12.7511555777889	1.1478925398997
12.7579889944972	1.16562888011178
12.7648224112056	1.18432182278546
12.771655827914	1.20398049198874
12.7784892446223	1.22461273098785
12.7853226613307	1.24622505443062
12.792156078039	1.26882260101219
12.7989894947474	1.2924090867168
12.8058229114557	1.31698675873261
12.8126563281641	1.34255635014063
12.8194897448724	1.36911703548221
12.8263231615808	1.39666638731383
12.8331565782891	1.42520033386127
12.8399899949975	1.45471311788996
12.8468234117059	1.48519725691142
12.8536568284142	1.51664350485076
12.8604902451226	1.54904081530371
12.8673236618309	1.58237630651599
12.8741570785393	1.61663522822238
12.8809904952476	1.65180093048708
12.887823911956	1.68785483469096
12.8946573286643	1.72477640681652
12.9014907453727	1.76254313318526
12.908324162081	1.80113049880692
12.9151575787894	1.84051196850489
12.9219909954977	1.88065897098654
12.9288244122061	1.92154088603187
12.9356578289145	1.96312503497908
12.9424912456228	2.00537667468994
12.9493246623312	2.04825899518332
12.9561580790395	2.09173312112937
12.9629914957479	2.13575811740273
12.9698249124562	2.18029099889745
12.9766583291646	2.22528674481147
12.9834917458729	2.27069831761388
12.9903251625813	2.31647668691296
12.9971585792896	2.36257085844812
13.003991995998	2.4089279084343
13.0108254127064	2.45549302349238
13.0176588294147	2.50220954640403
13.0244922461231	2.54901902793535
13.0313256628314	2.59586128497827
13.0381590795398	2.64267446526394
13.0449924962481	2.68939511890797
13.0518259129565	2.73595827705219
13.0586593296648	2.7822975378731
13.0654927463732	2.82834516023193
13.0723261630815	2.87403216524728
13.0791595797899	2.91928844607551
13.0859929964983	2.96404288618976
13.0928264132066	3.0082234864536
13.099659829915	3.05175750129019
13.1064932466233	3.09457158425282
13.1133266633317	3.13659194330806
13.12016008004	3.1777445061473
13.1269934967484	3.21795509584732
13.1338269134567	3.25714961720593
13.1406603301651	3.29525425408254
13.1474937468734	3.33219567807888
13.1543271635818	3.36790126889945
13.1611605802901	3.40229934673553
13.1679939969985	3.43531941702123
13.1748274137069	3.46689242791416
13.1816608304152	3.49695104085731
13.1884942471236	3.52542991458314
13.1953276638319	3.55226600292391
13.2021610805403	3.57739886679704
13.2089944972486	3.60077100073683
13.215827913957	3.62232817434785
13.2226613306653	3.64201978905824
13.2294947473737	3.65979925055424
13.236328164082	3.6756243572798
13.2431615807904	3.68945770538814
13.2499949974987	3.70126711053401
13.2568284142071	3.71102604689765
13.2636618309155	3.7187141038334
13.2704952476238	3.72431746053731
13.2773286643322	3.72782937912942
13.2841620810405	3.72925071654738
13.2909954977489	3.72859045564885
13.2978289144572	3.72586625592025
13.3046623311656	3.72110502418958
13.3114957478739	3.71434350574079
13.3183291645823	3.70562889622608
13.3251625812906	3.6950194747719
13.331995997999	3.6825852586724
13.3388294147074	3.66840868006246
13.3456628314157	3.65258528495995
13.3524962481241	3.63522445506384
13.3593296648324	3.61645015269167
13.3661630815408	3.596401689236
13.3729964982491	3.57523451751477
13.3798299149575	3.55312104838601
13.3866633316658	3.53025149199169
13.3934967483742	3.50683472398912
13.4003301650825	3.48309917712213
13.4071635817909	3.45929375847646
13.4139969984993	3.43568879275607
13.4208304152076	3.41257699190827
13.427663831916	3.39027445141612
13.4344972486243	3.36912167356658
13.4413306653327	3.34948461799175
13.448164082041	3.33175577976895
13.4549974987494	3.31635529535292
13.4618309154577	3.30373207659989
13.4686643321661	3.29436497312895
13.4754977488744	3.28876396325123
13.4823311655828	3.28747137368101
13.4891645822911	3.29106312822572
13.4959979989995	3.30015002563394
13.5028314157079	3.31537904676104
13.5096648324162	3.33743469119195
13.5164982491246	3.36704034343919
13.5233316658329	3.40495966881159
13.5301650825413	3.45199803902567
13.5369984992496	3.50900398760641
13.543831915958	3.57687069509781
13.5506653326663	3.65653750407658
13.5574987493747	3.7489914639329
13.564332166083	3.85526890535164
13.5711655827914	3.97645704439664
13.5779989994997	4.11369561606655
13.5848324162081	4.26817853715556
13.5916658329165	4.44115559821753
13.5984992496248	4.63393418439267
13.6053326663332	4.8478810248159
13.6121660830415	5.0844239702866
13.6189994997499	5.34505379883384
13.6258329164582	5.6313260487682
13.6326663331666	5.94486287876198
13.6394997498749	6.28735495445384
13.6463331665833	6.6605633610204
13.6531665832916	7.06632154110466
13.66	7.50653725743785
13.67	0
14.0369696969697	0
14.4039393939394	0
14.7709090909091	0
15.1378787878788	0
15.5048484848485	0
15.8718181818182	0
16.2387878787879	0
16.6057575757576	0
16.9727272727273	0
17.339696969697	0
17.7066666666667	0
18.0736363636364	0
18.4406060606061	0
18.8075757575758	0
19.1745454545455	0
19.5415151515151	0
19.9084848484849	0
20.2754545454545	0
20.6424242424242	0
21.0093939393939	0
21.3763636363636	0
21.7433333333333	0
22.110303030303	0
22.4772727272727	0
22.8442424242424	0
23.2112121212121	0
23.5781818181818	0
23.9451515151515	0
24.3121212121212	0
24.6790909090909	0
25.0460606060606	0
25.4130303030303	0
25.78	0
26.1469696969697	0
26.5139393939394	0
26.8809090909091	0
27.2478787878788	0
27.6148484848485	0
27.9818181818182	0
28.3487878787879	0
28.7157575757576	0
29.0827272727273	0
29.449696969697	0
29.8166666666667	0
30.1836363636364	0
30.5506060606061	0
30.9175757575758	0
31.2845454545455	0
31.6515151515151	0
32.0184848484849	0
32.3854545454545	0
32.7524242424242	0
33.1193939393939	0
33.4863636363636	0
33.8533333333333	0
34.220303030303	0
34.5872727272727	0
34.9542424242424	0
35.3212121212121	0
35.6881818181818	0
36.0551515151515	0
36.4221212121212	0
36.7890909090909	0
37.1560606060606	0
37.5230303030303	0
37.89	0
38.2569696969697	0
38.6239393939394	0
38.9909090909091	0
39.3578787878788	0
39.7248484848485	0
40.0918181818182	0
40.4587878787879	0
40.8257575757576	0
41.1927272727273	0
41.559696969697	0
41.9266666666667	0
42.2936363636364	0
42.6606060606061	0
43.0275757575758	0
43.3945454545455	0
43.7615151515151	0
44.1284848484848	0
44.4954545454545	0
44.8624242424242	0
45.2293939393939	0
45.5963636363636	0
45.9633333333333	0
46.330303030303	0
46.6972727272727	0
47.0642424242424	0
47.4312121212121	0
47.7981818181818	0
48.1651515151515	0
48.5321212121212	0
48.8990909090909	0
49.2660606060606	0
49.6330303030303	0
50	0
