time	Ins41abschange
0	0.135223488366118
0.00683341670835418	0.0028146729356515
0.0136668334167084	-0.139376072328666
0.0205002501250625	-0.286784187087386
0.0273336668334167	-0.434029358012713
0.0341670835417709	-0.574905781302132
0.0410005002501251	-0.702492852267045
0.0478339169584792	-0.80942458126822
0.0546673336668334	-0.888339805992411
0.0615007503751876	-0.932505435651825
0.0683341670835418	-0.936562224965347
0.075167583791896	-0.897293857493782
0.0820010005002501	-0.814279517964718
0.0888344172086043	-0.690276199259078
0.0956678339169585	-0.531205362884962
0.102501250625313	-0.345692267182131
0.109334667333667	-0.144209168922491
0.116168084042021	0.0620269683862187
0.123001500750375	0.262191760786018
0.129834917458729	0.446817040715557
0.136668334167084	0.608432769642233
0.143501750875438	0.741832507198031
0.150335167583792	0.843999013561357
0.157168584292146	0.913788491576365
0.1640020010005	0.951494189049244
0.170835417708854	0.958398363119056
0.177668834417209	0.936390347893804
0.184502251125563	0.887692398394562
0.191335667833917	0.814704164771343
0.198169084542271	0.719955324480263
0.205002501250625	0.606143860683629
0.211835917958979	0.476232160249235
0.218669334667334	0.333571401825124
0.225502751375688	0.182024087894519
0.232336168084042	0.0260537790592623
0.239169584792396	-0.12924969269143
0.24600300150075	-0.278240333754847
0.252836418209105	-0.414906845805797
0.259669834917459	-0.533196899082139
0.266503251625813	-0.627465611685784
0.273336668334167	-0.693009225305341
0.280170085042521	-0.726612705717904
0.287003501750875	-0.727014997980131
0.29383691845923	-0.695189506853777
0.300670335167584	-0.634358649420243
0.307503751875938	-0.54971012509779
0.314337168584292	-0.447847572038007
0.321170585292646	-0.336069501357392
0.328004002001	-0.221607127384231
0.334837418709355	-0.110952070226794
0.341670835417709	-0.00937119218710637
0.348504252126063	0.0793474007830449
0.355337668834417	0.15292674551236
0.362171085542771	0.210460035127217
0.369004502251126	0.252161809100612
0.37583791895948	0.279074898917489
0.382671335667834	0.292782533838089
0.389504752376188	0.295156509076396
0.396338169084542	0.288155385364111
0.403171585792896	0.273674343557444
0.410005002501251	0.253441148558212
0.416838419209605	0.228949814714147
0.423671835917959	0.201423591352216
0.430505252626313	0.171800430520304
0.437338669334667	0.140736112649623
0.444172086043022	0.108622028738087
0.451005502751376	0.0756159254650738
0.45783891945973	0.0416846264263505
0.464672336168084	0.00665792623400048
0.471505752876438	-0.0297073697429059
0.478339169584792	-0.0676547487076098
0.485172586293147	-0.107348737213931
0.492006003001501	-0.148791934215845
0.498839419709855	-0.191741997433631
0.505672836418209	-0.235633374269247
0.512506253126563	-0.279509872761611
0.519339669834918	-0.321975788945665
0.526173086543272	-0.361175095954681
0.533006503251626	-0.394809627199275
0.53983991995998	-0.420207746853446
0.546673336668334	-0.434453624886426
0.553506753376688	-0.434582894653766
0.560340170085043	-0.417842294233245
0.567173586793397	-0.381998745954548
0.574007003501751	-0.325668457136062
0.580840420210105	-0.248622065630508
0.587673836918459	-0.152012277424731
0.594507253626813	-0.038471064956728
0.601340670335168	0.0879620242966384
0.608174087043522	0.222090795240318
0.615007503751876	0.357966711543206
0.62184092046023	0.489386387694908
0.628674337168584	0.610400618396269
0.635507753876939	0.715752170168451
0.642341170585293	0.801179189354428
0.649174587293647	0.863554641675408
0.656008004002001	0.900868755915004
0.662841420710355	0.912090649996283
0.669674837418709	0.896961117808732
0.676508254127064	0.855770340390075
0.683341670835418	0.789165612345519
0.690175087543772	0.698020323233575
0.697008504252126	0.583381174465567
0.70384192096048	0.44649891927384
0.710675337668834	0.288939650919803
0.717508754377189	0.112767931983046
0.724342171085543	-0.0792121948814776
0.731175587793897	-0.283179473239544
0.738009004502251	-0.494013323764172
0.744842421210605	-0.705055617459422
0.75167583791896	-0.907983653193929
0.758509254627314	-1.09287908196314
0.765342671335668	-1.24858455158115
0.772176088044022	-1.36342422355585
0.779009504752376	-1.42631313651477
0.78584292146073	-1.42818706319659
0.792676338169085	-1.36355923670553
0.799509754877439	-1.23188872723313
0.806343171585793	-1.03838500279456
0.813176588294147	-0.793930991832212
0.820010005002501	-0.514001178925071
0.826843421710855	-0.216733331097087
0.83367683841921	0.0794256170005106
0.840510255127564	0.357953114032181
0.847343671835918	0.605884153259245
0.854177088544272	0.814585333238831
0.861010505252626	0.97968008518151
0.867843921960981	1.10034241378299
0.874677338669335	1.17826471805267
0.881510755377689	1.21658261368071
0.888344172086043	1.21895316065613
0.895177588794397	1.18888326918247
0.902011005502751	1.12932527355632
0.908844422211106	1.04250838338081
0.91567783891946	0.929955170860316
0.922511255627814	0.792632701864435
0.929344672336168	0.631199283452692
0.936178089044522	0.446322852129636
0.943011505752877	0.239060501251064
0.949844922461231	0.0112964716917585
0.956678339169585	-0.233765357930425
0.963511755877939	-0.491071851042864
0.970345172586293	-0.753198810039326
0.977178589294647	-1.00992357010743
0.984012006003002	-1.24803003943398
0.990845422711356	-1.45153385730183
0.99767883941971	-1.60253934087001
1.00451225612806	-1.68289986302679
1.01134567283642	-1.67670490602558
1.01817908954477	-1.57333998366932
1.02501250625313	-1.37051013750727
1.03184592296148	-1.07633297279978
1.03867933966984	-0.709601241891201
1.04551275637819	-0.297729014886417
1.05234617308654	0.127343313313486
1.0591795897949	0.534227265932092
1.06601300650325	0.896703702669455
1.07284642321161	1.19667057967221
1.07967983991996	1.42492454974028
1.08651325662831	1.58006334117394
1.09334667333667	1.66627991326137
1.10018009004502	1.69088653242939
1.10701350675338	1.66217965708466
1.11384692346173	1.58793906748936
1.12068034017009	1.47459569378022
1.12751375687844	1.32695532298578
1.13434717358679	1.14831671989046
1.14118059029515	0.940835866384517
1.1480140070035	0.706028837398488
1.15484742371186	0.445350886383043
1.16168084042021	0.160824479121119
1.16851425712856	-0.144294203077645
1.17534767383692	-0.464827304833863
1.18218109054527	-0.793013918264365
1.18901450725363	-1.11797454169161
1.19584792396198	-1.42546064507978
1.20268134067034	-1.69809801212405
1.20951475737869	-1.91634306032735
1.21634817408704	-2.0603060229472
1.2231815907954	-2.1124171452919
1.23001500750375	-2.06061561678826
1.23684842421211	-1.90139463372884
1.24368184092046	-1.64180164084584
1.25051525762881	-1.29956429366397
1.25734867433717	-0.900980281967117
1.26418209104552	-0.476943132796197
1.27101550775388	-0.0581474674174973
1.27784892446223	0.329218133169314
1.28468234117059	0.666254906519443
1.29151575787894	0.942215801861334
1.29834917458729	1.1537040097486
1.30518259129565	1.30286046934829
1.312016008004	1.39524697996507
1.31884942471236	1.43794984044507
1.32568284142071	1.43817210783362
1.33251625812906	1.40236791566144
1.33934967483742	1.33584411601595
1.34618309154577	1.24270496229865
1.35301650825413	1.12601667926249
1.35984992496248	0.988093702644979
1.36668334167084	0.830838990406649
1.37351675837919	0.656097407857893
1.38035017508754	0.465999617712125
1.3871835917959	0.263282982103795
1.39401700850425	0.0515760787041551
1.40085042521261	-0.164373940840608
1.40768384192096	-0.378563946266162
1.41451725862931	-0.583732441393852
1.42135067533767	-0.771543804308014
1.42818409204602	-0.933004675835159
1.43501750875438	-1.05913287991479
1.44185092546273	-1.14185180790911
1.44868434217109	-1.17501721179623
1.45551775887944	-1.15541348810544
1.46235117558779	-1.08350857949417
1.46918459229615	-0.963760020311178
1.4760180090045	-0.804337225939511
1.48285142571286	-0.616257526768566
1.48968484242121	-0.41208531734486
1.49651825912956	-0.204458672360284
1.50335167583792	-0.00474116339061573
1.51018509254627	0.177961247299463
1.51701850925463	0.337298213983236
1.52385192596298	0.469699391841892
1.53068534267134	0.574034771390938
1.53751875937969	0.651063878018197
1.54435217608804	0.702819712665545
1.5511855927964	0.732035575165575
1.55801900950475	0.741676268306876
1.56485242621311	0.734594946621681
1.57168584292146	0.713309727822154
1.57851925962982	0.679880213192044
1.58535267633817	0.635860031831328
1.59218609304652	0.582303491659404
1.59901950975488	0.519809146114301
1.60585292646323	0.448588449294967
1.61268634317159	0.368552548762657
1.61951975987994	0.279414211353675
1.62635317658829	0.18080481746945
1.63318659329665	0.0724082911691791
1.640020010005	-0.0458851958639708
1.64685342671336	-0.173803190828306
1.65368684342171	-0.310491889881201
1.66052026013007	-0.454297334282137
1.66735367683842	-0.602537135128972
1.67418709354677	-0.751283399226469
1.68102051025513	-0.895191535377462
1.68785392696348	-1.02742606598607
1.69468734367184	-1.13975016321778
1.70152076038019	-1.22285393171626
1.70835417708854	-1.26698763044344
1.7151875937969	-1.2629286198445
1.72202101050525	-1.20323703632673
1.72885442721361	-1.08364950937256
1.73568784392196	-0.904347923669211
1.74252126063032	-0.670768295214558
1.74935467733867	-0.393637563069344
1.75618809404702	-0.0880747685043382
1.76302151075538	0.228156110984974
1.76985492746373	0.536888542713228
1.77668834417209	0.821772907068538
1.78352176088044	1.069970586238
1.79035517758879	1.27300872810327
1.79718859429715	1.42675172575369
1.8040220110055	1.53067966467102
1.81085542771386	1.58678522178634
1.81768884442221	1.59839963073578
1.82452226113057	1.56917681409818
1.83135567783892	1.5023576595037
1.83818909454727	1.40034444377753
1.84502251125563	1.26455672501534
1.85185592796398	1.09551538850209
1.85868934467234	0.893103175805514
1.86552276138069	0.65696793791748
1.87235617808904	0.387059161754619
1.8791895947974	0.084309185183702
1.88602301150575	-0.248522943629326
1.89285642821411	-0.605846617371935
1.89968984492246	-0.978132028200723
1.90652326163082	-1.35085731480543
1.91335667833917	-1.70380568972164
1.92019009504752	-2.01115915394329
1.92702351175588	-2.24293830481428
1.93385692846423	-2.36827200926086
1.94069034517259	-2.36058826187267
1.94752376188094	-2.20402149898626
1.95435717858929	-1.89933351297499
1.96119059529765	-1.46701079710079
1.968024012006	-0.945602266392223
1.97485742871436	-0.385007026015135
1.98169084542271	0.16336992482085
1.98852426213107	0.656217982063293
1.99535767883942	1.06456704210698
2.00219109554777	1.37534139253795
2.00902451225613	1.5889387046492
2.01585792896448	1.71472494962463
2.02269134567284	1.76633413465582
2.02952476238119	1.75795518854094
2.03635817908954	1.7019983971869
2.0431915957979	1.60800848366187
2.05002501250625	1.48247482294592
2.05685842921461	1.32917915312697
2.06369184592296	1.14980378691229
2.07052526263132	0.944625803339806
2.07735867933967	0.713211823063967
2.08419209604802	0.455093556090629
2.09102551275638	0.170445014195568
2.09785892946473	-0.139201978863846
2.10469234617309	-0.470177742792594
2.11152576288144	-0.815841674120087
2.11835917958979	-1.16577145304533
2.12519259629815	-1.50513379123364
2.1320260130065	-1.81448842468676
2.13885942971486	-2.07035577723426
2.14569284642321	-2.24689889436016
2.15252626313157	-2.31895430677172
2.15935967983992	-2.26630900413815
2.16619309654827	-2.07855515518588
2.17302651325663	-1.75923959401796
2.17985992996498	-1.3277289539287
2.18669334667334	-0.817596279017181
2.19352676338169	-0.271449851668117
2.20036018009005	0.266471894362495
2.2071935967984	0.757677525460876
2.21402701350675	1.17460197050888
2.22086043021511	1.50247179187473
2.22769384692346	1.73809629404711
2.23452726363182	1.88675333195432
2.24136068034017	1.9585356483221
2.24819409704852	1.96516840238135
2.25502751375688	1.91777512911553
2.26186093046523	1.82563771744284
2.26869434717359	1.69576147496661
2.27552776388194	1.53298803364681
2.2823611805903	1.34042645296783
2.28919459729865	1.12003760793548
2.296028014007	0.873274206707011
2.30286143071536	0.601732296520832
2.30969484742371	0.307802961858461
2.31652826413207	-0.00467825289325167
2.32336168084042	-0.329803230428881
2.33019509754877	-0.65904332083732
2.33702851425713	-0.980894945878028
2.34386193096548	-1.28088474090113
2.35069534767384	-1.54212598550192
2.35752876438219	-1.74658684620997
2.36436218109055	-1.87711355371576
2.3711955977989	-1.9200362441993
2.37802901450725	-1.86790616026416
2.38486243121561	-1.72167410339462
2.39169584792396	-1.49157302057864
2.39852926463232	-1.1962240963981
2.40536268134067	-0.860011227852073
2.41219609804902	-0.509353807758894
2.41902951475738	-0.1688710119218
2.42586293146573	0.141604382674659
2.43269634817409	0.408595652401704
2.43952976488244	0.625092928080527
2.4463631815908	0.789574635291695
2.45319659829915	0.904478649191144
2.4600300150075	0.974609516928192
2.46686343171586	1.00579787425875
2.47369684842421	1.00394599958981
2.48053026513257	0.974459737235913
2.48736368184092	0.921995614699358
2.49419709854927	0.850429897796113
2.50103051525763	0.762963250561549
2.50786393196598	0.662293655066927
2.51469734867434	0.550810770231102
2.52153076538269	0.430781923076012
2.52836418209105	0.30451191352875
2.5351975987994	0.174466127117265
2.54203101550775	0.0433502677237071
2.54886443221611	-0.0858581981229654
2.55569784892446	-0.209930625598089
2.56253126563282	-0.325461750529782
2.56936468234117	-0.428996887536314
2.57619809904952	-0.517205337674761
2.58303151575788	-0.587086993558751
2.58986493246623	-0.636192089357237
2.59669834917459	-0.662828159089447
2.60353176588294	-0.666225442020668
2.6103651825913	-0.646633871546846
2.61719859929965	-0.605332192932452
2.624032016008	-0.544542050377345
2.63086543271636	-0.467254878811502
2.63769884942471	-0.376993821400683
2.64453226613307	-0.277543215111658
2.65136568284142	-0.172681972728008
2.65819909954977	-0.0659537814646669
2.66503251625813	0.0395022670202573
2.67186593296648	0.141049511726708
2.67869934967484	0.236581502364627
2.68553276638319	0.324491248616826
2.69236618309155	0.403599466424705
2.6991995997999	0.473061043247108
2.70603301650825	0.532267042814301
2.71286643321661	0.580755336643407
2.71969984992496	0.618137776135665
2.72653326663332	0.644046915322312
2.73336668334167	0.658101514686613
2.74020010005003	0.659887843190714
2.74703351675838	0.648953199628392
2.75386693346673	0.624808838449519
2.76070035017509	0.586941159377166
2.76753376688344	0.534832090120071
2.7743671835918	0.467991597616753
2.78120060030015	0.386006863716719
2.7880340170085	0.288613641733646
2.79486743371686	0.175795520199462
2.80170085042521	0.0479160592040533
2.80853426713357	-0.0941133273009911
2.81536768384192	-0.248630907242559
2.82220110055028	-0.412995545885702
2.82903451725863	-0.583349359232839
2.83586793396698	-0.754404883495851
2.84270135067534	-0.919307265548814
2.84953476738369	-1.06964021274163
2.85636818409205	-1.19565722051481
2.8632016008004	-1.28681727591382
2.87003501750875	-1.33267463611829
2.87686843421711	-1.32410517003979
2.88370185092546	-1.25474730642032
2.89053526763382	-1.12241428070301
2.89736868434217	-0.930140829168057
2.90420210105053	-0.686519512643862
2.91103551775888	-0.405101264115443
2.91786893446723	-0.102872008519149
2.92470235117559	0.201904105936228
2.93153576788394	0.491980922169048
2.9383691845923	0.753038500244066
2.94520260130065	0.97482626553555
2.952036018009	1.15142248393689
2.95886943471736	1.2807415364579
2.96570285142571	1.36357235325115
2.97253626813407	1.40246009699154
2.97936968484242	1.40068019515827
2.98620310155078	1.36145255240245
2.99303651825913	1.2874488022424
2.99986993496748	1.18057976343675
3.00670335167584	1.04201784658703
3.01353676838419	0.872403433757063
3.02037018509255	0.67219522027443
3.0272036018009	0.442142268658491
3.03403701850925	0.183870997513853
3.04087043521761	-0.0994152531513176
3.04770385192596	-0.402141692821302
3.05453726863432	-0.715532452696225
3.06137068534267	-1.0268781204493
3.06820410205103	-1.31912935495875
3.07503751875938	-1.57114402466237
3.08187093546773	-1.75896657698911
3.08870435217609	-1.85844067241468
3.09553776888444	-1.84915650087183
3.1023711855928	-1.71918305760343
3.10920460230115	-1.46937745525578
3.1160380190095	-1.11565912267712
3.12287143571786	-0.687907758387691
3.12970485242621	-0.225228946687478
3.13653826913457	0.231183647554313
3.14337168584292	0.645303679777696
3.15020510255128	0.991395582034371
3.15703851925963	1.25584082072154
3.16387193596798	1.43591603158686
3.17070535267634	1.53672492729125
3.17753876938469	1.56766454944173
3.18437218609305	1.53942055675299
3.1912056028014	1.46193554744266
3.19803901950976	1.34336386442917
3.20487243621811	1.18980366131351
3.21170585292646	1.00554291641259
3.21853926963482	0.793595315020718
3.22537268634317	0.556373036745979
3.23220610305153	0.296409940591989
3.23903951975988	0.0170927672189817
3.24587293646823	-0.276627017590858
3.25270635317659	-0.577582582522028
3.25953976988494	-0.875882750588986
3.2663731865933	-1.15867589665025
3.27320660330165	-1.41036129906853
3.28004002001001	-1.61343151197833
3.28687343671836	-1.75007183942556
3.29370685342671	-1.80449074370865
3.30054027013507	-1.76570600075064
3.30737368684342	-1.63022236549469
3.31420710355178	-1.40383709088907
3.32104052026013	-1.10185824186006
3.32787393696848	-0.747398573486262
3.33470735367684	-0.368019391850081
3.34154077038519	0.00842126158094761
3.34837418709355	0.357604750454769
3.3552076038019	0.66135289107666
3.36204102051026	0.908591985651292
3.36887443721861	1.0948422944332
3.37570785392696	1.22076103552163
3.38254127063532	1.29034950303485
3.38937468734367	1.30930385934244
3.39620810405203	1.28377512093521
3.40304152076038	1.21961180115441
3.40987493746873	1.1220354067076
3.41670835417709	0.99564446975456
3.42354177088544	0.844635351406759
3.4303751875938	0.673143484001315
3.43720860430215	0.485628912576141
3.44404202101051	0.287244455454413
3.45087543771886	0.0841295911289281
3.45770885442721	-0.116430282453093
3.46454227113557	-0.306045137396253
3.47137568784392	-0.475525762087456
3.47820910455228	-0.615495028827339
3.48504252126063	-0.717295866393993
3.49187593796898	-0.774107104668027
3.49870935467734	-0.782085370941402
3.50554277138569	-0.741278347105327
3.51237618809405	-0.656044146522627
3.5192096048024	-0.534793043793427
3.52604302151076	-0.389033873889665
3.53287643821911	-0.231904404117233
3.53970985492746	-0.0765130779986937
3.54654327163582	0.0655446482874286
3.55337668834417	0.18521882300946
3.56021010505253	0.276472114843885
3.56704352176088	0.336231972836694
3.57387693846923	0.363986819892802
3.58071035517759	0.361217394563391
3.58754377188594	0.330824988383431
3.5943771885943	0.276658465759235
3.60121060530265	0.203179916318835
3.60804402201101	0.115261010503667
3.61487743871936	0.0180732804355652
3.62171085542771	-0.0829767901267843
3.62854427213607	-0.18231744935396
3.63537768884442	-0.274328146579794
3.64221110555278	-0.353531272229446
3.64904452226113	-0.414869045172885
3.65587793896948	-0.454052708144483
3.66271135567784	-0.46794682129079
3.66954477238619	-0.454930118275309
3.67637818909455	-0.415162557384791
3.6832116058029	-0.350692075668905
3.69004502251126	-0.265357074054241
3.69687843921961	-0.164478797288145
3.70371185592796	-0.0543820209554703
3.71054527263632	0.0581804721065247
3.71737868934467	0.166606132048581
3.72421210605303	0.2649364967041
3.73104552276138	0.348206950198094
3.73787893946974	0.412630815095072
3.74471235617809	0.45563280207074
3.75154577288644	0.475772469430585
3.7583791895948	0.472609119578986
3.76521260630315	0.446556885727182
3.77204602301151	0.398767141183559
3.77887943971986	0.331059828308156
3.78571285642821	0.245909636135947
3.79254627313657	0.146479058747198
3.79937968984492	0.0366786019564135
3.80621310655328	-0.0787755973283618
3.81304652326163	-0.194344808132732
3.81987993996999	-0.30373511965538
3.82671335667834	-0.400093362130843
3.83354677338669	-0.476366786806498
3.84038019009505	-0.525839400569316
3.8472136068034	-0.542819936769703
3.85404702351176	-0.523406269361924
3.86088044022011	-0.466200129987741
3.86771385692846	-0.372813419711502
3.87454727363682	-0.248014354671972
3.88138069034517	-0.0994203847586126
3.88821410705353	0.0632524368733684
3.89504752376188	0.229257846727213
3.90188094047024	0.387993383184103
3.90871435717859	0.530046054925696
3.91554777388694	0.647926102324622
3.9223811905953	0.736404582655185
3.92921460730365	0.79247798404165
3.93604802401201	0.815062009698287
3.94288144072036	0.804549616345676
3.94971485742871	0.762359110018851
3.95654827413707	0.690563153977715
3.96338169084542	0.591647299000537
3.97021510755378	0.46840998512551
3.97704852426213	0.323990219409513
3.98388194097049	0.16199367237453
3.99071535767884	-0.0133209777507462
3.99754877438719	-0.196840155969377
4.00438219109555	-0.382429520603675
4.0112156078039	-0.562862912299483
4.01804902451226	-0.729909402960544
4.02488244122061	-0.874637448312293
4.03171585792896	-0.987974645492338
4.03854927463732	-1.06151896135347
4.04538269134567	-1.08853268014671
4.05221610805403	-1.06497476697476
4.05904952476238	-0.990364711892451
4.06588294147074	-0.868252719845059
4.07271635817909	-0.706122554259389
4.07954977488744	-0.514675524138058
4.0863831915958	-0.306604153759047
4.09321660830415	-0.0951039794373718
4.10005002501251	0.107564315065025
4.10688344172086	0.291186581141171
4.11371685842921	0.448220810309664
4.12055027513757	0.573920552894388
4.12738369184592	0.666057838632976
4.13421710855428	0.72440792630782
4.14105052526263	0.7501603182658
4.14788394197099	0.745383228670551
4.15471735867934	0.712616737194656
4.16155077538769	0.654622105201441
4.16838419209605	0.57428042993526
4.1752176088044	0.474614055179224
4.18205102551276	0.358895421580722
4.18888444222111	0.230805411453221
4.19571785892946	0.0946024538976663
4.20255127563782	-0.0447378569373246
4.20938469234617	-0.181455550052092
4.21621810905453	-0.309056375963454
4.22305152576288	-0.420521506238062
4.22988494247124	-0.50870672917986
4.23671835917959	-0.566934106034645
4.24355177588794	-0.589736128718935
4.2503851925963	-0.573658733626177
4.25721860930465	-0.517979141548125
4.26405202601301	-0.425168805715796
4.27088544272136	-0.300951654947968
4.27771885942972	-0.153881776374662
4.28455227613807	0.00552150429118916
4.29138569284642	0.165926308432942
4.29821910955478	0.316398504501004
4.30505252626313	0.447435897119146
4.31188594297149	0.551660016287172
4.31871935967984	0.62410709737692
4.32555277638819	0.6621652462197
4.33238619309655	0.665274002046244
4.3392196098049	0.634523431649325
4.34605302651326	0.572270607755155
4.35288644322161	0.481850004077013
4.35971985992996	0.36740852836866
4.36655327663832	0.233856594632118
4.37338669334667	0.0868976307920434
4.38022011005503	-0.0669209417550966
4.38705352676338	-0.220203581526886
4.39388694347174	-0.364820908194071
4.40072036018009	-0.492205986831765
4.40755377688844	-0.593871944952173
4.4143871935968	-0.662145627409057
4.42122061030515	-0.691048791962423
4.42805402701351	-0.677188773206271
4.43488744372186	-0.620468152234607
4.44172086043022	-0.524416339881227
4.44855427713857	-0.396004675428519
4.45538769384692	-0.244925555770905
4.46222111055528	-0.0824594598554224
4.46905452726363	0.0798328211620354
4.47588794397199	0.231317967344036
4.48272136068034	0.363174338083837
4.48955477738869	0.468842172900449
4.49638819409705	0.544055298428821
4.5032216108054	0.586563857583766
4.51005502751376	0.595698336270781
4.51688844422211	0.571917003342004
4.52372186093047	0.516441209915673
4.53055527763882	0.431037046286147
4.53738869434717	0.317962099946698
4.54422211105553	0.18006797204985
4.55105552776388	0.0210311834000832
4.55788894447224	-0.154328228433161
4.56472236118059	-0.339695774513894
4.57155577788894	-0.526954733703218
4.5783891945973	-0.706022684392561
4.58522261130565	-0.86495845735743
4.59205602801401	-0.990475625730398
4.59888944472236	-1.06897201887211
4.60572286143072	-1.08809817955073
4.61255627813907	-1.03873064949651
4.61938969484742	-0.917011811023132
4.62622311155578	-0.725939156734941
4.63305652826413	-0.475941884128645
4.63988994497249	-0.18406132952028
4.64672336168084	0.128252272595741
4.65355677838919	0.438242658349329
4.66039019509755	0.725041813812069
4.6672236118059	0.972140042475459
4.67405702851426	1.16862408829985
4.68089044522261	1.30912834174578
4.68772386193097	1.39282285817086
4.69455727863932	1.42193343180615
4.70139069534767	1.40025379057777
4.70822411205603	1.33195608115766
4.71505752876438	1.22083243758226
4.72189094547274	1.0699700732545
4.72872436218109	0.881793606840407
4.73555777888944	0.658391208622249
4.7423911955978	0.402054327076156
4.74922461230615	0.115982007969267
4.75605802901451	-0.194889037405394
4.76289144572286	-0.522983223219441
4.76972486243122	-0.857218482749451
4.77655827913957	-1.18235981762424
4.78339169584792	-1.47887973741544
4.79022511255628	-1.72368536363451
4.79705852926463	-1.89205493158591
4.80389194597299	-1.96093229056103
4.81072536268134	-1.91329751904394
4.8175587793897	-1.74272405762892
4.82439219609805	-1.45670375881716
4.8312256128064	-1.07726538973168
4.83805902951476	-0.638104628274619
4.84489244622311	-0.178731025868643
4.85172586293147	0.262613553025166
4.85855927963982	0.655035813895469
4.86539269634817	0.978420748108773
4.87222611305653	1.22378811694586
4.87905952976488	1.39128872530067
4.88589294647324	1.48707866730415
4.89272636318159	1.52019880982206
4.89955977988994	1.50014094064323
4.9063931965983	1.43532251111916
4.91322661330665	1.33238729642097
4.92006003001501	1.1961184950614
4.92689344672336	1.02974037664528
4.93372686343172	0.835432742301644
4.94056028014007	0.614945554904764
4.94739369684843	0.370255224611934
4.95422711355678	0.104238053266711
4.96106053026513	-0.178654394275449
4.96789394697349	-0.471749738892944
4.97472736368184	-0.765610316796855
4.9815607803902	-1.0477152327223
4.98839419709855	-1.30254740228353
4.9952276138069	-1.51229090768078
5.00206103051526	-1.65831025323925
5.00889444722361	-1.72345110812034
5.01572786393197	-1.69495309078032
5.02256128064032	-1.56743860360077
5.02939469734867	-1.34516558971804
5.03622811405703	-1.04269361201769
5.04306153076538	-0.683447310286492
5.04989494747374	-0.296318670597573
5.05672836418209	0.088842947987823
5.06356178089045	0.445605938133972
5.0703951975988	0.754071891122677
5.07722861430715	1.00216228933464
5.08406203101551	1.18518077541646
5.09089544772386	1.30422727285365
5.09772886443222	1.3641746605373
5.10456228114057	1.3717810897417
5.11139569784893	1.33425914050444
5.11822911455728	1.2583912773711
5.12506253126563	1.15013182527701
5.13189594797399	1.01457075949721
5.13872936468234	0.856127606308941
5.1455627813907	0.678865207351721
5.15239619809905	0.486841530474334
5.1592296148074	0.284441220694894
5.16606303151576	0.0766427999613937
5.17289644822411	-0.130816864264922
5.17972986493247	-0.331417756361405
5.18656328164082	-0.518005062052579
5.19339669834917	-0.683132065488389
5.20023011505753	-0.819593532421416
5.20706353176588	-0.921106497691045
5.21389694847424	-0.983049246432345
5.22073036518259	-1.00312945139258
5.22756378189095	-0.981836246529565
5.2343971985993	-0.922552901810505
5.24123061530765	-0.831269614072197
5.24806403201601	-0.71592566301394
5.25489744872436	-0.585498504320336
5.26173086543272	-0.449013445203146
5.26856428214107	-0.314652664214217
5.27539769884943	-0.189098651310514
5.28223111555778	-0.0771751741299453
5.28906453226613	0.0182239333121868
5.29589794897449	0.0959798708918082
5.30273136568284	0.156451991772602
5.3095647823912	0.201119366775633
5.31639819909955	0.232221647788698
5.3232316158079	0.252435647189777
5.33006503251626	0.264602678343078
5.33689844922461	0.271507209678856
5.34373186593297	0.275700232916686
5.35056528264132	0.279359438271062
5.35739869934967	0.284180580889218
5.36423211605803	0.291298097524866
5.37106553276638	0.301236304053612
5.37789894947474	0.313894185568769
5.38473236618309	0.328566371258566
5.39156578289145	0.344000529287765
5.3983991995998	0.358487866259131
5.40523261630815	0.369979779159456
5.41206603301651	0.376221131914888
5.41889944972486	0.374889960706722
5.42573286643322	0.363734942808007
5.43256628314157	0.340705354297179
5.43939969984993	0.304072649804437
5.44623311655828	0.25254712846265
5.45306653326663	0.185396312841728
5.45989994997499	0.102572753321897
5.46673336668334	0.00485726753819706
5.4735667833917	-0.105981420021486
5.48040020010005	-0.227018504641382
5.4872336168084	-0.354017069795154
5.49406703351676	-0.481321132897954
5.50090045022511	-0.601852379712251
5.50773386693347	-0.707279678322084
5.51456728364182	-0.788433800578475
5.52140070035018	-0.836021226734582
5.52823411705853	-0.841640165826478
5.53506753376688	-0.799016019888384
5.54190095047524	-0.705265869665345
5.54873436718359	-0.561907718754044
5.55556778389195	-0.375301797159234
5.5624012006003	-0.156292513410951
5.56923461730865	0.0809855854500367
5.57606803401701	0.320923973175068
5.58290145072536	0.548461686892484
5.58973486743372	0.750835317283462
5.59656828414207	0.918690856107296
5.60340170085043	1.04641442744349
5.61023511755878	1.13177134624719
5.61706853426713	1.17509543696606
5.62390195097549	1.17831108680369
5.63073536768384	1.14402188896374
5.6375687843922	1.07480982002144
5.64440220110055	0.972800749511035
5.6512356178089	0.839489700674389
5.65806903451726	0.675788262784762
5.66490245122561	0.482251257582828
5.67173586793397	0.259450145288211
5.67856928464232	0.00847611885039365
5.68540270135068	-0.268433482042568
5.69223611805903	-0.567154793933019
5.69906953476738	-0.880856613530425
5.70590295147574	-1.19918289118561
5.71273636818409	-1.50759860154722
5.71956978489245	-1.78715268379719
5.7264032016008	-2.01499730138436
5.73323661830915	-2.16602688803429
5.74007003501751	-2.21587891090349
5.74690345172586	-2.14518710218317
5.75373686843422	-1.94439852980622
5.76057028514257	-1.61784391431068
5.76740370185093	-1.18545899880174
5.77423711855928	-0.680966437380427
5.78107053526763	-0.146494984378906
5.78790395197599	0.374935998967684
5.79473736868434	0.846710975424786
5.8015707853927	1.24351282878954
5.80840420210105	1.55279497089823
5.8152376188094	1.77320662351821
5.82207103551776	1.91123698698472
5.82890445222611	1.97746609553234
5.83573786893447	1.98339867939179
5.84257128564282	1.93930645535045
5.84940470235118	1.85308243476812
5.85623811905953	1.72989416742408
5.86307153576788	1.57236923249473
5.86990495247624	1.38108393194101
5.87673836918459	1.15519964720274
5.88357178589295	0.893170028329023
5.8904052026013	0.593511849967044
5.89723861930966	0.255684614215744
5.90407203601801	-0.118851040989833
5.91090545272636	-0.525342243212518
5.91773886943472	-0.954238852727701
5.92457228614307	-1.3896327737423
5.93140570285143	-1.80800523260861
5.93823911955978	-2.17789549992936
5.94507253626813	-2.46132921216192
5.95190595297649	-2.61786871897631
5.95873936968484	-2.61167333901722
5.9655727863932	-2.42074412570282
5.97240620310155	-2.04581034396112
5.97923961980991	-1.5150791773835
5.98607303651826	-0.881619300790344
5.99290645322661	-0.212954493742138
5.99973986993497	0.423766561103874
6.00657328664332	0.97537007722195
6.01340670335168	1.41027984573918
6.02024012006003	1.71878244760215
6.02707353676838	1.9078965122333
6.03390695347674	1.99420094898408
6.04074037018509	1.99737734125865
6.04757378689345	1.93578818262938
6.0544072036018	1.82420034765323
6.06124062031016	1.67314948931414
6.06807403701851	1.48931374927576
6.07490745372686	1.2763820015409
6.08174087043522	1.03608409330118
6.08857428714357	0.769212440221671
6.09540770385193	0.476579039296521
6.10224112056028	0.159916897174809
6.10907453726863	-0.177246858078392
6.11590795397699	-0.528743696014971
6.12274137068534	-0.885001220386611
6.1295747873937	-1.2325090798272
6.13640820410205	-1.55374100705635
6.14324162081041	-1.82781138704525
6.15007503751876	-2.03211927233591
6.15690845422711	-2.14508181836793
6.16374187093547	-2.14974798247769
6.17057528764382	-2.03764704879538
6.17740870435218	-1.81182794047997
6.18424212106053	-1.48794987514102
6.19107553776889	-1.09270004339687
6.19790895447724	-0.659682324193334
6.20474237118559	-0.223864407339406
6.21157578789395	0.183807776137532
6.2184092046023	0.540197948903211
6.22524262131066	0.831480620851717
6.23207603801901	1.05253369374046
6.23890945472736	1.20497734857593
6.24574287143572	1.2947452723152
6.25257628814407	1.32987010640824
6.25940970485243	1.31883920887111
6.26624312156078	1.26959599040287
6.27307653826913	1.18909310012704
6.27990995497749	1.08323865630088
6.28674337168584	0.957077871319871
6.2935767883942	0.815083237239292
6.30041020510255	0.66146287832908
6.30724362181091	0.50042707641896
6.31407703851926	0.336374154035162
6.32091045522761	0.173970485746435
6.32774387193597	0.0181092722344012
6.33457728864432	-0.126256783633506
6.34141070535268	-0.25439925807661
6.34824412206103	-0.362185153466322
6.35507753876939	-0.446484346732396
6.36191095547774	-0.505543594130726
6.36874437218609	-0.539249625847974
6.37557778889445	-0.549213583620542
6.3824112056028	-0.538637942485932
6.38924462231116	-0.51196979156876
6.39607803901951	-0.474389317019032
6.40291145572786	-0.431215828830648
6.40974487243622	-0.387325743722218
6.41657828914457	-0.34666565717076
6.42341170585293	-0.311915494034353
6.43024512256128	-0.2843229656252
6.43707853926963	-0.263701903967753
6.44391195597799	-0.24856965194907
6.45074537268634	-0.236392948880085
6.4575787893947	-0.223913693149239
6.46441220610305	-0.207529929418165
6.47124562281141	-0.183708613395326
6.47807903951976	-0.149402950949286
6.48491245622811	-0.102439452270783
6.49174587293647	-0.0418322485391245
6.49857928964482	0.0320197959117976
6.50541270635318	0.11728921808015
6.51224612306153	0.210844817179172
6.51907953976989	0.308531191176988
6.52591295647824	0.40555818419849
6.53274637318659	0.496933334095133
6.53957978989495	0.577864468418915
6.5464132066033	0.64407192417233
6.55324662331166	0.691976060563094
6.56008004002001	0.718757077013576
6.56691345672836	0.722311481357327
6.57374687343672	0.701146741637735
6.58058029014507	0.654261089385776
6.58741370685343	0.581051374051242
6.59424712356178	0.481282462533282
6.60108054027013	0.355140933968643
6.60791395697849	0.203386115898955
6.61474737368684	0.0276029717880431
6.6215807903952	-0.169448060412143
6.62841420710355	-0.383403093574001
6.63524762381191	-0.607830041052405
6.64208104052026	-0.833802579015541
6.64891445722861	-1.04963332176006
6.65574787393697	-1.24093472608654
6.66258129064532	-1.39120805624285
6.66941470735368	-1.48314345611978
6.67624812406203	-1.50070678610684
6.68308154077039	-1.43186402820121
6.68991495747874	-1.27147642477653
6.69674837418709	-1.02359970874449
6.70358179089545	-0.702321768431866
6.7104152076038	-0.330537287997898
6.71724862431216	0.063313600767613
6.72408204102051	0.449762049205143
6.73091545772886	0.80280805010707
6.73774887443722	1.10317092304269
6.74458229114557	1.33961783059733
6.75141570785393	1.50843029551001
6.75824912456228	1.61161409290298
6.76508254127064	1.65463271003894
6.77191595797899	1.64430510449269
6.77874937468734	1.58723031105557
6.7855827913957	1.48884080952097
6.79241620810405	1.35301839111671
6.79924962481241	1.18213545109246
6.80608304152076	0.977383170635385
6.81291645822911	0.739283479906955
6.81974987493747	0.468328702552527
6.82658329164582	0.16573372080452
6.83341670835418	-0.165692958799998
6.84025012506253	-0.520561925068507
6.84708354177089	-0.889850125510009
6.85391695847924	-1.25992276091213
6.8607503751876	-1.61189177315952
6.86758379189595	-1.92170143621429
6.8744172086043	-2.16141252505174
6.88125062531266	-2.30209414930721
6.88808404202101	-2.31840317490062
6.89491745872936	-2.19427252032854
6.90175087543772	-1.92829397927801
6.90858429214607	-1.53681503498479
6.91541770885443	-1.05302448670273
6.92225112556278	-0.52159112429597
6.92908454227114	0.00974409688178659
6.93591795897949	0.498869347803571
6.94275137568784	0.915530721669802
6.9495847923962	1.24362546126493
6.95641820910455	1.47983101998054
6.96325162581291	1.63001274431336
6.97008504252126	1.70506733565009
6.97691845922962	1.71738299462086
6.98375187593797	1.6784304908673
6.99058529264632	1.59748951048525
6.99741870935468	1.48125920713605
7.00425212606303	1.33404514328193
7.01108554277139	1.15826364421728
7.01791895947974	0.955088225328933
7.02475237618809	0.725143066546709
7.03158579289645	0.469209762541528
7.0384192096048	0.188950415420462
7.04525262631316	-0.112339831087007
7.05208604302151	-0.428956336710468
7.05891945972987	-0.752037581745386
7.06575287643822	-1.06897177024471
7.07258629314657	-1.36316625660659
7.07941970985493	-1.614460173384
7.08625312656328	-1.80047816600879
7.09308654327164	-1.89912571015558
7.09991995997999	-1.89215244169963
7.10675337668834	-1.76925517648012
7.1135867933967	-1.53168881070082
7.12042021010505	-1.19408454309306
7.12725362681341	-0.783441508749325
7.13408704352176	-0.335128839460413
7.14092046023012	0.113119245659801
7.14775387693847	0.52741604265621
7.15458729364682	0.882333249111636
7.16142071035518	1.16288363203255
7.16825412706353	1.36393309558732
7.17508754377189	1.48790213271473
7.18192096048024	1.5418557872177
7.18875437718859	1.53485533237207
7.19558779389695	1.47603275361262
7.2024212106053	1.37348489592832
7.20925462731366	1.23386635096425
7.21608804402201	1.06248067957809
7.22292146073037	0.863677237225732
7.22975487743872	0.641405386317829
7.23658829414707	0.399825383603291
7.24342171085543	0.143907798313861
7.25025512756378	-0.120035750860962
7.25708854427214	-0.383957199495092
7.26392196098049	-0.637900290805251
7.27075537768884	-0.870159827380532
7.2775887943972	-1.06787580278767
7.28442221110555	-1.21811986950618
7.29125562781391	-1.30942979886101
7.29808904452226	-1.33359830228142
7.30492246123062	-1.28736540750216
7.31175587793897	-1.17356888835139
7.31858929464732	-1.00135016924549
7.32542271135568	-0.785225049558409
7.33225612806403	-0.543156079757395
7.33908954477239	-0.294075456801195
7.34592296148074	-0.0554622787757685
7.35275637818909	0.158490751093057
7.35958979489745	0.3378308619948
7.3664232116058	0.47692393736176
7.37325662831416	0.573885635931729
7.38009004502251	0.62968199156079
7.38692346173087	0.647187417895932
7.39375687843922	0.630393557925271
7.40059029514757	0.58385719931272
7.40742371185593	0.512392886743405
7.41425712856428	0.420965895196333
7.42109054527264	0.314719011676481
7.42792396198099	0.199062025510727
7.43475737868935	0.0797570098001859
7.4415907953977	-0.0370597093112738
7.44842421210605	-0.144967543970598
7.45525762881441	-0.237497139805778
7.46209104552276	-0.308522054460413
7.46892446223112	-0.352784988831117
7.47575787893947	-0.366497569608778
7.48259129564782	-0.34791448050845
7.48942471235618	-0.29775911831182
7.49625812906453	-0.219383246113795
7.50309154577289	-0.118585179272471
7.50992496248124	-0.00308423067915125
7.51675837918959	0.118267335013637
7.52359179589795	0.236388841911039
7.5304252126063	0.342824361372001
7.53725862931466	0.430404605401946
7.54409204602301	0.493642237351582
7.55092546273137	0.528860460132887
7.55775887943972	0.534115055254502
7.56459229614807	0.509000919557674
7.57142571285643	0.454434672972194
7.57825912956478	0.372483697844592
7.58509254627314	0.266280413187939
7.59192596298149	0.140027638207932
7.59875937968985	-0.000928886627504819
7.6055927963982	-0.150010278490759
7.61242621310655	-0.29936716240545
7.61925962981491	-0.439980491337684
7.62609304652326	-0.561988452154191
7.63292646323162	-0.655308480695228
7.63975987993997	-0.710573075334081
7.64659329664832	-0.72031285393162
7.65342671335668	-0.680212247275467
7.66026013006503	-0.590166064313968
7.66709354677339	-0.454828785808467
7.67392696348174	-0.283416702387817
7.68076038019009	-0.0887017406708065
7.68759379689845	0.114627507732999
7.6944272136068	0.311863801679725
7.70126063031516	0.489994947403418
7.70809404702351	0.638878428482647
7.71492746373187	0.751720525007161
7.72176088044022	0.824917749747635
7.72859429714857	0.857466056268561
7.73542771385693	0.850190971939262
7.74226113056528	0.805016278089176
7.74909454727364	0.724411614069277
7.75592796398199	0.61107960401105
7.76276138069035	0.467883386106681
7.7695947973987	0.297981000916296
7.77642821410705	0.105117927995312
7.78326163081541	-0.105977344571518
7.79009504752376	-0.329157492955989
7.79692846423212	-0.556458433035302
7.80376188094047	-0.777841398182117
7.81059529764883	-0.981203149521151
7.81742871435718	-1.15279581738811
7.82426213106553	-1.27817651922637
7.83109554777389	-1.34372701568901
7.83792896448224	-1.33863285240184
7.84476238119059	-1.25700878090638
7.85159579789895	-1.09966937256973
7.8584292146073	-0.874975402767472
7.86526263131566	-0.598330552064806
7.87209604802401	-0.290265940053303
7.87892946473237	0.0264902488860533
7.88576288144072	0.330212661405529
7.89259629814908	0.602839769601193
7.89942971485743	0.831533494213257
7.90626313156578	1.00899063263521
7.91309654827414	1.13274084000853
7.91992996498249	1.2038712458537
7.92676338169085	1.22562487103734
7.9335967983992	1.20219761786675
7.94043021510755	1.13789869690476
7.94726363181591	1.03670702401426
7.95409704852426	0.90217623115591
7.96093046523262	0.737609066491582
7.96776388194097	0.546420835900318
7.97459729864932	0.332622471230622
7.98143071535768	0.101361824981815
7.98826413206603	-0.140542846686364
7.99509754877439	-0.384164267199309
8.00193096548274	-0.618243123319289
8.0087643821911	-0.829334575905986
8.01559779889945	-1.00248723453015
8.0224312156078	-1.12257084883589
8.02926463231616	-1.17623817119173
8.03609804902451	-1.15428852978941
8.04293146573287	-1.05394597014037
8.04976488244122	-0.880387655508756
8.05659829914958	-0.646898567428241
8.06343171585793	-0.373360342084228
8.07026513256628	-0.0833225183798305
8.07709854927464	0.199584792101519
8.08393196598299	0.454919959632959
8.09076538269135	0.66758910811314
8.0975987993997	0.828573548870941
8.10443221610806	0.934401079163775
8.11126563281641	0.985846127450073
8.11809904952476	0.986398624698359
8.12493246623312	0.940912383629546
8.13176588294147	0.85464956787619
8.13859929964982	0.732769785490324
8.14543271635818	0.580208151667861
8.15226613306653	0.401842654085589
8.15909954977489	0.202845222599641
8.16593296648324	-0.010880353487031
8.1727663831916	-0.232263742090204
8.17959979989995	-0.45272945513913
8.1864332166083	-0.662057909728574
8.19326663331666	-0.848558647711422
8.20010005002501	-0.999658595425404
8.20693346673337	-1.10296099787392
8.21376688344172	-1.14773232586347
8.22060030015007	-1.12663008186878
8.22743371685843	-1.03733011387088
8.23426713356678	-0.883615658215574
8.24110055027514	-0.675527398368957
8.24793396698349	-0.428380165894313
8.25476738369185	-0.160780052399366
8.2616008004002	0.107903401817325
8.26843421710856	0.359989057251269
8.27526763381691	0.581304308630017
8.28210105052526	0.762071769104602
8.28893446723362	0.896873822271193
8.29576788394197	0.983944925323533
8.30260130065033	1.02413846257712
8.30943471735868	1.01988271681835
8.31626813406703	0.974337363054062
8.32310155077539	0.890848113295976
8.32993496748374	0.772709845144397
8.3367683841921	0.6231985361333
8.34360180090045	0.445813033132818
8.3504352176088	0.244665478206332
8.35726863431716	0.0249602351503278
8.36410205102551	-0.206505205214296
8.37093546773387	-0.44090323771205
8.37776888444222	-0.667120266063362
8.38460230115058	-0.871832469993586
8.39143571785893	-1.04007883366989
8.39826913456728	-1.15646428268947
8.40510255127564	-1.20701461864512
8.41193596798399	-1.18150374217121
8.41876938469235	-1.07581805912772
8.4256028014007	-0.893713748996073
8.43243621810906	-0.647301231431084
8.43926963481741	-0.355858406120201
8.44610305152576	-0.0430904619428715
8.45293646823412	0.266490699989499
8.45976988494247	0.551079583545674
8.46660330165083	0.794087196701674
8.47343671835918	0.985187287624918
8.48027013506753	1.11997072537452
8.48710355177589	1.1986610491913
8.49393696848424	1.22446244464923
8.5007703851926	1.20201206094011
8.50760380190095	1.13621200608475
8.51443721860931	1.0315294129375
8.52127063531766	0.89172893429353
8.52810405202601	0.719946296088027
8.53493746873437	0.519004802330139
8.54177088544272	0.291894215200941
8.54860430215108	0.0423524888356135
8.55543771885943	-0.224498962617115
8.56227113556779	-0.501524641917349
8.56910455227614	-0.779037072662477
8.57593796898449	-1.04448525417099
8.58277138569285	-1.28254952589043
8.5896048024012	-1.47584436818675
8.59643821910956	-1.60639093806405
8.60327163581791	-1.65788259848507
8.61010505252626	-1.6185149627374
8.61693846923462	-1.48383362632005
8.62377188594297	-1.25879893629115
8.63060530265133	-0.958258345476697
8.63743871935968	-0.605372734755737
8.64427213606803	-0.228196853863937
8.65110555277639	0.144712346870143
8.65793896948474	0.488439141037374
8.6647723861931	0.784548588065705
8.67160580290145	1.02213195934687
8.67843921960981	1.19721522179421
8.68527263631816	1.31111783036034
8.69210605302651	1.36845033694084
8.69893946973487	1.37528954749411
8.70577288644322	1.33782377045868
8.71260630315158	1.26154237388284
8.71943971985993	1.15090745070385
8.72627313656828	1.00938945241275
8.73310655327664	0.839747211395349
8.73993996998499	0.644457737660233
8.74677338669335	0.426231475050977
8.7536068034017	0.188571046254609
8.76044022011006	-0.0636616077627359
8.76727363681841	-0.3237165677943
8.77410705352676	-0.582541836621648
8.78094047023512	-0.828599504866214
8.78777388694347	-1.04806337648566
8.79460730365183	-1.22555759333521
8.80144072036018	-1.34554764709749
8.80827413706854	-1.394364217742
8.81510755377689	-1.36262409377453
8.82194097048524	-1.24755992927013
8.8287743871936	-1.05459337971913
8.83560780390195	-0.797521995591221
8.84244122061031	-0.497013994331865
8.84927463731866	-0.177640189610212
8.85610805402701	0.135810621465707
8.86294147073537	0.421748397432873
8.86977488744372	0.664107393311491
8.87660830415208	0.853214515042351
8.88344172086043	0.985340538891103
8.89027513756879	1.06140593929455
8.89710855427714	1.08539051235656
8.90394197098549	1.06287916250577
8.91077538769385	0.999982286359038
8.9176088044022	0.902693758817449
8.92444222111055	0.77663596236404
8.93127563781891	0.627090084763436
8.93810905452726	0.459201347491588
8.94494247123562	0.278260845449155
8.95177588794397	0.0899823218779273
8.95860930465233	-0.0992944387231154
8.96544272136068	-0.282532735893514
8.97227613806903	-0.452110502051713
8.97910955477739	-0.600148075407789
8.98594297148574	-0.719056612139864
8.9927763881941	-0.802266650556451
8.99960980490245	-0.845041384610163
9.00644322161081	-0.845228799985687
9.01327663831916	-0.80378207793915
9.02011005502751	-0.724897956985882
9.02694347173587	-0.615694291411778
9.03377688844422	-0.485455548954627
9.04061030515258	-0.344583597339629
9.04744372186093	-0.203460880397178
9.05427713856928	-0.0714386791034791
9.06111055527764	0.0438933219115097
9.06794397198599	0.137091598846403
9.07477738869435	0.204923487479093
9.0816108054027	0.246199360675756
9.08844422211106	0.26148124331837
9.09527763881941	0.252764504962684
9.10211105552776	0.223197198511916
9.10894447223612	0.176864116690599
9.11577788894447	0.118629549921294
9.12261130565283	0.0540087459512715
9.12944472236118	-0.0109754937034745
9.13627813906954	-0.0699976114758215
9.14311155577789	-0.116733900702587
9.14994497248624	-0.145285323739815
9.1567783891946	-0.150705275751097
9.16361180590295	-0.129579292402918
9.17044522261131	-0.0805647122036197
9.17727863931966	-0.00477383884412832
9.18411205602801	0.0941110737490011
9.19094547273637	0.210060402714911
9.19777888944472	0.335252520856641
9.20461230615308	0.460872711485093
9.21144572286143	0.57800220046801
9.21827913956979	0.678425243947255
9.22511255627814	0.755216090915092
9.23194597298649	0.803039076243796
9.23877938969485	0.818175764150611
9.2456128064032	0.79835583916735
9.25244622311155	0.742498804356433
9.25927963981991	0.650472187736285
9.26611305652826	0.522949665880713
9.27294647323662	0.361422224857083
9.27977988994497	0.168386033194907
9.28661330665333	-0.0522957937120413
9.29344672336168	-0.294887954967466
9.30028014007004	-0.55120076236377
9.30711355677839	-0.810048490109416
9.31394697348674	-1.05693143835823
9.3207803901951	-1.27419129292881
9.32761380690345	-1.44192249534706
9.33444722361181	-1.5398670273112
9.34128064032016	-1.55031620610963
9.34811405702852	-1.46167049054297
9.35494747373687	-1.27185040539844
9.36178089044522	-0.990427651714289
9.36861430715358	-0.638434825756066
9.37544772386193	-0.245457012775194
9.38228114057029	0.155382328594239
9.38911455727864	0.533061291925853
9.39594797398699	0.863226475466537
9.40278139069535	1.13053908510239
9.4096148074037	1.32861237704139
9.41644822411206	1.45817517094593
9.42328164082041	1.5244420072085
9.43011505752876	1.5345544474543
9.43694847423712	1.49560964171446
9.44378189094547	1.41344200802823
9.45061530765383	1.29209097394279
9.45744872436218	1.13378660732207
9.46428214107054	0.939278762432791
9.47111555777889	0.708379707979736
9.47794897448724	0.44065151934003
9.4847823911956	0.136225980237035
9.49161580790395	-0.203219025880405
9.49844922461231	-0.573300082659121
9.50528264132066	-0.965602690199063
9.51211605802902	-1.36630478497807
9.51894947473737	-1.75501851970068
9.52578289144572	-2.10431574723824
9.53261630815408	-2.38059449951324
9.53944972486243	-2.5470130309895
9.54628314157079	-2.56895225269194
9.55311655827914	-2.42165178859592
9.55994997498749	-2.09834920402818
9.56678339169585	-1.61601892600557
9.5736168084042	-1.01565245424971
9.58045022511256	-0.355652841039316
9.58728364182091	0.300099498985443
9.59411705852927	0.895310872858193
9.60095047523762	1.39079187659973
9.60778389194597	1.76778369284785
9.61461730865433	2.0254844263659
9.62145072536268	2.1752435708528
9.62828414207104	2.23419213923379
9.63511755877939	2.22014111234261
9.64195097548775	2.14839753791282
9.6487843921961	2.03033308757652
9.65561780890445	1.87320199002247
9.66245122561281	1.68068964116177
9.66928464232116	1.45379978397083
9.67611805902952	1.19184417781166
9.68295147573787	0.893435560725905
9.68978489244622	0.557487667899506
9.69661830915458	0.184289534233951
9.70345172586293	-0.223263344192536
9.71028514257129	-0.658244267736414
9.71711855927964	-1.10815775380244
9.72395197598799	-1.55355580517561
9.73078539269635	-1.96730421548437
9.7376188094047	-2.31521211508652
9.74445222611306	-2.55882608487983
9.75128564282141	-2.6609362766987
9.75811905952976	-2.59350255572953
9.76495247623812	-2.34629827741001
9.77178589294647	-1.93320644353097
9.77861930965483	-1.39290218216348
9.78545272636318	-0.782394067973792
9.79228614307154	-0.165046067446752
9.79911955977989	0.402592816932857
9.80595297648824	0.880416783894148
9.8127863931966	1.24823831347334
9.81961980990495	1.50354690617618
9.82645322661331	1.6560084929597
9.83328664332166	1.72140988276217
9.84012006003002	1.7168117294585
9.84695347673837	1.65751901743944
9.85378689344672	1.55569846555131
9.86062031015508	1.42015818097099
9.86745372686343	1.25679868301072
9.87428714357179	1.06936778728635
9.88112056028014	0.860293533781725
9.88795397698849	0.631482076165058
9.89478739369685	0.385040028374216
9.9016208104052	0.123916187328408
9.90845422711356	-0.147537593555207
9.91528764382191	-0.423105007714782
9.92212106053027	-0.694394909620962
9.92895447723862	-0.950769294638059
9.93578789394697	-1.17962091783682
9.94262131065533	-1.36710682258095
9.94945472736368	-1.49939351811801
9.95628814407204	-1.56436300804629
9.96312156078039	-1.55357317895381
9.96995497748875	-1.46409940897276
9.9767883941971	-1.29977942550912
9.98362181090545	-1.07142272661038
9.99045522761381	-0.795768239849977
9.99728864432216	-0.493327828686524
10.0041220610305	-0.185600624887514
10.0109554777389	0.10767249374002
10.0177888944472	0.37060522289465
10.0246223111556	0.592266917215528
10.0314557278639	0.76677448906578
10.0382891445723	0.892621191560009
10.0451225612806	0.971601442811714
10.051955977989	1.0076652836257
10.0587893946973	1.00593065256877
10.0656228114057	0.971960298741124
10.0724562281141	0.91131381740925
10.0792896448224	0.829327631714985
10.0861230615308	0.731052231304653
10.0929564782391	0.621275173243359
10.0997898949475	0.504569351635653
10.1066233116558	0.385321508382234
10.1134567283642	0.267712214635359
10.1202901450725	0.155634430997893
10.1271235617809	0.0525531338351395
10.1339569784892	-0.0386769415747626
10.1407903951976	-0.116005909801716
10.147623811906	-0.178358017952429
10.1544572286143	-0.225736687523427
10.1612906453227	-0.25923371058594
10.168124062031	-0.280926314770186
10.1749574787394	-0.293665954401165
10.1817908954477	-0.300782467414438
10.1886243121561	-0.305741262812723
10.1954577288644	-0.311795945840997
10.2022911455728	-0.321673937261412
10.2091245622811	-0.337321046014264
10.2159579789895	-0.359717280226568
10.2227913956979	-0.388765013274313
10.2296248124062	-0.423244930107775
10.2364582291146	-0.4608356430349
10.2432916458229	-0.498198037569944
10.2501250625313	-0.531132326177925
10.2569584792396	-0.554820720809589
10.263791895948	-0.564167750790088
10.2706253126563	-0.554240466311111
10.2774587293647	-0.520790865919935
10.284292146073	-0.460814910211541
10.2911255627814	-0.373072888580774
10.2979589794897	-0.258475268817101
10.3047923961981	-0.120238499594059
10.3116258129065	0.0362552403871
10.3184592296148	0.203903112426663
10.3252926463232	0.374569329736991
10.3321260630315	0.539891853506771
10.3389594797399	0.692055143623509
10.3457928964482	0.82439024639795
10.3526263131566	0.931715208382699
10.3594597298649	1.01039803719236
10.3662931465733	1.05818738219331
10.3731265632816	1.07389570234671
10.37995997999	1.05703083720451
10.3867933966983	1.00746014650276
10.3936268134067	0.925167622073042
10.4004602301151	0.810139368062353
10.4072936468234	0.662393860276089
10.4141270635318	0.482163169420956
10.4209604802401	0.270228412648363
10.4277938969485	0.0284121931818184
10.4346273136568	-0.239774870721421
10.4414607303652	-0.528356586770063
10.4482941470735	-0.828049758746165
10.4551275637819	-1.12550045967129
10.4619609804902	-1.40284198271507
10.4687943971986	-1.63792811032902
10.475627813907	-1.80565962829365
10.4824612306153	-1.88074834998373
10.4892946473237	-1.84194256736158
10.496128064032	-1.67713052642216
10.5029614807404	-1.38799854289968
10.5097948974487	-0.992451274694193
10.5166283141571	-0.52329002233461
10.5234617308654	-0.0228692019714668
10.5302951475738	0.464852907673179
10.5371285642821	0.902254430926109
10.5439619809905	1.2634509494784
10.5507953976989	1.53592364253706
10.5576288144072	1.7187749960096
10.5644622311156	1.81905547136112
10.5712956478239	1.84773231711642
10.5781290645323	1.81637552915811
10.5849624812406	1.73499490945142
10.591795897949	1.61098953390684
10.5986293146573	1.44894405508712
10.6054627313657	1.25096643398492
10.612296148074	1.01732166316601
10.6191295647824	0.747210967037061
10.6259629814907	0.439639422383451
10.6327963981991	0.0943876640541101
10.6396298149075	-0.286858364402506
10.6464632316158	-0.699175510618327
10.6532966483242	-1.13289561538123
10.6601300650325	-1.57208396823569
10.6669634817409	-1.99335989326569
10.6737968984492	-2.36564073155149
10.6806303151576	-2.65158086562593
10.6874637318659	-2.81147721119068
10.6942971485743	-2.80996366782243
10.7011305652826	-2.62471894321243
10.707963981991	-2.25487982145658
10.7147973986993	-1.72574391867167
10.7216308154077	-1.08678818928161
10.7284642321161	-0.402449915606728
10.7352976488244	0.261520876883785
10.7421310655328	0.851129454749154
10.7489644822411	1.33213658312378
10.7557978989495	1.69131520408493
10.7626313156578	1.93235817985212
10.7694647323662	2.06936486128917
10.7762981490745	2.1205567938459
10.7831315657829	2.10367616871342
10.7899649824912	2.03337364939685
10.7967983991996	1.92023240657332
10.803631815908	1.77087381502876
10.8104652326163	1.58864988497854
10.8172986493247	1.37457881473003
10.824132066033	1.12833249907298
10.8309654827414	0.849205622985359
10.8377988994497	0.537078330585734
10.8446323161581	0.193426851969319
10.8514657328664	-0.17756595470082
10.8582991495748	-0.567803226684328
10.8651325662831	-0.964084927800276
10.8719659829915	-1.34721252441121
10.8787993996999	-1.69184236158739
10.8856328164082	-1.96767653821978
10.8924662331166	-2.14255238717585
10.8992996498249	-2.18763601006559
10.9061330665333	-2.08412334615351
10.9129664832416	-1.82975516387487
10.91979989995	-1.44264443787447
10.9266333166583	-0.960188006488393
10.9334667333667	-0.432524174379772
10.940300150075	0.08758516132316
10.9471335667834	0.554886550310641
10.9539669834917	0.938401110183199
10.9608004002001	1.22330394530662
10.9676338169085	1.40861341115871
10.9744672336168	1.50267503711136
10.9813006503252	1.51844126788628
10.9881340670335	1.46979475698526
10.9949674837419	1.36931656928006
11.0018009004502	1.22734229346304
11.0086343171586	1.05192616285282
11.0154677338669	0.849331767309871
11.0223011505753	0.624760404687051
11.0291345672836	0.383131761349766
11.035967983992	0.129808350829724
11.0428014007004	-0.128804835188987
11.0496348174087	-0.384845554926138
11.0564682341171	-0.628834478465869
11.0633016508254	-0.849850606491298
11.0701350675338	-1.03611289767509
11.0769684842421	-1.17599298125845
11.0838019009505	-1.259393862567
11.0906353176588	-1.27930695937466
11.0974687343672	-1.23324019844559
11.1043021510755	-1.12414885048893
11.1111355677839	-0.960552049357371
11.1179689844922	-0.75569822320693
11.1248024012006	-0.525905064726233
11.131635817909	-0.288443120867496
11.1384692346173	-0.0594515963360423
11.1453026513257	0.147677647109232
11.152136068034	0.323201117181853
11.1589694847424	0.461195685691362
11.1658029014507	0.559169866881286
11.1726363181591	0.617365580523582
11.1794697348674	0.637989735345689
11.1863031515758	0.624545904279115
11.1931365682841	0.581352000157243
11.1999699849925	0.513258418935213
11.2068034017009	0.425533395562745
11.2136368184092	0.323856823300825
11.2204702351176	0.214353958389453
11.2273036518259	0.103600090674526
11.2341370685343	-0.00146664021132874
11.2409704852426	-0.0937740222782376
11.247803901951	-0.16651294893993
11.2546373186593	-0.2136944628188
11.2614707353677	-0.230811640925845
11.268304152076	-0.21550187725121
11.2751375687844	-0.168068609482764
11.2819709854927	-0.091717277777123
11.2888044022011	0.00759806105874124
11.2956378189095	0.121736137256147
11.3024712356178	0.241252080689445
11.3093046523262	0.356431120958671
11.3161380690345	0.458266340351933
11.3229714857429	0.539205521279876
11.3298049024512	0.593572617267602
11.3366383191596	0.617665029192788
11.3434717358679	0.609604280501875
11.3503051525763	0.569055459176657
11.3571385692846	0.496929575351877
11.363971985993	0.395155348274263
11.3708054027014	0.266568669049731
11.3776388194097	0.114930763367036
11.3844722361181	-0.0549451009552008
11.3913056528264	-0.23700401280089
11.3981390695348	-0.423764878324349
11.4049724862431	-0.606229088669732
11.4118059029515	-0.773985479780289
11.4186393196598	-0.91561559493773
11.4254727363682	-1.01947683718693
11.4323061530765	-1.07487431245301
11.4391395697849	-1.07352173023415
11.4459729864932	-1.0110559159758
11.4528064032016	-0.888254728805737
11.45963981991	-0.711579284403386
11.4664732366183	-0.492769757154931
11.4733066533267	-0.247466208911436
11.480140070035	0.00687706080139137
11.4869734867434	0.253289856611891
11.4938069034517	0.477254505421373
11.5006403201601	0.667947241069447
11.5074737368684	0.818616744813831
11.5143071535768	0.926219176873675
11.5211405702851	0.990584698687396
11.5279739869935	1.01342111229134
11.5348074037019	0.997398372456931
11.5416408204102	0.945457915817481
11.5484742371186	0.860397876535512
11.5553076538269	0.744721736935574
11.5621410705353	0.60070659313517
11.5689744872436	0.430639880557604
11.575807903952	0.237178614603129
11.5826413206603	0.0237922457014226
11.5894747373687	-0.204749189599347
11.596308154077	-0.441891134018673
11.6031415707854	-0.678888902124913
11.6099749874937	-0.904589139444759
11.6168084042021	-1.10554161366683
11.6236418209105	-1.26660042140715
11.6304752376188	-1.37214402484976
11.6373086543272	-1.40793980715944
11.6441420710355	-1.36348813373913
11.6509754877439	-1.23443298749847
11.6578089044522	-1.02441290126159
11.6646423211606	-0.745682433754745
11.6714757378689	-0.418066764731924
11.6783091545773	-0.0663009712785226
11.6851425712856	0.283633572672208
11.691975987994	0.608202301647567
11.6988094047024	0.889095680707046
11.7056428214107	1.11454221597037
11.7124762381191	1.27914494500897
11.7193096548274	1.38265479514828
11.7261430715358	1.42826319108842
11.7329764882441	1.42092894986234
11.7398099049525	1.36606404925484
11.7466433216608	1.26870403023391
11.7534767383692	1.13314676488945
11.7603101550775	0.962971938536757
11.7671435717859	0.761336997489183
11.7739769884942	0.531458782147051
11.7808104052026	0.277211247793948
11.787643821911	0.00378203655752469
11.7944772386193	-0.281676166499444
11.8013106553277	-0.56949307754685
11.808144072036	-0.847167390944939
11.8149774887444	-1.09947971893727
11.8218109054527	-1.30923615495584
11.8286443221611	-1.45879427531859
11.8354777388694	-1.53236540550209
11.8423111555778	-1.51881879384006
11.8491445722861	-1.41439801262122
11.8559779889945	-1.22454238996199
11.8628114057029	-0.964062616614104
11.8696448224112	-0.655336714872439
11.8764782391196	-0.324855262546541
11.8833116558279	0.00095082409567325
11.8901450725363	0.299437853904894
11.8969784892446	0.554128827183494
11.903811905953	0.755418125020058
11.9106453226613	0.899853019966277
11.9174787393697	0.988577076132041
11.924312156078	1.0255535426769
11.9311455727864	1.01601881063475
11.9379789894947	0.965389351988709
11.9448124062031	0.878660379568706
11.9516458229115	0.760226515329378
11.9584792396198	0.614015068693487
11.9653126563282	0.443824942141538
11.9721460730365	0.253783203551816
11.9789794897449	0.0488489124180442
11.9858129064532	-0.16470029147564
11.9926463231616	-0.378872309484249
11.9994797398699	-0.583749692259598
12.0063131565783	-0.767580755535088
12.0131465732866	-0.917297343980585
12.019979989995	-1.01955378745501
12.0268134067034	-1.0622921556509
12.0336468234117	-1.0366834429894
12.0404802401201	-0.939100124866791
12.0473136568284	-0.772615640814791
12.0541470735368	-0.547503002824596
12.0609804902451	-0.280394300835805
12.0678139069535	0.00785394991096733
12.0746473236618	0.295110342389351
12.0814807403702	0.560973105497956
12.0883141570785	0.789085320848679
12.0951475737869	0.968311901933375
12.1019809904952	1.09274328410432
12.1088144072036	1.16082872690632
12.115647823912	1.17409135069981
12.1224812406203	1.13584247039513
12.1293146573287	1.05017397222632
12.136148074037	0.921351968461617
12.1429814907454	0.753617039226197
12.1498149074537	0.551330807473288
12.1566483241621	0.319384032829695
12.1634817408704	0.0637762601035918
12.1703151575788	-0.20772956984921
12.1771485742871	-0.484996257724605
12.1839819909955	-0.755104478611503
12.1908154077039	-1.00235424519771
12.1976488244122	-1.20890656497112
12.2044822411206	-1.35625399622701
12.2113156578289	-1.42755426989728
12.2181490745373	-1.41057798058969
12.2249824912456	-1.30066635560895
12.231815907954	-1.10282237775962
12.2386493246623	-0.832073395325728
12.2454827413707	-0.511669262813499
12.252316158079	-0.169415360407387
12.2591495747874	0.166852597659471
12.2659829914957	0.473346796143831
12.2728164082041	0.732921368433719
12.2796498249125	0.93579821006909
12.2864832416208	1.07870760495717
12.2933166583292	1.16311133999975
12.3001500750375	1.19320962644394
12.3069834917459	1.1742343301993
12.3138169084542	1.11126877335943
12.3206503251626	1.00862515593811
12.3274837418709	0.869693864289449
12.3343171585793	0.697142149359166
12.3411505752876	0.493351567689196
12.347983991996	0.26101418597841
12.3548174087044	0.0038347307248648
12.3616508254127	-0.272704858117676
12.3684842421211	-0.560579011410425
12.3753176588294	-0.848556246079247
12.3821510755378	-1.12181452538233
12.3889844922461	-1.36207848528162
12.3958179089545	-1.54856034675785
12.4026513256628	-1.65993544997564
12.4094847423712	-1.67738229855738
12.4163181590795	-1.58834015364515
12.4231515757879	-1.39016228768133
12.4299849924962	-1.09249049634037
12.4368184092046	-0.717238546323015
12.443651825913	-0.295710788398389
12.4504852426213	0.136577888131689
12.4573186593297	0.545881080082581
12.464152076038	0.905208344461437
12.4709854927464	1.19704775476669
12.4778189094547	1.41353848208464
12.4846523261631	1.55470114082244
12.4914857428714	1.62574582278324
12.4983191595798	1.63439131448869
12.5051525762881	1.58877279648304
12.5119859929965	1.49613925640967
12.5188194097049	1.36228418910885
12.5256528264132	1.19153639479583
12.5324862431216	0.987123452335789
12.5393196598299	0.751758676709824
12.5461530765383	0.488353905756323
12.5529864932466	0.200800304756267
12.559819909955	-0.10522693234954
12.5666533266633	-0.421503308842525
12.5734867433717	-0.736643100541793
12.58032016008	-1.03582392815607
12.5871535767884	-1.30109147719056
12.5939869934967	-1.51249681941834
12.6008204102051	-1.65022269597444
12.6076538269135	-1.6976114290808
12.6144872436218	-1.64462768710978
12.6213206603302	-1.49089206903467
12.6281540770385	-1.24723156376588
12.6349874937469	-0.93493337005043
12.6418209104552	-0.582591156979397
12.6486543271636	-0.221324709526347
12.6554877438719	0.120227030812718
12.6623211605803	0.419736612693383
12.6691545772886	0.663025202279521
12.675987993997	0.843898217564979
12.6828214107054	0.962583993953802
12.6896548274137	1.02358895215408
12.6964882441221	1.03364659974191
12.7033216608304	1.00014770141154
12.7101550775388	0.930165245021266
12.7169884942471	0.830010966339689
12.7238219109555	0.705183753956309
12.7306553276638	0.560562108527612
12.7374887443722	0.400717303589451
12.7443221610805	0.230255734886313
12.7511555777889	0.0541250348843426
12.7579889944972	-0.122165062157209
12.7648224112056	-0.292447518489686
12.771655827914	-0.449962944388449
12.7784892446223	-0.587609566921499
12.7853226613307	-0.698384091728057
12.792156078039	-0.775988225017989
12.7989894947474	-0.815534756649481
12.8058229114557	-0.814245313945852
12.8126563281641	-0.772003642414184
12.8194897448724	-0.691629368753829
12.8263231615808	-0.578777379831227
12.8331565782891	-0.441443365203739
12.8399899949975	-0.289146762361573
12.8468234117059	-0.131938385741647
12.8536568284142	0.0205854195274388
12.8604902451226	0.16009798917583
12.8673236618309	0.280082754146371
12.8741570785393	0.376072052295116
12.8809904952476	0.445625364250538
12.887823911956	0.488128589826605
12.8946573286643	0.504505246173659
12.9014907453727	0.496915245881694
12.908324162081	0.468488772926903
12.9151575787894	0.423112456668917
12.9219909954977	0.365259674213311
12.9288244122061	0.299839783024516
12.9356578289145	0.232033379206825
12.9424912456228	0.167082290554637
12.9493246623312	0.110013690424781
12.9561580790395	0.0652966879600719
12.9629914957479	0.0364547180459607
12.9698249124562	0.0256831222504893
12.9766583291646	0.0335408251924685
12.9834917458729	0.0587892519346381
12.9903251625813	0.098434445552785
12.9971585792896	0.147990301439067
13.003991995998	0.201931339883505
13.0108254127064	0.254258484952784
13.0176588294147	0.299076978363196
13.0244922461231	0.33109042465226
13.0313256628314	0.345946057468851
13.0381590795398	0.340410997866159
13.0449924962481	0.312401759430872
13.0518259129565	0.260917599338479
13.0586593296648	0.185938101807465
13.0654927463732	0.0883390874338114
13.0723261630815	-0.0301354173023422
13.0791595797899	-0.166827868092777
13.0859929964983	-0.318052096940206
13.0928264132066	-0.478931999438043
13.099659829915	-0.643237188573444
13.1064932466233	-0.803278034212434
13.1133266633317	-0.949939427538853
13.12016008004	-1.07294171273644
13.1269934967484	-1.16140910482702
13.1338269134567	-1.20478903206795
13.1406603301651	-1.19409170150133
13.1474937468734	-1.12331106940323
13.1543271635818	-0.990770425809414
13.1611605802901	-0.800054833771344
13.1679939969985	-0.560204396599861
13.1748274137069	-0.284980672181862
13.1816608304152	0.0087371755204958
13.1884942471236	0.303103789183453
13.1953276638319	0.581509935188776
13.2021610805403	0.830337957635421
13.2089944972486	1.03994165956023
13.215827913957	1.20477735082552
13.2226613306653	1.32284305792569
13.2294947473737	1.3947108863414
13.236328164082	1.42244933412159
13.2431615807904	1.40866341924775
13.2499949974987	1.35578203629384
13.2568284142071	1.2656340979076
13.2636618309155	1.13929719720782
13.2704952476238	0.977177173927799
13.2773286643322	0.779277302227626
13.2841620810405	0.545631880139478
13.2909954977489	0.27690021206124
13.2978289144572	-0.0248677754754404
13.3046623311656	-0.35528602833512
13.3114957478739	-0.706533030818389
13.3183291645823	-1.06620198959626
13.3251625812906	-1.41632949513226
13.331995997999	-1.73299563671234
13.3388294147074	-1.9870481339973
13.3456628314157	-2.14655621611674
13.3524962481241	-2.18137723873185
13.3593296648324	-2.06955696665618
13.3661630815408	-1.80422099395814
13.3729964982491	-1.3985939478297
13.3798299149575	-0.886589778717563
13.3866633316658	-0.317658081991472
13.3934967483742	0.253021862598576
13.4003301650825	0.775654690687177
13.4071635817909	1.21432486634829
13.4139969984993	1.55045017059193
13.4208304152076	1.78124202682614
13.427663831916	1.91506495048816
13.4344972486243	1.9660140552821
13.4413306653327	1.94936801715562
13.448164082041	1.87860468334053
13.4549974987494	1.76393828886538
13.4618309154577	1.61199471755617
13.4686643321661	1.4261867029903
13.4754977488744	1.20743931123418
13.4823311655828	0.95504588688657
13.4891645822911	0.667556169867425
13.4959979989995	0.34369288397601
13.5028314157079	-0.0166468152612391
13.5096648324162	-0.411230808871157
13.5164982491246	-0.834132699765966
13.5233316658329	-1.27422884926608
13.5301650825413	-1.71376125572679
13.5369984992496	-2.12737668360383
13.543831915958	-2.48226904940165
13.5506653326663	-2.74020570414855
13.5574987493747	-2.86212949112285
13.564332166083	-2.81543196400393
13.5711655827914	-2.58275906791924
13.5779989994997	-2.16971218452584
13.5848324162081	-1.60802102372619
13.5916658329165	-0.951708541450158
13.5984992496248	-0.266522890320398
13.6053326663332	0.383886598778167
13.6121660830415	0.949998589979506
13.6189994997499	1.40277244839889
13.6258329164582	1.73345558388367
13.6326663331666	1.94873632918272
13.6394997498749	2.0641874914
13.6463331665833	2.09837058764235
13.6531665832916	2.0687415850654
13.66	1.98946686539561
13.67	0
14.0369696969697	0
14.4039393939394	0
14.7709090909091	0
15.1378787878788	0
15.5048484848485	0
15.8718181818182	0
16.2387878787879	0
16.6057575757576	0
16.9727272727273	0
17.339696969697	0
17.7066666666667	0
18.0736363636364	0
18.4406060606061	0
18.8075757575758	0
19.1745454545455	0
19.5415151515151	0
19.9084848484849	0
20.2754545454545	0
20.6424242424242	0
21.0093939393939	0
21.3763636363636	0
21.7433333333333	0
22.110303030303	0
22.4772727272727	0
22.8442424242424	0
23.2112121212121	0
23.5781818181818	0
23.9451515151515	0
24.3121212121212	0
24.6790909090909	0
25.0460606060606	0
25.4130303030303	0
25.78	0
26.1469696969697	0
26.5139393939394	0
26.8809090909091	0
27.2478787878788	0
27.6148484848485	0
27.9818181818182	0
28.3487878787879	0
28.7157575757576	0
29.0827272727273	0
29.449696969697	0
29.8166666666667	0
30.1836363636364	0
30.5506060606061	0
30.9175757575758	0
31.2845454545455	0
31.6515151515151	0
32.0184848484849	0
32.3854545454545	0
32.7524242424242	0
33.1193939393939	0
33.4863636363636	0
33.8533333333333	0
34.220303030303	0
34.5872727272727	0
34.9542424242424	0
35.3212121212121	0
35.6881818181818	0
36.0551515151515	0
36.4221212121212	0
36.7890909090909	0
37.1560606060606	0
37.5230303030303	0
37.89	0
38.2569696969697	0
38.6239393939394	0
38.9909090909091	0
39.3578787878788	0
39.7248484848485	0
40.0918181818182	0
40.4587878787879	0
40.8257575757576	0
41.1927272727273	0
41.559696969697	0
41.9266666666667	0
42.2936363636364	0
42.6606060606061	0
43.0275757575758	0
43.3945454545455	0
43.7615151515151	0
44.1284848484848	0
44.4954545454545	0
44.8624242424242	0
45.2293939393939	0
45.5963636363636	0
45.9633333333333	0
46.330303030303	0
46.6972727272727	0
47.0642424242424	0
47.4312121212121	0
47.7981818181818	0
48.1651515151515	0
48.5321212121212	0
48.8990909090909	0
49.2660606060606	0
49.6330303030303	0
50	0
