time	Ins41
0	-0.662462965019744
0.00683341670835418	-0.676587371761513
0.0136668334167084	-0.663141877337055
0.0205002501250625	-0.620592729517068
0.0273336668334167	-0.548394171951303
0.0341670835417709	-0.447156906188904
0.0410005002501251	-0.318808648817315
0.0478339169584792	-0.166718475474585
0.0546673336668334	0.00425000423753501
0.0615007503751876	0.187793745714014
0.0683341670835418	0.376365503456671
0.075167583791896	0.561526176260699
0.0820010005002501	0.73444657805671
0.0888344172086043	0.88651988155296
0.0956678339169585	1.01001576675727
0.102501250625313	1.09868754782901
0.109334667333667	1.14824270973455
0.116168084042021	1.15660853741064
0.123001500750375	1.12396330745071
0.129834917458729	1.05254862436061
0.136668334167084	0.946316531513665
0.143501750875438	0.810485997628652
0.150335167583792	0.651084218591243
0.157168584292146	0.47453275689899
0.1640020010005	0.287314696409733
0.170835417708854	0.095734718627731
0.177668834417209	-0.0942351671306171
0.184502251125563	-0.277043319085659
0.191335667833917	-0.447603461313508
0.198169084542271	-0.601320390538672
0.205002501250625	-0.734116094863633
0.211835917958979	-0.842470717342025
0.218669334667334	-0.923486976886014
0.225502751375688	-0.974980709709872
0.232336168084042	-0.995594128346259
0.239169584792396	-0.984922128854998
0.24600300150075	-0.943635599196356
0.252836418209105	-0.873579782496721
0.259669834917459	-0.777821514799949
0.266503251625813	-0.660618341385867
0.273336668334167	-0.527287002268181
0.280170085042521	-0.383959839168711
0.287003501750875	-0.237235021614111
0.29383691845923	-0.0937475152206344
0.300670335167584	0.0402924844546352
0.307503751875938	0.159534383924896
0.314337168584292	0.259835670487418
0.321170585292646	0.338477790078178
0.328004002001	0.394227227814323
0.334837418709355	0.427247604691959
0.341670835417709	0.438892797755297
0.348504252126063	0.43142566313342
0.355337668834417	0.40770991895721
0.362171085542771	0.370915960002403
0.369004502251126	0.3242689341732
0.37583791895948	0.270853726358561
0.382671335667834	0.213479838796361
0.389504752376188	0.154601122128588
0.396338169084542	0.0962810294181812
0.403171585792896	0.0401927796402489
0.410005002501251	-0.0123555442295376
0.416838419209605	-0.0603793656326411
0.423671835917959	-0.103166077082986
0.430505252626313	-0.140218657575286
0.437338669334667	-0.171198343057955
0.444172086043022	-0.195869489649651
0.451005502751376	-0.214049331630705
0.45783891945973	-0.225565098867459
0.464672336168084	-0.230220802383328
0.471505752876438	-0.227775832577883
0.478339169584792	-0.217937269382719
0.485172586293147	-0.200367455493828
0.492006003001501	-0.174707894812471
0.498839419709855	-0.140619894158784
0.505672836418209	-0.0978415488006932
0.512506253126563	-0.046259580200921
0.519339669834918	0.0140068029803301
0.526173086543272	0.0825145877673525
0.533006503251626	0.158404801180514
0.53983991995998	0.240318440463243
0.546673336668334	0.326331687673794
0.553506753376688	0.413923365597375
0.560340170085043	0.499988136394773
0.567173586793397	0.580907443837664
0.574007003501751	0.652685903066165
0.580840420210105	0.711153413868568
0.587673836918459	0.752223173563498
0.594507253626813	0.772184520741102
0.601340670335168	0.767999688881204
0.608174087043522	0.737568075751214
0.615007503751876	0.679922983842411
0.62184092046023	0.595334743697731
0.628674337168584	0.485309166877434
0.635507753876939	0.352487783333346
0.642341170585293	0.200471801958747
0.649174587293647	0.0336014173781641
0.656008004002001	-0.143275806504561
0.662841420710355	-0.325018632222928
0.669674837418709	-0.50636861293184
0.676508254127064	-0.68208119831121
0.683341670835418	-0.847013600174622
0.690175087543772	-0.996179263095099
0.697008504252126	-1.12478350938178
0.70384192096048	-1.22825697172662
0.710675337668834	-1.30230349033754
0.717508754377189	-1.3429779021874
0.724342171085543	-1.34680692874677
0.731175587793897	-1.31096302588912
0.738009004502251	-1.23349596909686
0.744842421210605	-1.11361914476489
0.75167583791896	-0.952036086440021
0.758509254627314	-0.751277393995383
0.765342671335668	-0.51599979844102
0.772176088044022	-0.253180931745541
0.779009504752376	0.0278687877498954
0.78584292146073	0.315753549087685
0.792676338169085	0.597550167306029
0.799509754877439	0.859675948029146
0.806343171585793	1.08899210565994
0.813176588294147	1.27399230507686
0.820010005002501	1.40587541456967
0.826843421710855	1.4793028284599
0.83367683841921	1.49270266000084
0.840510255127564	1.4480887746999
0.847343671835918	1.35047474756367
0.854177088544272	1.20704196056088
0.861010505252626	1.026245039287
0.867843921960981	0.817009752869139
0.874677338669335	0.58811994727404
0.881510755377689	0.347826845142533
0.888344172086043	0.103664517102102
0.895177588794397	-0.137573423760663
0.902011005502751	-0.369750670550337
0.908844422211106	-0.587250334295048
0.91567783891946	-0.784824613408467
0.922511255627814	-0.957463476831583
0.929344672336168	-1.10030457042912
0.936178089044522	-1.20860024731473
0.943011505752877	-1.27775437557361
0.949844922461231	-1.3034406383987
0.956678339169585	-1.28181391356872
0.963511755877939	-1.20982486745384
0.970345172586293	-1.08564242741614
0.977178589294647	-0.909176353030687
0.984012006003002	-0.682670061535367
0.990845422711356	-0.411300904985176
0.99767883941971	-0.103683253506338
1.00451225612806	0.227872784378621
1.01134567283642	0.56752006217806
1.01817908954477	0.896606950379869
1.02501250625313	1.19505564274367
1.03184592296148	1.4432997986576
1.03867933966984	1.6244970794483
1.04551275637819	1.72657144968075
1.05234617308654	1.74360711020399
1.0591795897949	1.67625864113598
1.06601300650325	1.53112087858469
1.07284642321161	1.31929867406645
1.07967983991996	1.05460187032065
1.08651325662831	0.751803535094729
1.09334667333667	0.425272420370268
1.10018009004502	0.0881103887361076
1.10701350675338	-0.248228288157094
1.11384692346173	-0.573948501527181
1.12068034017009	-0.880696798981095
1.12751375687844	-1.1612412742103
1.13434717358679	-1.4091439372723
1.14118059029515	-1.6184876842084
1.1480140070035	-1.78369384371224
1.15484742371186	-1.89944958009262
1.16168084042021	-1.9607562484414
1.16851425712856	-1.96310711563536
1.17534767383692	-1.90280136644418
1.18218109054527	-1.77739602701961
1.18901450725363	-1.58628357934664
1.19584792396198	-1.331357337644
1.20268134067034	-1.01768887955728
1.20951475737869	-0.654096432694561
1.21634817408704	-0.253441141363591
1.2231815907954	0.16753122007614
1.23001500750375	0.588956657382409
1.23684842421211	0.989282268946992
1.24368184092046	1.3472463392422
1.25051525762881	1.64410489591052
1.25734867433717	1.86566200854806
1.26418209104552	2.003655283989
1.27101550775388	2.05620215292132
1.27784892446223	2.0272743045722
1.28468234117059	1.92542726088106
1.29151575787894	1.76216526913695
1.29834917458729	1.55032734783983
1.30518259129565	1.30277162469579
1.312016008004	1.03148379520916
1.31884942471236	0.747105197689736
1.32568284142071	0.458797112145953
1.33251625812906	0.174329924592422
1.33934967483742	-0.0997075357089269
1.34618309154577	-0.357660056770936
1.35301650825413	-0.59457465861746
1.35984992496248	-0.8060182471672
1.36668334167084	-0.987960316686659
1.37351675837919	-1.1367262429345
1.38035017508754	-1.24902083578889
1.3871835917959	-1.32201869807541
1.39401700850425	-1.35351568144145
1.40085042521261	-1.34213264595141
1.40768384192096	-1.28755753515597
1.41451725862931	-1.19080390162523
1.42135067533767	-1.05445393353258
1.42818409204602	-0.882843546816901
1.43501750875438	-0.682139450084779
1.44185092546273	-0.460257622408611
1.44868434217109	-0.226583899768265
1.45551775887944	0.00851680036873278
1.46235117558779	0.23437698562211
1.46918459229615	0.440818248368413
1.4760180090045	0.618949754164255
1.48285142571286	0.761849213128496
1.48968484242121	0.865017013845579
1.49651825912956	0.926538709234145
1.50335167583792	0.946951897679281
1.51018509254627	0.928871357911893
1.51701850925463	0.876464089430941
1.52385192596298	0.794875954578716
1.53068534267134	0.6896969999837
1.53751875937969	0.566523480551046
1.54435217608804	0.430642715728029
1.5511855927964	0.286840658809878
1.55801900950475	0.139315206603119
1.56485242621311	-0.0083293813302616
1.57168584292146	-0.153032401808787
1.57851925962982	-0.292193251881791
1.58535267633817	-0.423572132186209
1.59218609304652	-0.545187676159808
1.59901950975488	-0.655220304315887
1.60585292646323	-0.751927218016343
1.61268634317159	-0.833573117910932
1.61951975987994	-0.898379791076848
1.62635317658829	-0.944497454451533
1.63318659329665	-0.97000097287126
1.640020010005	-0.972914583575965
1.64685342671336	-0.951269376674566
1.65368684342171	-0.903198182049181
1.66052026013007	-0.827072393944346
1.66735367683842	-0.721684067431198
1.67418709354677	-0.586473727614507
1.68102051025513	-0.421798986232962
1.68785392696348	-0.229230584252146
1.69468734367184	-0.0118505780415572
1.70152076038019	0.225487304830775
1.70835417708854	0.475990324424065
1.7151875937969	0.730918758482955
1.72202101050525	0.979803961401764
1.72885442721361	1.21094087366306
1.73568784392196	1.41216158040707
1.74252126063032	1.57183351664986
1.74935467733867	1.67995542295414
1.75618809404702	1.72917021488859
1.76302151075538	1.71550269194674
1.76985492746373	1.63867603181949
1.77668834417209	1.50195574421276
1.78352176088044	1.31158154245705
1.79035517758879	1.0759360773617
1.79718859429715	0.804636122036518
1.8040220110055	0.507712673274701
1.81085542771386	0.194989728670065
1.81768884442221	-0.124295944486047
1.82452226113057	-0.441648092194408
1.83135567783892	-0.749286306227349
1.83818909454727	-1.04000606659826
1.84502251125563	-1.30698445050843
1.85185592796398	-1.54358273712392
1.85868934467234	-1.74318561505255
1.86552276138069	-1.89910762728112
1.87235617808904	-2.00459310492801
1.8791895947974	-2.05293645777106
1.88602301150575	-2.03775362269572
1.89285642821411	-1.95343869474049
1.89968984492246	-1.7958358823142
1.90652326163082	-1.5631376154579
1.91335667833917	-1.25697614101973
1.92019009504752	-0.883601777796443
1.92702351175588	-0.454937159486777
1.93385692846423	0.0108183803647544
1.94069034517259	0.489437772623855
1.94752376188094	0.952130769438329
1.95435717858929	1.36834669821951
1.96119059529765	1.70959894185822
1.968024012006	1.95350221427883
1.97485742871436	2.08693449917729
1.98169084542271	2.10739900359993
1.98852426213107	2.02226241479397
1.99535767883942	1.846290426737
2.00219109554777	1.59839646091886
2.00902451225613	1.29855785219819
2.01585792896448	0.965529520569684
2.02269134567284	0.615555766945725
2.02952476238119	0.26195734857693
2.03635817908954	-0.0846767737726524
2.0431915957979	-0.415972261933094
2.05002501250625	-0.725144434965839
2.05685842921461	-1.00640545177797
2.06369184592296	-1.25447793445171
2.07052526263132	-1.46424456824119
2.07735867933967	-1.63053841176898
2.08419209604802	-1.74806941648755
2.09102551275638	-1.81148399273597
2.09785892946473	-1.81556144856128
2.10469234617309	-1.75555873964522
2.11152576288144	-1.62771781371674
2.11835917958979	-1.42994239930072
2.12519259629815	-1.16262851131808
2.1320260130065	-0.829592043492653
2.13885942971486	-0.438977397325316
2.14569284642321	-0.00395881851075804
2.15252626313157	0.457021349423402
2.15935967983992	0.920759352552007
2.16619309654827	1.36075646405955
2.17302651325663	1.74966063758134
2.17985992996498	2.06238682266798
2.18669334667334	2.27930201223995
2.19352676338169	2.38870250315719
2.20036018009005	2.38793784801396
2.2071935967984	2.28293663953121
2.21402701350675	2.08639012050262
2.22086043021511	1.81521360827113
2.22769384692346	1.4879866558867
2.23452726363182	1.12289630942408
2.24136068034017	0.73641850542366
2.24819409704852	0.342717583668845
2.25502751375688	-0.0464038646023242
2.26186093046523	-0.42121505303942
2.26869434717359	-0.773612911333586
2.27552776388194	-1.09665878761503
2.2823611805903	-1.38417936088833
2.28919459729865	-1.63047517000596
2.296028014007	-1.83015444804922
2.30286143071536	-1.97809674578065
2.30969484742371	-2.0695464394432
2.31652826413207	-2.1003361042496
2.32336168084042	-2.06723886526308
2.33019509754877	-1.96844212049336
2.33702851425713	-1.80411829434046
2.34386193096548	-1.57703981366291
2.35069534767384	-1.29314781178517
2.35752876438219	-0.961945325694031
2.36436218109055	-0.596560511302066
2.3711955977989	-0.213333454512993
2.37802901450725	0.169159234491586
2.38486243121561	0.531608587705679
2.39169584792396	0.855816959835288
2.39852926463232	1.12655397095954
2.40536268134067	1.33304389848724
2.41219609804902	1.46977515336844
2.41902951475738	1.53650209988642
2.42586293146573	1.53752571591009
2.43269634817409	1.48050519783017
2.43952976488244	1.37511299709825
2.4463631815908	1.23180226271172
2.45319659829915	1.06085190634376
2.4600300150075	0.871743402988582
2.46686343171586	0.672840696052584
2.47369684842421	0.471301319875274
2.48053026513257	0.273136722300026
2.48736368184092	0.0833498078967187
2.49419709854927	-0.0939039469539692
2.50103051525763	-0.25516661701122
2.50786393196598	-0.397558427822109
2.51469734867434	-0.518696800040082
2.52153076538269	-0.616654415469968
2.52836418209105	-0.689952392691884
2.5351975987994	-0.73758204716842
2.54203101550775	-0.759047136405837
2.54886443221611	-0.754417399475153
2.55569784892446	-0.724383335055346
2.56253126563282	-0.670301536564327
2.56936468234117	-0.594219752933076
2.57619809904952	-0.498871525847909
2.58303151575788	-0.387632134719514
2.58986493246623	-0.264430886467286
2.59669834917459	-0.133619473820736
2.60353176588294	0.000198223121405749
2.6103651825913	0.132363704903794
2.61719859929965	0.258372708417016
2.624032016008	0.374076409004757
2.63086543271636	0.475856033492575
2.63769884942471	0.560755065840352
2.64453226613307	0.626558966644714
2.65136568284142	0.671819558732236
2.65819909954977	0.695828479627066
2.66503251625813	0.698549974253662
2.67186593296648	0.68052684090637
2.67869934967484	0.642774229410455
2.68553276638319	0.586674514681252
2.69236618309155	0.513883351333929
2.6991995997999	0.426253146417872
2.70603301650825	0.325776394555822
2.71286643321661	0.214548209049557
2.71969984992496	0.094745276986243
2.72653326663332	-0.0313825823368924
2.73336668334167	-0.16151222737026
2.74020010005003	-0.293241886602635
2.74703351675838	-0.424083515990218
2.75386693346673	-0.551454909026078
2.76070035017509	-0.672673220327199
2.76753376688344	-0.784951535595975
2.7743671835918	-0.88540051922943
2.78120060030015	-0.971037942422004
2.7880340170085	-1.03880993092981
2.79486743371686	-1.08562893405051
2.80170085042521	-1.10843453635338
2.80853426713357	-1.10428409278767
2.81536768384192	-1.07048045395812
2.82220110055028	-1.00474329825238
2.82903451725863	-0.905428164291067
2.83586793396698	-0.771792383273355
2.84270135067534	-0.604298940172519
2.84953476738369	-0.404937333403844
2.85636818409205	-0.177525064578281
2.8632016008004	0.0720636631782395
2.87003501750875	0.335809973040755
2.87686843421711	0.603676258881485
2.88370185092546	0.864007001138234
2.89053526763382	1.10422903586531
2.89736868434217	1.31181525568938
2.90420210105053	1.47540206407956
2.91103551775888	1.58588712623845
2.91786893446723	1.63730789714846
2.92470235117559	1.62733219250178
2.93153576788394	1.55727708451687
2.9383691845923	1.43168426117999
2.94520260130065	1.25757835250977
2.952036018009	1.0435866604982
2.95886943471736	0.799094065265753
2.96570285142571	0.533559142607917
2.97253626813407	0.256052325484999
2.97936968484242	-0.0249822463416858
2.98620310155078	-0.301779640615215
2.99303651825913	-0.567179088313966
2.99986993496748	-0.814480501223352
3.00670335167584	-1.03728471327258
3.01353676838419	-1.22935892879886
3.02037018509255	-1.38455922146423
3.0272036018009	-1.4968356197034
3.03403701850925	-1.56034275413078
3.04087043521761	-1.569678901584
3.04770385192596	-1.52027546117879
3.05453726863432	-1.40895267710992
3.06137068534267	-1.23463978288684
3.06820410205103	-0.999222665841723
3.07503751875938	-0.708425986025409
3.08187093546773	-0.372562337757307
3.08870435217609	-0.00690444494551566
3.09553776888444	0.368607005745329
3.1023711855928	0.730564467832772
3.10920460230115	1.05427186464544
3.1160380190095	1.31666327264008
3.12287143571786	1.49938768786962
3.12970485242621	1.59128846204799
3.13653826913457	1.58960106601149
3.14337168584292	1.4995875811827
3.15020510255128	1.33284264783812
3.15703851925963	1.10488587936267
3.16387193596798	0.832739911404522
3.17070535267634	0.533009819923941
3.17753876938469	0.220684032664664
3.18437218609305	-0.0913777922265945
3.1912056028014	-0.392446254280128
3.19803901950976	-0.673624557921789
3.20487243621811	-0.927433412929498
3.21170585292646	-1.14740659007989
3.21853926963482	-1.32777387643755
3.22537268634317	-1.4632702198152
3.23220610305153	-1.54908683969962
3.23903951975988	-1.58096861458663
3.24587293646823	-1.55545663122218
3.25270635317659	-1.47026929433722
3.25953976988494	-1.32480420433363
3.2663731865933	-1.12072213334134
3.27320660330165	-0.862543007250514
3.28004002001001	-0.558145642461609
3.28687343671836	-0.219027980112196
3.29370685342671	0.139830686208833
3.30054027013507	0.500638316743906
3.30737368684342	0.84403838734474
3.31420710355178	1.15084574394757
3.32104052026013	1.40401449753484
3.32787393696848	1.59046089291527
3.33470735367684	1.70235118763954
3.34154077038519	1.73758685049244
3.34837418709355	1.69943763405283
3.3552076038019	1.5954977867699
3.36204102051026	1.43628241522598
3.36887443721861	1.23379945748866
3.37570785392696	1.00034952857412
3.38254127063532	0.747678616408695
3.38937468734367	0.48649252363097
3.39620810405203	0.226266895127406
3.40304152076038	-0.0247441025952555
3.40987493746873	-0.259395890848518
3.41670835417709	-0.471515460691394
3.42354177088544	-0.655791089454076
3.4303751875938	-0.807722329233007
3.43720860430215	-0.923645733761734
3.44404202101051	-1.00083851376936
3.45087543771886	-1.03769100314118
3.45770885442721	-1.03392744999044
3.46454227113557	-0.9908419594521
3.47137568784392	-0.911502827824968
3.47820910455228	-0.800866742395639
3.48504252126063	-0.665739480107781
3.49187593796898	-0.514528212998789
3.49870935467734	-0.356757460052947
3.50554277138569	-0.202366262294378
3.51237618809405	-0.0608601339383966
3.5192096048024	0.0595589152934046
3.52604302151076	0.152737489184272
3.53287643821911	0.21506070205864
3.53970985492746	0.245611532056231
3.54654327163582	0.245999780156119
3.55337668834417	0.219930073517308
3.56021010505253	0.172619289882504
3.56704352176088	0.110178380574317
3.57387693846923	0.0390488627014822
3.58071035517759	-0.0344544110106858
3.58754377188594	-0.104480107553804
3.5943771885943	-0.165869753992262
3.60121060530265	-0.214306075153343
3.60804402201101	-0.246409071654857
3.61487743871936	-0.259803190199561
3.62171085542771	-0.253169670393286
3.62854427213607	-0.226287843574324
3.63537768884442	-0.180059705563844
3.64221110555278	-0.116504793870053
3.64904452226113	-0.0387083378609356
3.65587793896948	0.049294224171453
3.66271135567784	0.14270827510366
3.66954477238619	0.236248671388346
3.67637818909455	0.324474601059984
3.6832116058029	0.402164675808432
3.69004502251126	0.46469433842446
3.69687843921961	0.508372087961122
3.70371185592796	0.53069427777875
3.71054527263632	0.530490298944381
3.71737868934467	0.507947989456532
3.72421210605303	0.46452834603585
3.73104552276138	0.402794095637762
3.73787893946974	0.326185002504994
3.74471235617809	0.238773065309984
3.75154577288644	0.145024492033138
3.7583791895948	0.0495854041620976
3.76521260630315	-0.0429023396558463
3.77204602301151	-0.127957680723174
3.77887943971986	-0.201397668023275
3.78571285642821	-0.259466624826697
3.79254627313657	-0.298967947180319
3.79937968984492	-0.317406446725267
3.80621310655328	-0.313144146015582
3.81304652326163	-0.285565586922948
3.81987993996999	-0.235240386957722
3.82671335667834	-0.164061678100895
3.83354677338669	-0.0753305741349787
3.84038019009505	0.0262487496629424
3.8472136068034	0.134698358305009
3.85404702351176	0.243045684781667
3.86088044022011	0.343757507557057
3.86771385692846	0.42930394600782
3.87454727363682	0.492794240684844
3.88138069034517	0.528598998630127
3.88821410705353	0.532863578962814
3.89504752376188	0.503831156293161
3.90188094047024	0.44193027251347
3.90871435717859	0.349629969296763
3.91554777388694	0.231110563491429
3.9223811905953	0.0918263213018542
3.92921460730365	-0.0619583190532688
3.93604802401201	-0.22359196919504
3.94288144072036	-0.38637801824168
3.94971485742871	-0.543821700202778
3.95654827413707	-0.68979170431023
3.96338169084542	-0.818619374557997
3.97021510755378	-0.925164076451504
3.97704852426213	-1.00487253982714
3.98388194097049	-1.05385525724066
3.99071535767884	-1.06899608556989
3.99754877438719	-1.04810291639966
4.00438219109555	-0.990097745384352
4.0112156078039	-0.895233454091282
4.01804902451226	-0.765312198452985
4.02488244122061	-0.603867495156087
4.03171585792896	-0.416261382745913
4.03854927463732	-0.209643403112923
4.04538269134567	0.00727557202903289
4.05221610805403	0.224660521503124
4.05904952476238	0.43218992157091
4.06588294147074	0.619837232215535
4.07271635817909	0.778695949595231
4.07954977488744	0.901722368294002
4.0863831915958	0.984275249544219
4.09321660830415	1.02436979992769
4.10005002501251	1.02262418026663
4.10688344172086	0.981940388676657
4.11371685842921	0.907007681516504
4.12055027513757	0.803734106475437
4.12738369184592	0.678700732028312
4.13421710855428	0.53870361720432
4.14105052526263	0.390413406516719
4.14788394197099	0.240152054115146
4.15471735867934	0.0937658678232212
4.16155077538769	-0.0434356082903103
4.16838419209605	-0.166706633785752
4.1752176088044	-0.27188599546197
4.18205102551276	-0.355432580965141
4.18888444222111	-0.41448948732357
4.19571785892946	-0.446982706700257
4.20255127563782	-0.451752635856701
4.20938469234617	-0.428708410133994
4.21621810905453	-0.378986201803614
4.22305152576288	-0.305083586134571
4.22988494247124	-0.210934258932225
4.23671835917959	-0.101883293526058
4.24355177588794	0.0154739605567147
4.2503851925963	0.133613222633065
4.25721860930465	0.244562442730879
4.26405202601301	0.340509259062986
4.27088544272136	0.414466679012971
4.27771885942972	0.460903750822254
4.28455227613807	0.476242919828964
4.29138569284642	0.459145965514775
4.29821910955478	0.410551927036027
4.30505252626313	0.333480645995874
4.31188594297149	0.23265849093774
4.31871935967984	0.114046170828271
4.32555277638819	-0.0156515175520032
4.33238619309655	-0.149432831754241
4.3392196098049	-0.28036958982662
4.34605302651326	-0.401894521759003
4.35288644322161	-0.508018913843488
4.35971985992996	-0.593504531075506
4.36655327663832	-0.654015509954872
4.37338669334667	-0.68627077953398
4.38022011005503	-0.688207715214912
4.38705352676338	-0.659154878927799
4.39388694347174	-0.599997317689622
4.40072036018009	-0.513303754235543
4.40755377688844	-0.403373794335929
4.4143871935968	-0.276158808662002
4.42122061030515	-0.139016724227421
4.42805402701351	-0.000281684486138744
4.43488744372186	0.131336154838512
4.44172086043022	0.247463821635523
4.44855427713857	0.340797892083052
4.45538769384692	0.405743989656283
4.46222111055528	0.43886182932774
4.46905452726363	0.439053141811507
4.47588794397199	0.407485474517674
4.48272136068034	0.347298724551017
4.48955477738869	0.263176517174099
4.49638819409705	0.160873300409482
4.5032216108054	0.0467730859163576
4.51005502751376	-0.0724729434211252
4.51688844422211	-0.19021392493674
4.52372186093047	-0.299981329861749
4.53055527763882	-0.395611094506255
4.53738869434717	-0.471338608028615
4.54422211105553	-0.521899622741303
4.55105552776388	-0.542666102290736
4.55788894447224	-0.529839165121503
4.56472236118059	-0.480711917227743
4.57155577788894	-0.394002269075761
4.5783891945973	-0.270238441838766
4.58522261130565	-0.112156938543965
4.59205602801401	0.0749545783348245
4.59888944472236	0.283063979556451
4.60572286143072	0.501462129129572
4.61255627813907	0.717194723469441
4.61938969484742	0.915916252015601
4.62622311155578	1.08313486451656
4.63305652826413	1.20569977346042
4.63988994497249	1.27327593705934
4.64672336168084	1.27950480383419
4.65355677838919	1.22260084084681
4.66039019509755	1.10527555500809
4.6672236118059	0.934060864165897
4.67405702851426	0.718248613382753
4.68089044522261	0.468720462189508
4.68772386193097	0.196906848877288
4.69455727863932	-0.0859797725477513
4.70139069534767	-0.36939610782459
4.70822411205603	-0.643641784807346
4.71505752876438	-0.899836419022922
4.72189094547274	-1.12979108490249
4.72872436218109	-1.32585588141203
4.73555777888944	-1.48080827329175
4.7423911955978	-1.58783065019015
4.74922461230615	-1.6406137889621
4.75605802901451	-1.63361513618396
4.76289144572286	-1.56249311418781
4.76972486243122	-1.42472460218598
4.77655827913957	-1.22038504776727
4.78339169584792	-0.953023606576869
4.79022511255628	-0.630498878983241
4.79705852926463	-0.265564244904926
4.80389194597299	0.124068239090816
4.81072536268134	0.516455607555536
4.8175587793897	0.887102103274811
4.82439219609805	1.21150330038694
4.8312256128064	1.46814950037427
4.83805902951476	1.64131637437195
4.84489244622311	1.72292444983469
4.85172586293147	1.71299688353113
4.85855927963982	1.61869642130404
4.86539269634817	1.45235948833361
4.87222611305653	1.22916615280792
4.87905952976488	0.96503213086653
4.88589294647324	0.675077383765997
4.89272636318159	0.372763967698004
4.89955977988994	0.0696083881481261
4.9063931965983	-0.224710479883806
4.91322661330665	-0.50203110937831
4.92006003001501	-0.755322662336538
4.92689344672336	-0.978330070991244
4.93372686343172	-1.16530760784096
4.94056028014007	-1.3108690174873
4.94739369684843	-1.40996606238322
4.95422711355678	-1.45800023311674
4.96106053026513	-1.45106971168567
4.96789394697349	-1.38635026732921
4.97472736368184	-1.26259951984124
4.9815607803902	-1.08075484722588
4.98839419709855	-0.844564374387851
4.9952276138069	-0.561150187955874
5.00206103051526	-0.241361377019199
5.00889444722361	0.100252345059049
5.01572786393197	0.446004616461733
5.02256128064032	0.776259765676331
5.02939469734867	1.0711880595188
5.03622811405703	1.31285093251688
5.04306153076538	1.48722171679894
5.04989494747374	1.58569830264152
5.05672836418209	1.60576962078713
5.06356178089045	1.55073074424559
5.0703951975988	1.4286055590247
5.07722861430715	1.25062012935375
5.08406203101551	1.02961252606003
5.09089544772386	0.778680659984325
5.09772886443222	0.510224200892355
5.10456228114057	0.235398856092642
5.11139569784893	-0.0360893290074775
5.11822911455728	-0.295959395013143
5.12506253126563	-0.537208611516687
5.13189594797399	-0.75392925908675
5.13872936468234	-0.941147339853297
5.1455627813907	-1.09471664328728
5.15239619809905	-1.21128251514688
5.1592296148074	-1.28831614596427
5.16606303151576	-1.32421048763194
5.17289644822411	-1.31842104080532
5.17972986493247	-1.27162732441382
5.18656328164082	-1.18588354875775
5.19339669834917	-1.06472095674103
5.20023011505753	-0.913161827058627
5.20706353176588	-0.737609222686106
5.21389694847424	-0.54558964977838
5.22073036518259	-0.345348267356559
5.22756378189095	-0.14532524394782
5.2343971985993	0.0464292175752071
5.24123061530765	0.222823432616049
5.24806403201601	0.37819473587799
5.25489744872436	0.508615834373749
5.26173086543272	0.612002244520345
5.26856428214107	0.688023927425702
5.27539769884943	0.737857604318236
5.28223111555778	0.763836704019473
5.28906453226613	0.769060576814397
5.29589794897449	0.75701605893972
5.30273136568284	0.731248425482056
5.3095647823912	0.695101283798551
5.31639819909955	0.651530389589571
5.3232316158079	0.602986682878487
5.33006503251626	0.551359011163778
5.33689844922461	0.497965840427174
5.34373186593297	0.443586201046396
5.35056528264132	0.388521799662494
5.35739869934967	0.332683695640305
5.36423211605803	0.275697711464836
5.37106553276638	0.217022749343023
5.37789894947474	0.156075653008631
5.38473236618309	0.0923555865985469
5.39156578289145	0.0255605364139569
5.3983991995998	-0.0443111863191643
5.40523261630815	-0.116880514434256
5.41206603301651	-0.191332616513197
5.41889944972486	-0.266389586459454
5.42573286643322	-0.34031111811374
5.43256628314157	-0.410921986351021
5.43939969984993	-0.475664519480635
5.44623311655828	-0.531674538886617
5.45306653326663	-0.575880331459322
5.45989994997499	-0.605125772018176
5.46673336668334	-0.616320235261954
5.4735667833917	-0.606618809730496
5.48040020010005	-0.573635837971101
5.4872336168084	-0.51569216005922
5.49406703351676	-0.432090843919339
5.50090045022511	-0.323407058043482
5.50773386693347	-0.191765103393489
5.51456728364182	-0.0410607222323604
5.52140070035018	0.122927167218518
5.52823411705853	0.292598666019394
5.53506753376688	0.458826119308354
5.54190095047524	0.611508735633226
5.54873436718359	0.740369803058172
5.55556778389195	0.835913567114978
5.5624012006003	0.890398339096846
5.56923461730865	0.898650665381336
5.57606803401701	0.858562522247591
5.58290145072536	0.771181611060002
5.58973486743372	0.640402818480331
5.59656828414207	0.472361010815241
5.60340170085043	0.274679340552905
5.61023511755878	0.0557302197888638
5.61706853426713	-0.175972511310118
5.62390195097549	-0.412189494441924
5.63073536768384	-0.645173900421964
5.6375687843922	-0.867724095880292
5.64440220110055	-1.07312236073531
5.6512356178089	-1.25501437824669
5.65806903451726	-1.40727830594155
5.66490245122561	-1.52392316299372
5.67173586793397	-1.59904824453061
5.67856928464232	-1.62689033899386
5.68540270135068	-1.60198366280653
5.69223611805903	-1.51945675016099
5.69906953476738	-1.37548748282743
5.70590295147574	-1.16792713600144
5.71273636818409	-0.897081245076124
5.71956978489245	-0.566594370532805
5.7264032016008	-0.184325450605817
5.73323661830915	0.23697439733057
5.74007003501751	0.679439805457497
5.74690345172586	1.12060938072979
5.75373686843422	1.53489886171651
5.76057028514257	1.89603930365225
5.76740370185093	2.18017255833691
5.77423711855928	2.36897555274592
5.78107053526763	2.45203111666693
5.78790395197599	2.42780760926616
5.79473736868434	2.30303426540594
5.8015707853927	2.09077345065854
5.80840420210105	1.80784514780243
5.8152376188094	1.47231246804588
5.82207103551776	1.101533779445
5.82890445222611	0.710985765739982
5.83573786893447	0.313809866899631
5.84257128564282	-0.0791027213381839
5.84940470235118	-0.458704599729377
5.85623811905953	-0.817250522781472
5.86307153576788	-1.14775274297963
5.86990495247624	-1.44351329995209
5.87673836918459	-1.69777414524473
5.88357178589295	-1.9035030668111
5.8904052026013	-2.05332568108925
5.89723861930966	-2.13961860075757
5.90407203601801	-2.15479201376592
5.91090545272636	-2.09180470530717
5.91773886943472	-1.9449612353938
5.92457228614307	-1.71102682798337
5.93140570285143	-1.39064659874991
5.93823911955978	-0.989959746722779
5.94507253626813	-0.52215082086144
5.95190595297649	-0.00849461963374835
5.95873936968484	0.521706906139946
5.9655727863932	1.03289378910441
5.97240620310155	1.48699586713914
5.97923961980991	1.84874383903324
5.98607303651826	2.09131019671747
5.99290645322661	2.20057744061447
5.99973986993497	2.17663129528502
6.00657328664332	2.03211798985474
6.01340670335168	1.78831694532589
6.02024012006003	1.47045985124266
6.02707353676838	1.10369764629072
6.03390695347674	0.710464575800973
6.04074037018509	0.309303653857823
6.04757378689345	-0.0851954444634015
6.0544072036018	-0.461808520233437
6.06124062031016	-0.81183159276133
6.06807403701851	-1.12823970198613
6.07490745372686	-1.4049906018132
6.08174087043522	-1.63652962197914
6.08857428714357	-1.81750398875278
6.09540770385193	-1.94267486826603
6.10224112056028	-2.00701312779447
6.10907453726863	-2.00597066511151
6.11590795397699	-1.93592416954166
6.12274137068534	-1.79478415560069
6.1295747873937	-1.58274262225267
6.13640820410205	-1.30309496074269
6.14324162081041	-0.963018687011555
6.15007503751876	-0.57413365843391
6.15690845422711	-0.152625544234582
6.16374187093547	0.281283434418573
6.17057528764382	0.704651360983165
6.17740870435218	1.09387980596545
6.18424212106053	1.4272420747609
6.19107553776889	1.68738109712836
6.19790895447724	1.86320700261663
6.20474237118559	1.95075635826653
6.21157578789395	1.95287651065604
6.2184092046023	1.87793827479188
6.22524262131066	1.73801051918313
6.23207603801901	1.54697454171924
6.23890945472736	1.31894074683125
6.24574287143572	1.06714467015097
6.25257628814407	0.80333170191048
6.25940970485243	0.537535774552555
6.26624312156078	0.278119436854181
6.27307653826913	0.0319505831392557
6.27990995497749	-0.19537938398735
6.28674337168584	-0.399357393378096
6.2935767883942	-0.576402933639337
6.30041020510255	-0.723785553315491
6.30724362181091	-0.839601990541154
6.31407703851926	-0.922799903336532
6.32091045522761	-0.973229087471631
6.32774387193597	-0.991697097215434
6.33457728864432	-0.980004031610469
6.34141070535268	-0.940931464231011
6.34824412206103	-0.878164121579886
6.35507753876939	-0.796130883222852
6.36191095547774	-0.699764061785707
6.36874437218609	-0.594191334458533
6.37557778889445	-0.484390160286005
6.3824112056028	-0.374846057019947
6.38924462231116	-0.269260059958656
6.39607803901951	-0.170345192113342
6.40291145572786	-0.0797378005224115
6.40974487243622	0.00196923122979115
6.41657828914457	0.0750831697236942
6.42341170585293	0.140584142288457
6.43024512256128	0.199847564260485
6.43707853926963	0.254350868437012
6.44391195597799	0.305395268412973
6.45074537268634	0.353867248196138
6.4575787893947	0.400058329171066
6.46441220610305	0.443556400285016
6.47124562281141	0.483217336657256
6.47807903951976	0.517220847131246
6.48491245622811	0.54320843346373
6.49174587293647	0.558493507658203
6.49857928964482	0.560324629650222
6.50541270635318	0.546174188453689
6.51224612306153	0.514019123505591
6.51907953976989	0.46257983949274
6.52591295647824	0.391489511659466
6.53274637318659	0.301377776969565
6.53957978989495	0.193867676994091
6.5464132066033	0.0714988847276398
6.55324662331166	-0.0623997952433975
6.56008004002001	-0.203861937660233
6.56691345672836	-0.348434838335328
6.57374687343672	-0.491313674420487
6.58058029014507	-0.627450857081347
6.58741370685343	-0.751642284459803
6.59424712356178	-0.858599967507311
6.60108054027013	-0.943026086391396
6.60791395697849	-0.999707017683209
6.61474737368684	-1.02364758987511
6.6215807903952	-1.01026590499392
6.62841420710355	-0.955667030725441
6.63524762381191	-0.857008401672389
6.64208104052026	-0.712958748948519
6.64891445722861	-0.524233309035828
6.65574787393697	-0.294159102799012
6.66258129064532	-0.0291858694333529
6.66941470735368	0.260783400718905
6.67624812406203	0.562399707383014
6.68308154077039	0.859369266748595
6.68991495747874	1.13354663011795
6.69674837418709	1.36658983775915
6.70358179089545	1.54196995124761
6.7104152076038	1.64696007888033
6.71724862431216	1.67415651137097
6.72408204102051	1.62216785819658
6.73091545772886	1.49533593119647
6.73774887443722	1.30263227046141
6.74458229114557	1.05608346852686
6.75141570785393	0.769138184039523
6.75824912456228	0.455305098425687
6.76508254127064	0.127233420229887
6.77191595797899	-0.203745773879928
6.77874937468734	-0.527701135536771
6.7855827913957	-0.835931792715112
6.79241620810405	-1.12067164303077
6.79924962481241	-1.37476699607356
6.80608304152076	-1.5913973248649
6.81291645822911	-1.76388371301651
6.81974987493747	-1.88561366141705
6.82658329164582	-1.95010448115371
6.83341670835418	-1.95122789376087
6.84025012506253	-1.8836206084143
6.84708354177089	-1.74330242660048
6.85391695847924	-1.52850641291698
6.8607503751876	-1.24068684727338
6.86758379189595	-0.885605085860173
6.8744172086043	-0.474303398997952
6.88125062531266	-0.0236789955721906
6.88808404202101	0.44369474923767
6.89491745872936	0.900819508576886
6.90175087543772	1.31871798401109
6.90858429214607	1.66983057405994
6.91541770885443	1.93169566442441
6.92225112556278	2.08998185087324
6.92908454227114	2.14003134378577
6.93591795897949	2.086541049339
6.94275137568784	1.94163786411401
6.9495847923962	1.72207711928955
6.95641820910455	1.44640385411805
6.96325162581291	1.1326976809482
6.97008504252126	0.797165863573924
6.97691845922962	0.453544870917582
6.98375187593797	0.113104350312682
6.99058529264632	-0.214991181508001
6.99741870935468	-0.523170720152108
7.00425212606303	-0.804939858322165
7.01108554277139	-1.05444367749814
7.01791895947974	-1.2661508551681
7.02475237618809	-1.43467420570266
7.03158579289645	-1.55473118857104
7.0384192096048	-1.62124614157069
7.04525262631316	-1.62959899509519
7.05208604302151	-1.57602744603294
7.05891945972987	-1.45818514688947
7.06575287643822	-1.27584176718289
7.07258629314657	-1.03167769519117
7.07941970985493	-0.73207599994793
7.08625312656328	-0.387752670213744
7.09308654327164	-0.0140090128133114
7.09991995997999	0.369632677375305
7.10675337668834	0.740596970270841
7.1135867933967	1.07525498818908
7.12042021010505	1.35153147022883
7.12725362681341	1.55162915621418
7.13408704352176	1.66423394239902
7.14092046023012	1.68564579003082
7.14775387693847	1.61959047944184
7.15458729364682	1.47587433589749
7.16142071035518	1.26835820359633
7.16825412706353	1.01282193136334
7.17508754377189	0.725172681247778
7.18192096048024	0.420225556173775
7.18875437718859	0.111071774405356
7.19558779389695	-0.191085150371762
7.2024212106053	-0.476793773170167
7.20925462731366	-0.738077773363769
7.21608804402201	-0.968138054132983
7.22292146073037	-1.1611121570801
7.22975487743872	-1.3119345260128
7.23658829414707	-1.4163168162751
7.24342171085543	-1.4708516424467
7.25025512756378	-1.47323180024775
7.25708854427214	-1.42256555227366
7.26392196098049	-1.3197534446331
7.27075537768884	-1.16787204644516
7.2775887943972	-0.972487292855539
7.28442221110555	-0.741801419037779
7.29125562781391	-0.486533265182387
7.29808904452226	-0.219453614444042
7.30492246123062	0.0454474799710644
7.31175587793897	0.29409989425355
7.31858929464732	0.513644638471315
7.32542271135568	0.693655124225607
7.33225612806403	0.827057983892567
7.33908954477239	0.910586037247873
7.34592296148074	0.944711800862318
7.35275637818909	0.93313481106703
7.35958979489745	0.881984428970416
7.3664232116058	0.798927108008652
7.37325662831416	0.692337822477653
7.38009004502251	0.57063407551896
7.38692346173087	0.441805805311338
7.39375687843922	0.313124848037815
7.40059029514757	0.190990176190483
7.40742371185593	0.0808574082103731
7.41425712856428	-0.0127934364364846
7.42109054527264	-0.0864857695329576
7.42792396198099	-0.137789353540695
7.43475737868935	-0.165383802392109
7.4415907953977	-0.169135491902115
7.44842421210605	-0.150169816942503
7.45525762881441	-0.110912233634943
7.46209104552276	-0.05506665423152
7.46892446223112	0.0124996236288475
7.47575787893947	0.0859872642048058
7.48259129564782	0.159019022209051
7.48942471235618	0.225099923956151
7.49625812906453	0.278141051411753
7.50309154577289	0.312983356996472
7.50992496248124	0.32584898125577
7.51675837918959	0.314655595137277
7.52359179589795	0.279153622991757
7.5304252126063	0.220880058387508
7.53725862931466	0.142955640194134
7.54409204602301	0.049774854804619
7.55092546273137	-0.0533544484042451
7.55775887943972	-0.160572306787886
7.56459229614807	-0.265795955748798
7.57142571285643	-0.363003968997723
7.57825912956478	-0.44647892294094
7.58509254627314	-0.511023396438036
7.59192596298149	-0.552168467121706
7.59875937968985	-0.566391848918341
7.6055927963982	-0.551355293391058
7.61242621310655	-0.506158687056968
7.61925962981491	-0.431592339390412
7.62609304652326	-0.330350895858673
7.63292646323162	-0.207155329662814
7.63975987993997	-0.0687189356482301
7.64659329664832	0.076503669042829
7.65342671335668	0.218822086973534
7.66026013006503	0.348061626697443
7.66709354677339	0.454489964344371
7.67392696348174	0.529787564152548
7.68076038019009	0.567895477398955
7.68759379689845	0.565584728039638
7.6944272136068	0.522650860177203
7.70126063031516	0.44172682381549
7.70809404702351	0.327794487047405
7.71492746373187	0.187529344676275
7.72176088044022	0.0286210658920122
7.72859429714857	-0.140818597664635
7.73542771385693	-0.312699789855305
7.74226113056528	-0.479239792903728
7.74909454727364	-0.633115520167941
7.75592796398199	-0.767528588261687
7.76276138069035	-0.876233106642446
7.7695947973987	-0.95357186477773
7.77642821410705	-0.994557685437617
7.78326163081541	-0.99502620939685
7.79009504752376	-0.951874912515746
7.79692846423212	-0.863389599901044
7.80376188094047	-0.729642025424113
7.81059529764883	-0.552919187005825
7.81742871435718	-0.338116876590471
7.82426213106553	-0.0930016374805743
7.83109554777389	0.171774178829364
7.83792896448224	0.443016150947937
7.84476238119059	0.705761565486893
7.85159579789895	0.944470293188951
7.8584292146073	1.14450428775113
7.86526263131566	1.29365580880367
7.87209604802401	1.3834263188375
7.87892946473237	1.40979125089702
7.88576288144072	1.37331093410483
7.89259629814908	1.27861996561644
7.89942971485743	1.13347753257597
7.90626313156578	0.947635158588997
7.91309654827414	0.731762898526137
7.91992996498249	0.49659689158005
7.92676338169085	0.252373890903429
7.9335967983992	0.00853745142342736
7.94043021510755	-0.226348051877201
7.94726363181591	-0.444556603982203
7.95409704852426	-0.639109722892452
7.96093046523262	-0.803697779408087
7.96776388194097	-0.932658681551063
7.97459729864932	-1.02104405273835
7.98143071535768	-1.0647904547196
7.98826413206603	-1.06100131181453
7.99509754877439	-1.00833076638443
8.00193096548274	-0.907440424366951
8.0087643821911	-0.761472099257808
8.01559779889945	-0.576446162244646
8.0224312156078	-0.36146366446338
8.02926463231616	-0.128575503683978
8.03609804902451	0.10779740115974
8.04293146573287	0.331937002408681
8.04976488244122	0.528315957445295
8.05659829914958	0.683279702026231
8.06343171585793	0.786595943675222
8.07026513256628	0.832534424270498
8.07709854927464	0.820249088642932
8.08393196598299	0.753428030164972
8.09076538269135	0.639372698735438
8.0975987993997	0.487787216471745
8.10443221610806	0.309567649388749
8.11126563281641	0.115802049839379
8.11809904952476	-0.0829221833213286
8.12493246623312	-0.276907993988432
8.13176588294147	-0.457502587556699
8.13859929964982	-0.617106270286005
8.14543271635818	-0.749122733933225
8.15226613306653	-0.847919294072411
8.15909954977489	-0.90884388222258
8.16593296648324	-0.928325211472415
8.1727663831916	-0.904064311108021
8.17959979989995	-0.835307945775513
8.1864332166083	-0.723175112577174
8.19326663331666	-0.570985837666408
8.20010005002501	-0.384518632493079
8.20693346673337	-0.172104825281505
8.21376688344172	0.0555360465087594
8.22060030015007	0.285794547444256
8.22743371685843	0.505024610400335
8.23426713356678	0.699690453042322
8.24110055027514	0.857653908433205
8.24793396698349	0.969381151054805
8.25476738369185	1.02883810984915
8.2616008004002	1.03390686633161
8.26843421710856	0.986273547386114
8.27526763381691	0.890867479568902
8.28210105052526	0.755023623776955
8.28893446723362	0.587568320159251
8.29576788394197	0.397995851432813
8.30260130065033	0.195836257459107
8.30943471735868	-0.00975631596779275
8.31626813406703	-0.210219679719113
8.32310155077539	-0.397659052761583
8.32993496748374	-0.564845760267173
8.3367683841921	-0.705198274221353
8.34360180090045	-0.812793639737076
8.3504352176088	-0.882444878695651
8.35726863431716	-0.909868029712469
8.36410205102551	-0.891950439513476
8.37093546773387	-0.827117450798551
8.37776888444222	-0.715774865468997
8.38460230115058	-0.560777618347279
8.39143571785893	-0.367842041593913
8.39826913456728	-0.145786144108551
8.40510255127564	0.093537663348189
8.41193596798399	0.335741617710053
8.41876938469235	0.56489744941651
8.4256028014007	0.764977823138665
8.43243621810906	0.921551585337067
8.43926963481741	1.0234183008288
8.44610305152576	1.06383048843818
8.45293646823412	1.04103598834551
8.45976988494247	0.958057129375516
8.46660330165083	0.821832858660931
8.47343671835918	0.641997448320327
8.48027013506753	0.42960562247012
8.48710355177589	0.196049018818913
8.49393696848424	-0.0477067354784137
8.5007703851926	-0.291547108235242
8.50760380190095	-0.526354720065868
8.51443721860931	-0.743968892291295
8.52127063531766	-0.937052729178843
8.52810405202601	-1.09894604531437
8.53493746873437	-1.22356176424526
8.54177088544272	-1.30536499653574
8.54860430215108	-1.33946030763494
8.55543771885943	-1.32180265997637
8.56227113556779	-1.24953788226896
8.56910455227614	-1.1214649616498
8.57593796898449	-0.93859090444137
8.58277138569285	-0.704717202132258
8.5896048024012	-0.426956881634214
8.59643821910956	-0.116040853039922
8.60327163581791	0.213751954783781
8.61010505252626	0.545191227847473
8.61693846923462	0.859293113956366
8.62377188594297	1.13705188866055
8.63060530265133	1.36146076584728
8.63743871935968	1.51943183186562
8.64427213606803	1.60318962887075
8.65110555277639	1.61082814106947
8.65793896948474	1.54595397264607
8.6647723861931	1.41659187213006
8.67160580290145	1.23369613436179
8.67843921960981	1.00963944503665
8.68527263631816	0.756960045830255
8.69210605302651	0.487504721809874
8.69893946973487	0.211974067876512
8.70577288644322	-0.0602071886349721
8.71260630315158	-0.320804952561539
8.71943971985993	-0.562582416738638
8.72627313656828	-0.779083960875621
8.73310655327664	-0.964456010039866
8.73993996998499	-1.11334254319701
8.74677338669335	-1.22087725755799
8.7536068034017	-1.28278444492295
8.76044022011006	-1.29559385734165
8.76727363681841	-1.2569676305724
8.77410705352676	-1.16612585993409
8.78094047023512	-1.0243385732268
8.78777388694347	-0.835424578122155
8.79460730365183	-0.606164666670976
8.80144072036018	-0.346506066041411
8.80827413706854	-0.0694212216375026
8.81510755377689	0.209694401843983
8.82194097048524	0.47412845351083
8.8287743871936	0.707382476133406
8.83560780390195	0.894905050514979
8.84244122061031	1.02569706629206
8.84927463731866	1.09344492134181
8.85610805402701	1.09694279632342
8.86294147073537	1.03975726269927
8.86977488744372	0.929287733421072
8.87660830415208	0.775504170502356
8.88344172086043	0.589661432078173
8.89027513756879	0.383215852319327
8.89710855427714	0.167055412050251
8.90394197098549	-0.0489497983831739
8.91077538769385	-0.256137796657831
8.9176088044022	-0.447073938528181
8.92444222111055	-0.615485245228349
8.93127563781891	-0.756178008797552
8.93810905452726	-0.864984195361885
8.94494247123562	-0.938760849205429
8.95177588794397	-0.975448830074509
8.95860930465233	-0.974182532574168
8.96544272136068	-0.935429690629813
8.97227613806903	-0.861129345708271
8.97910955477739	-0.754787190795886
8.98594297148574	-0.621482896811488
8.9927763881941	-0.467746873670782
8.99960980490245	-0.301277209862052
9.00644322161081	-0.130492283716081
9.01327663831916	0.0360520790154983
9.02011005502751	0.19031741340503
9.02694347173587	0.325420605161728
9.03377688844422	0.436160182036218
9.04061030515258	0.519353578517709
9.04744372186093	0.573945237880178
9.05427713856928	0.600890768273943
9.06111055527764	0.602861791782278
9.06794397198599	0.583838968609225
9.07477738869435	0.5486635686769
9.0816108054027	0.502604708564132
9.08844422211106	0.450977812809439
9.09527763881941	0.398827989405477
9.10211105552776	0.35067536017835
9.10894447223612	0.310310300629918
9.11577788894447	0.280624839823166
9.12261130565283	0.263470572869184
9.12944472236118	0.25954129368179
9.13627813906954	0.268288064414061
9.14311155577789	0.287883475287919
9.14994497248624	0.315258122486999
9.1567783891946	0.34623339235455
9.16361180590295	0.375768292286412
9.17044522261131	0.398323291427284
9.17727863931966	0.408322247018444
9.18411205602801	0.400668963695942
9.19094547273637	0.371254949907388
9.19777888944472	0.317387262058535
9.20461230615308	0.238074906960791
9.21144572286143	0.134138259177831
9.21827913956979	0.00814111828531252
9.22511255627814	-0.135821558078474
9.23194597298649	-0.292425545059219
9.23877938969485	-0.455449226858304
9.2456128064032	-0.618086306262727
9.25244622311155	-0.773210278429791
9.25927963981991	-0.913584188004631
9.26611305652826	-1.03202873023791
9.27294647323662	-1.12157545983841
9.27977988994497	-1.17563934055214
9.28661330665333	-1.18824683532253
9.29344672336168	-1.15435264580638
9.30028014007004	-1.07026917759175
9.30711355677839	-0.934215330301467
9.31394697348674	-0.746961850604663
9.3207803901951	-0.512506843576889
9.32761380690345	-0.238659203344555
9.33444722361181	0.0626491240894751
9.34128064032016	0.375534922297398
9.34811405702852	0.681008022225291
9.35494747373687	0.958561930242367
9.36178089044522	1.18837765224205
9.36861430715358	1.35376372714038
9.37544772386193	1.44328420988095
9.38228114057029	1.45203948940557
9.38911455727864	1.38179577482534
9.39594797398699	1.24001798487758
9.40278139069535	1.03817896492778
9.4096148074037	0.789857280445391
9.41644822411206	0.509071367734993
9.42328164082041	0.20910930359306
9.43011505752876	-0.0980888566485029
9.43694847423712	-0.402081478003968
9.44378189094547	-0.693757245639103
9.45061530765383	-0.964999972743216
9.45744872436218	-1.20830835585848
9.46428214107054	-1.41645505556386
9.47111555777889	-1.58223764092392
9.47794897448724	-1.69835394767737
9.4847823911956	-1.75742699945712
9.49161580790395	-1.75220715758659
9.49844922461231	-1.67598620665785
9.50528264132066	-1.52326162441457
9.51211605802902	-1.29067899754269
9.51894947473737	-0.978244920920894
9.52578289144572	-0.590731050016531
9.53261630815408	-0.139076129968384
9.53944972486243	0.358555308096943
9.54628314157079	0.876540351854445
9.55311655827914	1.38291619642727
9.55994997498749	1.84219108381419
9.56678339169585	2.2197068775279
9.5736168084042	2.48673738728329
9.58045022511256	2.62496262850108
9.58728364182091	2.62893435745828
9.59411705852927	2.50579367115168
9.60095047523762	2.27252953633836
9.60778389194597	1.95190293315537
9.61461730865433	1.5683796079302
9.62145072536268	1.14504015550734
9.62828414207104	0.701826707479713
9.63511755877939	0.254991879881293
9.64195097548775	-0.182621192132512
9.6487843921961	-0.600860885973501
9.65561780890445	-0.991416520771542
9.66245122561281	-1.34702782192759
9.66928464232116	-1.66085301209164
9.67611805902952	-1.92603188266217
9.68295147573787	-2.13544834136608
9.68978489244622	-2.28168925285445
9.69661830915458	-2.35720556778592
9.70345172586293	-2.35469935264995
9.71028514257129	-2.26777562797568
9.71711855927964	-2.09189726363294
9.72395197598799	-1.82564965642867
9.73078539269635	-1.47224714507288
9.7376188094047	-1.041090119447
9.74445222611306	-0.549020514857291
9.75128564282141	-0.0207652597831909
9.75811905952976	0.512002827092411
9.76495247623812	1.0133807445624
9.77178589294647	1.44761959784268
9.77861930965483	1.78434979127944
9.78545272636318	2.00323733614904
9.79228614307154	2.09663478063925
9.79911955977989	2.06946337472115
9.80595297648824	1.93661463683528
9.8127863931966	1.71899495235898
9.81961980990495	1.43954206321949
9.82645322661331	1.12016297498079
9.83328664332166	0.779942839414065
9.84012006003002	0.434496448226109
9.84695347673837	0.0961090176758385
9.85378689344672	-0.225704831580642
9.86062031015508	-0.523509222832444
9.86745372686343	-0.79130021920072
9.87428714357179	-1.02399373840791
9.88112056028014	-1.2170796259757
9.88795397698849	-1.36644155358439
9.89478739369685	-1.46832911032207
9.9016208104052	-1.51946560971585
9.90845422711356	-1.51727595506137
9.91528764382191	-1.46021799613576
9.92212106053027	-1.34819429530068
9.92895447723862	-1.18300719597881
9.93578789394697	-0.968799294122108
9.94262131065533	-0.712397855007652
9.94945472736368	-0.423462919177499
9.95628814407204	-0.114335423642298
9.96312156078039	0.200494671014507
9.96995497748875	0.505321619656534
9.9767883941971	0.784489783043192
9.98362181090545	1.02382303495339
9.99045522761381	1.21197412257663
9.99728864432216	1.3414386234189
10.0041220610305	1.40904478308715
10.0109554777389	1.41585717712584
10.0177888944472	1.36657225461334
10.0246223111556	1.26858646123051
10.0314557278639	1.1309529186725
10.0382891445723	0.963412919238412
10.0451225612806	0.775620134973312
10.051955977989	0.576600649512946
10.0587893946973	0.374433750770291
10.0656228114057	0.176105644398396
10.0724562281141	-0.0125215496500164
10.0792896448224	-0.186677536645567
10.0861230615308	-0.342627156920687
10.0929564782391	-0.477613110332968
10.0997898949475	-0.589808433673355
10.1066233116558	-0.678278464152228
10.1134567283642	-0.742944680458036
10.1202901450725	-0.784538687369109
10.1271235617809	-0.804533597013353
10.1339569784892	-0.805042064157472
10.1407903951976	-0.788675024598868
10.147623811906	-0.758362164434604
10.1544572286143	-0.717143186750553
10.1612906453227	-0.667946413923731
10.168124062031	-0.613376388949923
10.1749574787394	-0.55553350498178
10.1817908954477	-0.495885789048682
10.1886243121561	-0.435206446998844
10.1954577288644	-0.373582283435186
10.2022911455728	-0.310489701280873
10.2091245622811	-0.244928425743543
10.2159579789895	-0.175599310613824
10.2227913956979	-0.10111147519913
10.2296248124062	-0.0202046847381761
10.2364582291146	0.0680259540095591
10.2432916458229	0.163915430693379
10.2501250625313	0.267037753856324
10.2569584792396	0.376053986426453
10.263791895948	0.488617891199667
10.2706253126563	0.601359608242118
10.2774587293647	0.709966754103044
10.284292146073	0.809376325306367
10.2911255627814	0.894078605967279
10.2979589794897	0.958516476016589
10.3047923961981	0.997543108489209
10.3116258129065	1.00688337659235
10.3184592296148	0.983535650628988
10.3252926463232	0.926055811660215
10.3321260630315	0.834684944242708
10.3389594797399	0.711311821897882
10.3457928964482	0.559292601391735
10.3526263131566	0.383174128752968
10.3594597298649	0.188377953406515
10.3662931465733	-0.019101460363327
10.3731265632816	-0.232945232980243
10.37995997999	-0.446685577007061
10.3867933966983	-0.653807450438226
10.3936268134067	-0.847790198856927
10.4004602301151	-1.02211239981558
10.4072936468234	-1.17024786036966
10.4141270635318	-1.28568252204989
10.4209604802401	-1.36198268929501
10.4277938969485	-1.39294563673565
10.4346273136568	-1.37286411132996
10.4414607303652	-1.29693462937497
10.4482941470735	-1.16183189355502
10.4551275637819	-0.966452462152183
10.4619609804902	-0.712793567863718
10.4687943971986	-0.40687297635061
10.475627813907	-0.0595148300097353
10.4824612306153	0.313259207678257
10.4892946473237	0.690545776981996
10.496128064032	1.04785283308367
10.5029614807404	1.35944958426843
10.5097948974487	1.60151610756855
10.5166283141571	1.7554579449632
10.5234617308654	1.81052892376121
10.5302951475738	1.76501596109858
10.5371285642821	1.62569351759236
10.5439619809905	1.40584361726624
10.5507953976989	1.12255758060465
10.5576288144072	0.794107109911292
10.5644622311156	0.437941251581608
10.5712956478239	0.0695215762768756
10.5781290645323	-0.298074131298982
10.5849624812406	-0.653995801688324
10.591795897949	-0.989155298435949
10.5986293146573	-1.29565163243077
10.6054627313657	-1.56622399118778
10.612296148074	-1.79381156434387
10.6191295647824	-1.97125915859908
10.6259629814907	-2.09118759229204
10.6327963981991	-2.14604512145428
10.6396298149075	-2.12836513114716
10.6464632316158	-2.03126785090866
10.6532966483242	-1.84924890704044
10.6601300650325	-1.57928200736139
10.6669634817409	-1.222213941751
10.6737968984492	-0.784337350914754
10.6806303151576	-0.278887768900694
10.6874637318659	0.272957166075949
10.6942971485743	0.842137297133437
10.7011305652826	1.39337897285785
10.707963981991	1.88872534639514
10.7147973986993	2.29255871079142
10.7216308154077	2.57700519487865
10.7284642321161	2.7261673264544
10.7352976488244	2.73785426898556
10.7421310655328	2.62237481038134
10.7489644822411	2.39905901876396
10.7557978989495	2.09186255576639
10.7626313156578	1.72538745279849
10.7694647323662	1.32211749209559
10.7762981490745	0.901035068367722
10.7831315657829	0.477361326972327
10.7899649824912	0.0630070839548381
10.7967983991996	-0.332645890991165
10.803631815908	-0.701904960012448
10.8104652326163	-1.03802746220207
10.8172986493247	-1.33465678430866
10.824132066033	-1.58545609294394
10.8309654827414	-1.78393800060328
10.8377988994497	-1.92348455356731
10.8446323161581	-1.99756059287606
10.8514657328664	-2.00013655195656
10.8582991495748	-1.92634445096016
10.8651325662831	-1.77338192344874
10.8719659829915	-1.54164218269371
10.8787993996999	-1.23597490136528
10.8856328164082	-0.866874618301346
10.8924662331166	-0.451266966168102
10.8992996498249	-0.0124656913207564
10.9061330665333	0.421111127208894
10.9129664832416	0.818654930656473
10.91979989995	1.15084716870344
10.9266333166583	1.39409864594763
10.9334667333667	1.53399622489423
10.940300150075	1.56693454199791
10.9471335667834	1.49952998774136
10.9539669834917	1.34621405379419
10.9608004002001	1.12595051216992
10.9676338169085	0.859079674623711
10.9744672336168	0.564956571294093
10.9813006503252	0.260595201711602
10.9881340670335	-0.0398119135513844
10.9949674837419	-0.324784041698627
11.0018009004502	-0.585143149318138
11.0086343171586	-0.813528002028256
11.0154677338669	-1.0039707755666
11.0223011505753	-1.15160674051777
11.0291345672836	-1.25254117545817
11.035967983992	-1.30387021075366
11.0428014007004	-1.30383648422061
11.0496348174087	-1.25208899030195
11.0564682341171	-1.15000405310057
11.0633016508254	-1.00100888286522
11.0701350675338	-0.810832631651858
11.0769684842421	-0.587598128170308
11.0838019009505	-0.341669292396484
11.0906353176588	-0.0851933540483215
11.0974687343672	0.168672327237667
11.1043021510755	0.406787245787082
11.1111355677839	0.617171936456241
11.1179689844922	0.790081400052713
11.1248024012006	0.918816652342882
11.131635817909	1.00013650452783
11.1384692346173	1.0342255658398
11.1453026513257	1.02427531717825
11.152136068034	0.975808017610964
11.1589694847424	0.895898652133911
11.1658029014507	0.7924302855625
11.1726363181591	0.673470944695073
11.1794697348674	0.546807271381047
11.1863031515758	0.419627675662095
11.1931365682841	0.298322365805931
11.1999699849925	0.188358743443303
11.2068034017009	0.0941937744266105
11.2136368184092	0.0191950781517461
11.2204702351176	-0.0344442381227331
11.2273036518259	-0.0657979237628539
11.2341370685343	-0.0752936120311676
11.2409704852426	-0.0647704153579139
11.247803901951	-0.037474767844864
11.2546373186593	0.00204028424951406
11.2614707353677	0.04814126326392
11.268304152076	0.0944787799679999
11.2751375687844	0.134477683032743
11.2819709854927	0.16190952564446
11.2888044022011	0.17147676204033
11.2956378189095	0.15932407850113
11.3024712356178	0.12339882889221
11.3093046523262	0.0636101805187611
11.3161380690345	-0.0182224564586863
11.3229714857429	-0.118599990218903
11.3298049024512	-0.232692891941265
11.3366383191596	-0.354739744440174
11.3434717358679	-0.478435258619685
11.3503051525763	-0.59726930511006
11.3571385692846	-0.704803107544423
11.363971985993	-0.79488964163756
11.3708054027014	-0.861858868645148
11.3776388194097	-0.900694077151658
11.3844722361181	-0.907224355721613
11.3913056528264	-0.87835143703957
11.3981390695348	-0.812317740684428
11.4049724862431	-0.709006769915596
11.4118059029515	-0.570247557132827
11.4186393196598	-0.400073226396267
11.4254727363682	-0.204863911716625
11.4323061530765	0.00670682473199593
11.4391395697849	0.223996140689071
11.4459729864932	0.435027772837781
11.4528064032016	0.627419830354904
11.45963981991	0.789506084459537
11.4664732366183	0.911479877978913
11.4733066533267	0.986354312087133
11.480140070035	1.01055645387399
11.4869734867434	0.984056237004116
11.4938069034517	0.910044609659082
11.5006403201601	0.794277874629997
11.5074737368684	0.644261053429399
11.5143071535768	0.468441349936178
11.5211405702851	0.27553698149764
11.5279739869935	0.0740628452519583
11.5348074037019	-0.127943527188122
11.5416408204102	-0.32303141362165
11.5484742371186	-0.504335663023789
11.5553076538269	-0.665520817121885
11.5621410705353	-0.800719548215333
11.5689744872436	-0.904503989667051
11.575807903952	-0.971918526391965
11.5826413206603	-0.998594309391432
11.5894747373687	-0.980958556815129
11.596308154077	-0.916543632897887
11.6031415707854	-0.804389232845993
11.6099749874937	-0.645513126403716
11.6168084042021	-0.443400447487962
11.6236418209105	-0.20442988067153
11.6304752376188	0.0618766746540766
11.6373086543272	0.342914192854935
11.6441420710355	0.62348802146923
11.6509754877439	0.886808251992437
11.6578089044522	1.11594403618022
11.6646423211606	1.29555569063341
11.6714757378689	1.41359671736065
11.6783091545773	1.46262923701053
11.6851425712856	1.44046551376489
11.691975987994	1.35002317214467
11.6988094047024	1.19849474561661
11.7056428214107	0.996095565915452
11.7124762381191	0.754709979603508
11.7193096548274	0.486704408095055
11.7261430715358	0.204062471880416
11.7329764882441	-0.0821214269937348
11.7398099049525	-0.361840124290661
11.7466433216608	-0.626156292375973
11.7534767383692	-0.867069803443238
11.7603101550775	-1.07735635054681
11.7671435717859	-1.25044257589018
11.7739769884942	-1.3803626489889
11.7808104052026	-1.46182536145501
11.787643821911	-1.49040894121468
11.7944772386193	-1.46288983989974
11.8013106553277	-1.3776971607617
11.808144072036	-1.2354616805311
11.8149774887444	-1.03959519965223
11.8218109054527	-0.796794549301055
11.8286443221611	-0.517324576512211
11.8354777388694	-0.214913926376764
11.8423111555778	0.0938795966394435
11.8491445722861	0.390890917629187
11.8559779889945	0.658065017167543
11.8628114057029	0.879404795894581
11.8696448224112	1.04275839277207
11.8764782391196	1.14104800951803
11.8833116558279	1.17268024446564
11.8901450725363	1.14111197915644
11.8969784892446	1.05377500173778
11.903811905953	0.920693499799432
11.9106453226613	0.753127812822826
11.9174787393697	0.562478296284514
11.924312156078	0.359549494579845
11.9311455727864	0.154162114544611
11.9379789894947	-0.0449663894992078
11.9448124062031	-0.230174176399355
11.9516458229115	-0.394734754511051
11.9584792396198	-0.532737865365298
11.9653126563282	-0.639022341308257
11.9721460730365	-0.709192068174787
11.9789794897449	-0.739730820857383
11.9858129064532	-0.72821903808308
11.9926463231616	-0.673642599646937
11.9994797398699	-0.57676738815124
12.0063131565783	-0.440532122274502
12.0131465732866	-0.270386602114747
12.019979989995	-0.0744781751733192
12.0268134067034	0.136424119400736
12.0336468234117	0.34936695485678
12.0404802401201	0.550062278705843
12.0473136568284	0.724110926683942
12.0541470735368	0.858449839832242
12.0609804902451	0.942774410846242
12.0678139069535	0.970650701775763
12.0746473236618	0.940086973022707
12.0814807403702	0.853470293245348
12.0883141570785	0.716940541296014
12.0951475737869	0.539404230576074
12.1019809904952	0.331439397509899
12.1088144072036	0.104307955169042
12.115647823912	-0.130793974972807
12.1224812406203	-0.363211556237791
12.1293146573287	-0.583068471657735
12.136148074037	-0.781340804607372
12.1429814907454	-0.949852600163559
12.1498149074537	-1.08127012729398
12.1566483241621	-1.16915586121001
12.1634817408704	-1.20812540121053
12.1703151575788	-1.19413248594251
12.1771485742871	-1.12488682221045
12.1839819909955	-1.00038257419533
12.1908154077039	-0.823478757567613
12.1976488244122	-0.600427145510219
12.2044822411206	-0.341196914861853
12.2113156578289	-0.0594164265383363
12.2181490745373	0.22823224964675
12.2249824912456	0.503246427993194
12.231815907954	0.747087172348834
12.2386493246623	0.94324585660165
12.2454827413707	1.07917305707661
12.252316158079	1.14762693851691
12.2591495747874	1.14714058284988
12.2659829914957	1.08156675078853
12.2728164082041	0.958919732355597
12.2796498249125	0.789886187370109
12.2864832416208	0.586377705468752
12.2933166583292	0.360384170762965
12.3001500750375	0.12323454242652
12.3069834917459	-0.114755391031096
12.3138169084542	-0.344341956911916
12.3206503251626	-0.557235447457988
12.3274837418709	-0.745910921400088
12.3343171585793	-0.903429991318792
12.3411505752876	-1.02333081320708
12.347983991996	-1.09962422650533
12.3548174087044	-1.12692137538631
12.3616508254127	-1.10070970748269
12.3684842421211	-1.01778532649111
12.3753176588294	-0.876834464392892
12.3821510755378	-0.679129803635499
12.3889844922461	-0.429265256805224
12.3958179089545	-0.135797593925124
12.4026513256628	0.188393801192677
12.4094847423712	0.526252700487645
12.4163181590795	0.857397958342362
12.4231515757879	1.15976696095947
12.4299849924962	1.41192364555117
12.4368184092046	1.59564836877655
12.443651825913	1.6982393286498
12.4504852426213	1.71395398663762
12.4573186593297	1.64424585735275
12.464152076038	1.49682284602031
12.4709854927464	1.28389615996196
12.4778189094547	1.0201535055159
12.4846523261631	0.720939213158265
12.4914857428714	0.400932772857597
12.4983191595798	0.0734019072100234
12.5051525762881	-0.250050402545585
12.5119859929965	-0.559398906433865
12.5188194097049	-0.845929882259915
12.5256528264132	-1.10192721729442
12.5324862431216	-1.32040253718231
12.5393196598299	-1.49492615867728
12.5461530765383	-1.61959116461993
12.5529864932466	-1.68912845503751
12.559819909955	-1.6991820306412
12.5666533266633	-1.64674477702457
12.5734867433717	-1.53073876663728
12.58032016008	-1.35269494034077
12.5871535767884	-1.11744318772102
12.5939869934967	-0.833670575168251
12.6008204102051	-0.514158119257853
12.6076538269135	-0.175491533366252
12.6144872436218	0.162908846271694
12.6213206603302	0.480457482567497
12.6281540770385	0.757582819846891
12.6349874937469	0.978014678857182
12.6418209104552	1.13066603094035
12.6486543271636	1.21066339402215
12.6554877438719	1.21932328109821
12.6623211605803	1.16318695168275
12.6691545772886	1.05247006357608
12.675987993997	0.899365192849919
12.6828214107054	0.716556997524385
12.6896548274137	0.516147045083001
12.6964882441221	0.309023850770195
12.7033216608304	0.104605180052021
12.7101550775388	-0.0891662195377473
12.7169884942471	-0.265691692613366
12.7238219109555	-0.419544186321444
12.7306553276638	-0.546316760088104
12.7374887443722	-0.642526805282544
12.7443221610805	-0.705589372766893
12.7511555777889	-0.733857844150592
12.7579889944972	-0.72671926867021
12.7648224112056	-0.68472306555059
12.771655827914	-0.609714305819263
12.7784892446223	-0.504936526673738
12.7853226613307	-0.375065382207967
12.792156078039	-0.226135741673665
12.7989894947474	-0.0653335962201071
12.8058229114557	0.099358269302744
12.8126563281641	0.259646476234617
12.8194897448724	0.407501903690563
12.8263231615808	0.535755003308073
12.8331565782891	0.638630545893743
12.8399899949975	0.712145858205139
12.8468234117059	0.754319912696762
12.8536568284142	0.765176030885696
12.8604902451226	0.746558040270475
12.8673236618309	0.701808055450938
12.8741570785393	0.635367239858626
12.8809904952476	0.55235840270756
12.887823911956	0.458195435348415
12.8946573286643	0.358245911451119
12.9014907453727	0.257555632308788
12.908324162081	0.16063128627993
12.9151575787894	0.0712710642591568
12.9219909954977	-0.00756745536462748
12.9288244122061	-0.0738690541469303
12.9356578289145	-0.126632896647247
12.9424912456228	-0.165908616078154
12.9493246623312	-0.192784634024682
12.9561580790395	-0.209314285016252
12.9629914957479	-0.218367261988412
12.9698249124562	-0.223401249513577
12.9766583291646	-0.228160946913307
12.9834917458729	-0.236326811661456
12.9903251625813	-0.251149879134329
12.9971585792896	-0.275117292987891
13.003991995998	-0.309692043295009
13.0108254127064	-0.355158960366703
13.0176588294147	-0.41058995772163
13.0244922461231	-0.473920367434487
13.0313256628314	-0.542111096736809
13.0381590795398	-0.611362577581374
13.0449924962481	-0.677347175241214
13.0518259129565	-0.73543489785563
13.0586593296648	-0.78089924048313
13.0654927463732	-0.809102074060373
13.0723261630815	-0.815665973090106
13.0791595797899	-0.796647932370221
13.0859929964983	-0.74872975485094
13.0928264132066	-0.669437646583882
13.099659829915	-0.557396899658608
13.1064932466233	-0.412616991296436
13.1133266633317	-0.236788101334351
13.12016008004	-0.0335527536864715
13.1269934967484	0.191301666793845
13.1338269134567	0.429797829505757
13.1406603301651	0.671942367347818
13.1474937468734	0.906174850687311
13.1543271635818	1.1201080586874
13.1611605802901	1.30151326847684
13.1679939969985	1.43943217265529
13.1748274137069	1.52523919978923
13.1816608304152	1.55346104363159
13.1884942471236	1.52219973107452
13.1953276638319	1.43309465388854
13.2021610805403	1.29086785003575
13.2089944972486	1.10258635682909
13.215827913957	0.876816936926986
13.2226613306653	0.622836199192974
13.2294947473737	0.350008841161521
13.236328164082	0.067383445244012
13.2431615807904	-0.216499740864058
13.2499949974987	-0.493630427563089
13.2568284142071	-0.756436461732977
13.2636618309155	-0.997636511066928
13.2704952476238	-1.21008792319962
13.2773286643322	-1.38667112304851
13.2841620810405	-1.52024476324382
13.2909954977489	-1.60370293901183
13.2978289144572	-1.63016708466872
13.3046623311656	-1.59334834315312
13.3114957478739	-1.48811631655327
13.3183291645823	-1.31129960173157
13.3251625812906	-1.06271282780567
13.331995997999	-0.746344342215203
13.3388294147074	-0.371542632012419
13.3456628314157	0.0460846101846436
13.3524962481241	0.484462117660538
13.3593296648324	0.915968119135537
13.3661630815408	1.30977695740015
13.3729964982491	1.63552690071577
13.3798299149575	1.8676632863341
13.3866633316658	1.98934160628152
13.3934967483742	1.99471652794958
13.4003301650825	1.88893657755103
13.4071635817909	1.68600356719873
13.4139969984993	1.40538102708922
13.4208304152076	1.06847716136072
13.427663831916	0.695866954737584
13.4344972486243	0.305624731778629
13.4413306653327	-0.0872924706693378
13.448164082041	-0.470900013232997
13.4549974987494	-0.835612780487331
13.4618309154577	-1.17351726304095
13.4686643321661	-1.47766925144225
13.4754977488744	-1.74151546366375
13.4823311655828	-1.9584803976693
13.4891645822911	-2.12172911685985
13.4959979989995	-2.22410808302944
13.5028314157079	-2.25827327031081
13.5096648324162	-2.21703014934999
13.5164982491246	-2.09392435918851
13.5233316658329	-1.88412347911795
13.5301650825413	-1.58560674294343
13.5369984992496	-1.20061961025913
13.543831915958	-0.737246459021873
13.5506653326663	-0.210808405469229
13.5574987493747	0.355371627109718
13.564332166083	0.93040534967457
13.5711655827914	1.47797295536066
13.5779989994997	1.96026927756387
13.5848324162081	2.34320707531804
13.5916658329165	2.6016278239791
13.5984992496248	2.72297643599064
13.6053326663332	2.708299900352
13.6121660830415	2.57041210707295
13.6189994997499	2.33009796919956
13.6258329164582	2.01174622292857
13.6326663331666	1.63963033743291
13.6394997498749	1.23547325240994
13.6463331665833	0.817341518773283
13.6531665832916	0.399559935430262
13.66	-0.00676244387019421
13.67	0
14.0369696969697	0
14.4039393939394	0
14.7709090909091	0
15.1378787878788	0
15.5048484848485	0
15.8718181818182	0
16.2387878787879	0
16.6057575757576	0
16.9727272727273	0
17.339696969697	0
17.7066666666667	0
18.0736363636364	0
18.4406060606061	0
18.8075757575758	0
19.1745454545455	0
19.5415151515151	0
19.9084848484849	0
20.2754545454545	0
20.6424242424242	0
21.0093939393939	0
21.3763636363636	0
21.7433333333333	0
22.110303030303	0
22.4772727272727	0
22.8442424242424	0
23.2112121212121	0
23.5781818181818	0
23.9451515151515	0
24.3121212121212	0
24.6790909090909	0
25.0460606060606	0
25.4130303030303	0
25.78	0
26.1469696969697	0
26.5139393939394	0
26.8809090909091	0
27.2478787878788	0
27.6148484848485	0
27.9818181818182	0
28.3487878787879	0
28.7157575757576	0
29.0827272727273	0
29.449696969697	0
29.8166666666667	0
30.1836363636364	0
30.5506060606061	0
30.9175757575758	0
31.2845454545455	0
31.6515151515151	0
32.0184848484849	0
32.3854545454545	0
32.7524242424242	0
33.1193939393939	0
33.4863636363636	0
33.8533333333333	0
34.220303030303	0
34.5872727272727	0
34.9542424242424	0
35.3212121212121	0
35.6881818181818	0
36.0551515151515	0
36.4221212121212	0
36.7890909090909	0
37.1560606060606	0
37.5230303030303	0
37.89	0
38.2569696969697	0
38.6239393939394	0
38.9909090909091	0
39.3578787878788	0
39.7248484848485	0
40.0918181818182	0
40.4587878787879	0
40.8257575757576	0
41.1927272727273	0
41.559696969697	0
41.9266666666667	0
42.2936363636364	0
42.6606060606061	0
43.0275757575758	0
43.3945454545455	0
43.7615151515151	0
44.1284848484848	0
44.4954545454545	0
44.8624242424242	0
45.2293939393939	0
45.5963636363636	0
45.9633333333333	0
46.330303030303	0
46.6972727272727	0
47.0642424242424	0
47.4312121212121	0
47.7981818181818	0
48.1651515151515	0
48.5321212121212	0
48.8990909090909	0
49.2660606060606	0
49.6330303030303	0
50	0
