time	Isotopeabschange
0	1.22786422013374
0.00683341670835418	1.34852521692027
0.0136668334167084	1.68446966060241
0.0205002501250625	1.71256443004015
0.0273336668334167	1.58034540180114
0.0341670835417709	1.30218209736768
0.0410005002501251	1.14619179681667
0.0478339169584792	1.23293970188675
0.0546673336668334	1.15891574005219
0.0615007503751876	0.650219062439616
0.0683341670835418	-0.298640419751293
0.075167583791896	-0.638032770157345
0.0820010005002501	0.805361886449324
0.0888344172086043	2.14334907750775
0.0956678339169585	2.21066475637433
0.102501250625313	0.644553376805583
0.109334667333667	-1.01879516323428
0.116168084042021	0.540153720872782
0.123001500750375	1.83365104702352
0.129834917458729	2.86175290425032
0.136668334167084	3.62447783150546
0.143501750875438	4.12195819731082
0.150335167583792	4.35399601374277
0.157168584292146	4.32074315608474
0.1640020010005	4.0219205183528
0.170835417708854	3.47839563686426
0.177668834417209	2.91015029977033
0.184502251125563	2.376856956347
0.191335667833917	1.87820027163901
0.198169084542271	1.4141234955841
0.205002501250625	0.984827501385264
0.211835917958979	0.590217174995703
0.218669334667334	0.230381377425339
0.225502751375688	-0.0947458429464095
0.232336168084042	-0.385068587491031
0.239169584792396	-0.640758389067534
0.24600300150075	-0.861656247598163
0.252836418209105	-1.04793913539136
0.259669834917459	-0.999013114796332
0.266503251625813	-0.882100955402988
0.273336668334167	-0.800193900472191
0.280170085042521	-0.752930586651955
0.287003501750875	-0.740201632871661
0.29383691845923	-0.762210188889253
0.300670335167584	-0.818923006113612
0.307503751875938	-0.910504998307983
0.314337168584292	-1.03679001642883
0.321170585292646	-1.00061165760806
0.328004002001	-0.804953069395849
0.334837418709355	-0.575778769240171
0.341670835417709	-0.393558711685202
0.348504252126063	-0.306590914121482
0.355337668834417	-0.314658896431006
0.362171085542771	-0.417835603393307
0.369004502251126	-0.603440319212937
0.37583791895948	-0.826741936118536
0.382671335667834	-1.08413536500195
0.389504752376188	-0.823192032822802
0.396338169084542	-0.501391803406115
0.403171585792896	-0.191401746779387
0.410005002501251	0.0612224693458723
0.416838419209605	0.16304487385846
0.423671835917959	0.211889780672713
0.430505252626313	0.257091269423074
0.437338669334667	0.298221240476031
0.444172086043022	0.335586486277155
0.451005502751376	0.369005304679117
0.45783891945973	0.398618508442641
0.464672336168084	0.42044064063684
0.471505752876438	0.403597113930796
0.478339169584792	0.333430611497057
0.485172586293147	0.239447278628107
0.492006003001501	0.132888761115708
0.498839419709855	0.0137301316105344
0.505672836418209	-0.117798019186434
0.512506253126563	-0.261827436807509
0.519339669834918	-0.418453854564289
0.526173086543272	-0.587742147060659
0.533006503251626	-0.769461193487864
0.53983991995998	-0.963690003838221
0.546673336668334	-1.02803636305046
0.553506753376688	-0.80873440765002
0.560340170085043	-0.576891077609047
0.567173586793397	-0.35662614382918
0.574007003501751	-0.195384312566341
0.580840420210105	-0.0941461373847654
0.587673836918459	-0.0531580981120882
0.594507253626813	-0.0722816947600795
0.601340670335168	-0.151700104885917
0.608174087043522	-0.29128285302863
0.615007503751876	-0.490980777695241
0.62184092046023	-0.74873127898201
0.628674337168584	-1.00667679573728
0.635507753876939	-0.95979170989226
0.642341170585293	-0.754045551028007
0.649174587293647	-0.574273792868039
0.656008004002001	-0.42095649955603
0.662841420710355	-0.324661770458426
0.669674837418709	-0.310784838451466
0.676508254127064	-0.378869660271558
0.683341670835418	-0.529451274671738
0.690175087543772	-0.762205835411834
0.697008504252126	-1.04972236041362
0.70384192096048	-0.839525367051693
0.710675337668834	-0.574390296989474
0.717508754377189	-0.451117437872482
0.724342171085543	-0.459203506216669
0.731175587793897	-0.585492581021147
0.738009004502251	-0.829963222758868
0.744842421210605	-1.00601365555654
0.75167583791896	-0.524449030212509
0.758509254627314	0.100870297097641
0.765342671335668	0.868820081109619
0.772176088044022	1.69729001188978
0.779009504752376	2.5733934664367
0.78584292146073	3.49733109993476
0.792676338169085	4.46599968817113
0.799509754877439	5.10343577101952
0.806343171585793	4.93204283851298
0.813176588294147	4.08489151155348
0.820010005002501	3.03946197208153
0.826843421710855	2.22343888811235
0.83367683841921	1.8155780842036
0.840510255127564	1.70982899006911
0.847343671835918	1.6115049636286
0.854177088544272	1.26058459891484
0.861010505252626	0.571627533823247
0.867843921960981	-0.376955799860471
0.874677338669335	-0.769087709775148
0.881510755377689	0.169102770298596
0.888344172086043	0.753655711779743
0.895177588794397	0.928255316230088
0.902011005502751	0.707882643453621
0.908844422211106	0.2639447653871
0.91567783891946	-0.181825362883489
0.922511255627814	-0.51596887955749
0.929344672336168	-0.731059177258789
0.936178089044522	-0.81663768129705
0.943011505752877	-0.739165683639222
0.949844922461231	-0.546888697547827
0.956678339169585	-0.394362757666956
0.963511755877939	-0.378460135966387
0.970345172586293	-0.412152419447628
0.977178589294647	-0.377019194695721
0.984012006003002	-0.270094974064285
0.990845422711356	-0.154651840479386
0.99767883941971	-0.103632064558366
1.00451225612806	-0.202250938623969
1.01134567283642	-0.501462244854902
1.01817908954477	-0.929221156053108
1.02501250625313	-0.853410659410657
1.03184592296148	-0.501218379705214
1.03867933966984	-0.114296605694569
1.04551275637819	0.407406581182375
1.05234617308654	1.02111016293291
1.0591795897949	1.54616966189063
1.06601300650325	1.78858267943872
1.07284642321161	1.63164620002708
1.07967983991996	1.08039869970153
1.08651325662831	0.287926317521541
1.09334667333667	-0.508978703953651
1.10018009004502	-1.06473808731659
1.10701350675338	-0.637921613990445
1.11384692346173	-0.380135151639274
1.12068034017009	-0.279152472198935
1.12751375687844	-0.301535213654358
1.13434717358679	-0.395397454223576
1.14118059029515	-0.55513519204607
1.1480140070035	-0.812731485622751
1.15484742371186	-1.05379632073575
1.16168084042021	-0.762420668621529
1.16851425712856	-0.631846757588509
1.17534767383692	-0.690961424435292
1.18218109054527	-0.874079415178727
1.18901450725363	-1.09213618224416
1.19584792396198	-0.891792233522077
1.20268134067034	-0.665975396959503
1.20951475737869	-0.425446492050773
1.21634817408704	-0.219533245141337
1.2231815907954	-0.121670240690044
1.23001500750375	-0.198383968389068
1.23684842421211	-0.503459749798251
1.24368184092046	-1.04633745266783
1.25051525762881	-0.449524870997648
1.25734867433717	0.276902477037975
1.26418209104552	0.912041473595762
1.27101550775388	1.352989308273
1.27784892446223	1.47545225555053
1.28468234117059	1.15520937428536
1.29151575787894	0.366367375374601
1.29834917458729	-0.869231844938694
1.30518259129565	0.242796649617619
1.312016008004	1.96433421902276
1.31884942471236	3.57442321945978
1.32568284142071	4.85010045327392
1.33251625812906	5.7747173292637
1.33934967483742	6.348647000191
1.34618309154577	6.57138733531413
1.35301650825413	6.44342583700752
1.35984992496248	5.96394843812061
1.36668334167084	5.13226196662688
1.37351675837919	4.08932972625266
1.38035017508754	3.03321458834347
1.3871835917959	1.96502378724363
1.39401700850425	0.925671716474049
1.40085042521261	0.0299715595826272
1.40768384192096	-0.661386846223168
1.41451725862931	-1.05674607680582
1.42135067533767	-1.01404135110161
1.42818409204602	-0.947148507364965
1.43501750875438	-0.900775731218554
1.44185092546273	-0.875074488933056
1.44868434217109	-0.856280086717524
1.45551775887944	-0.822478525151917
1.46235117558779	-0.779305010020414
1.46918459229615	-0.726910594776924
1.4760180090045	-0.66498387105984
1.48285142571286	-0.593901053797947
1.48968484242121	-0.513397271657211
1.49651825912956	-0.423646658186842
1.50335167583792	-0.324511346571893
1.51018509254627	-0.216079706230339
1.51701850925463	-0.125135450214183
1.52385192596298	-0.15416090381651
1.53068534267134	-0.313323960469138
1.53751875937969	-0.602456267167209
1.54435217608804	-1.02174788189277
1.5511855927964	-0.642840473225626
1.55801900950475	-0.154533587493645
1.56485242621311	0.16633029054257
1.57168584292146	0.249011236136788
1.57851925962982	0.159395473636495
1.58535267633817	0.0335036429278437
1.59218609304652	0.0128810792091511
1.59901950975488	0.124250257464708
1.60585292646323	0.334907056317968
1.61268634317159	0.638697234083097
1.61951975987994	0.847294919864262
1.62635317658829	0.845445268628753
1.63318659329665	0.593945735112642
1.640020010005	0.166827294003243
1.64685342671336	-0.309496129250771
1.65368684342171	-0.69187191097056
1.66052026013007	-0.951880396699966
1.66735367683842	-1.08949453259588
1.67418709354677	-1.09376201110348
1.68102051025513	-1.00807196502678
1.68785392696348	-0.888195235511759
1.69468734367184	-0.775013246688355
1.70152076038019	-0.674836232479595
1.70835417708854	-0.587257797595148
1.7151875937969	-0.542268607538593
1.72202101050525	-0.687681694977863
1.72885442721361	-1.01577975939072
1.73568784392196	-0.811837640104934
1.74252126063032	-0.443790893153552
1.74935467733867	-0.0715419516678283
1.75618809404702	0.310495034875533
1.76302151075538	0.650851222342097
1.76985492746373	0.888474852089151
1.77668834417209	0.965056553629216
1.78352176088044	0.882379692614872
1.79035517758879	0.741751402817071
1.79718859429715	0.663699608516702
1.8040220110055	0.64377898448538
1.81085542771386	0.616642017169126
1.81768884442221	0.577677629658909
1.82452226113057	0.527179808243837
1.83135567783892	0.46499072849032
1.83818909454727	0.391072785476794
1.84502251125563	0.305506839144123
1.85185592796398	0.227400282705458
1.85868934467234	0.199010690685841
1.86552276138069	0.221962633324969
1.87235617808904	0.295796657083762
1.8791895947974	0.411668307200358
1.88602301150575	0.566538510863749
1.89285642821411	0.760234007946429
1.89968984492246	0.993006273208431
1.90652326163082	1.26455777932154
1.91335667833917	1.57515932247962
1.92019009504752	1.92449661506473
1.92702351175588	2.19639519337418
1.93385692846423	2.28900109099642
1.94069034517259	2.20259785227027
1.94752376188094	1.93691037511448
1.95435717858929	1.49209083010049
1.96119059529765	0.868107666186689
1.968024012006	0.0648517147338854
1.97485742871436	-0.853059110145463
1.98169084542271	-0.592151925864182
1.98852426213107	-0.130710633477528
1.99535767883942	0.0644470158042867
2.00219109554777	0.0243048417481565
2.00902451225613	-0.268832426383702
2.01585792896448	-0.803748965602246
2.02269134567284	-0.757654847079073
2.02952476238119	-0.244058359874961
2.03635817908954	-0.0138907183847448
2.0431915957979	-0.0993361149678155
2.05002501250625	-0.428200255967007
2.05685842921461	-0.836617338444133
2.06369184592296	-1.06131063321105
2.07052526263132	-0.94369569902633
2.07735867933967	-0.986697320708247
2.08419209604802	-1.09310443812428
2.09102551275638	-0.98721248878063
2.09785892946473	-0.950667553656874
2.10469234617309	-1.0151928372406
2.11152576288144	-1.01061896781098
2.11835917958979	-0.765342884368215
2.12519259629815	-0.506084809268388
2.1320260130065	-0.261739461265394
2.13885942971486	-0.0192339658253767
2.14569284642321	0.231595164621366
2.15252626313157	0.463345286752803
2.15935967983992	0.608904756056347
2.16619309654827	0.600778099161124
2.17302651325663	0.41979859658997
2.17985992996498	0.11555076078909
2.18669334667334	-0.219937341409165
2.19352676338169	-0.530633204086397
2.20036018009005	-0.815604937397852
2.2071935967984	-1.07489054235997
2.21402701350675	-0.890025922654733
2.22086043021511	-0.682053534103333
2.22769384692346	-0.499898537827217
2.23452726363182	-0.34342877452629
2.24136068034017	-0.212726582483537
2.24819409704852	-0.107604731856559
2.25502751375688	-0.0282733415096766
2.26186093046523	0.0255329207734545
2.26869434717359	0.0534021267768886
2.27552776388194	0.0557270915138873
2.2823611805903	0.0322789915339348
2.28919459729865	-0.0168498991037792
2.296028014007	-0.091678136271556
2.30286143071536	-0.192238259108457
2.30969484742371	-0.31843275770084
2.31652826413207	-0.470414140069533
2.32336168084042	-0.648026240774982
2.33019509754877	-0.851391023913988
2.33702851425713	-1.08040807578849
2.34386193096548	-0.863275583013665
2.35069534767384	-0.582867108377608
2.35752876438219	-0.276755124173445
2.36436218109055	0.0545443686018289
2.3711955977989	0.405697171864968
2.37802901450725	0.762225985630588
2.38486243121561	1.11119855915232
2.39169584792396	1.4578507566701
2.39852926463232	1.80875568604658
2.40536268134067	2.12994108126445
2.41219609804902	2.33605690490982
2.41902951475738	2.33135142483254
2.42586293146573	2.09291287488064
2.43269634817409	1.68078180133472
2.43952976488244	1.27708466349098
2.4463631815908	0.895074802235213
2.45319659829915	0.534638188127594
2.4600300150075	0.195842577881369
2.46686343171586	-0.121411611297803
2.47369684842421	-0.416936353851102
2.48053026513257	-0.690998010946034
2.48736368184092	-0.943344969450884
2.49419709854927	-1.02431864026542
2.50103051525763	-0.815159106812331
2.50786393196598	-0.627606214365005
2.51469734867434	-0.461668290624165
2.52153076538269	-0.317351399772337
2.52836418209105	-0.194574108371135
2.5351975987994	-0.0934963425424708
2.54203101550775	-0.0140239353643699
2.54886443221611	0.0438968103308719
2.55569784892446	0.0801906045380707
2.56253126563282	0.0948576506540887
2.56936468234117	0.087873726343621
2.57619809904952	0.0593627272405844
2.58303151575788	0.00924204117165575
2.58986493246623	-0.0624944867480893
2.59669834917459	-0.155892645221709
2.60353176588294	-0.268559711095073
2.6103651825913	-0.380071835341444
2.61719859929965	-0.485661339218385
2.624032016008	-0.585326582752018
2.63086543271636	-0.679036994082453
2.63769884942471	-0.766783652040274
2.64453226613307	-0.848621063853974
2.65136568284142	-0.92452852441253
2.65819909954977	-0.994436237209159
2.66503251625813	-1.05841703773671
2.67186593296648	-1.08193615757652
2.67869934967484	-1.02981474542049
2.68553276638319	-0.98363639060025
2.69236618309155	-0.943355343641831
2.6991995997999	-0.90909675911577
2.70603301650825	-0.880755788892025
2.71286643321661	-0.858359119130185
2.71969984992496	-0.841817477707441
2.72653326663332	-0.831326167455243
2.73336668334167	-0.826714224257063
2.74020010005003	-0.831240517207231
2.74703351675838	-0.854654901690703
2.75386693346673	-0.897557295225059
2.76070035017509	-0.959965132681778
2.76753376688344	-1.04184481894616
2.7743671835918	-1.05517703929837
2.78120060030015	-0.934269125814854
2.7880340170085	-0.796505879493491
2.79486743371686	-0.679375714366992
2.80170085042521	-0.594529299668011
2.80853426713357	-0.541876819178221
2.81536768384192	-0.521491634852718
2.82220110055028	-0.533441566290154
2.82903451725863	-0.577619902494081
2.83586793396698	-0.65398375818923
2.84270135067534	-0.762687790437027
2.84953476738369	-0.903648902129257
2.85636818409205	-1.07681856601611
2.8632016008004	-0.916148077211005
2.87003501750875	-0.678284456760967
2.87686843421711	-0.456514220769812
2.88370185092546	-0.319449692080685
2.89053526763382	-0.269621194103014
2.89736868434217	-0.298656780459102
2.90420210105053	-0.409914608938356
2.91103551775888	-0.559215238067288
2.91786893446723	-0.701268149994925
2.92470235117559	-0.859228280400128
2.93153576788394	-1.03049704401642
2.9383691845923	-1.00226988497611
2.94520260130065	-0.842220400550126
2.952036018009	-0.687805426602504
2.95886943471736	-0.538956013340697
2.96570285142571	-0.395788927958761
2.97253626813407	-0.268550088279791
2.97936968484242	-0.171909996343686
2.98620310155078	-0.105860947677043
2.99303651825913	-0.0705516164303304
2.99986993496748	-0.0658783521889815
3.00670335167584	-0.091898994830944
3.01353676838419	-0.148555694770062
3.02037018509255	-0.235875320482108
3.0272036018009	-0.353860848424367
3.03403701850925	-0.502517391295743
3.04087043521761	-0.681838951365401
3.04770385192596	-0.891831566504643
3.05453726863432	-1.06601827445427
3.06137068534267	-0.794686825478089
3.06820410205103	-0.492669579578082
3.07503751875938	-0.160212341286876
3.08187093546773	0.175138001599972
3.08870435217609	0.435931618393641
3.09553776888444	0.52819619836966
3.1023711855928	0.370554099582486
3.10920460230115	-0.0504056119545129
3.1160380190095	-0.689807926319748
3.12287143571786	-0.770365891038582
3.12970485242621	-0.0491143527444224
3.13653826913457	0.601809357585639
3.14337168584292	1.18577404665443
3.15020510255128	1.69873073799486
3.15703851925963	2.05240116328036
3.16387193596798	2.14930530979303
3.17070535267634	2.01690217450527
3.17753876938469	1.71991454933898
3.18437218609305	1.2295132131337
3.1912056028014	0.52778921119565
3.19803901950976	-0.309108205747772
3.20487243621811	-1.04520348358327
3.21170585292646	-0.705162870290125
3.21853926963482	-0.636275055769396
3.22537268634317	-0.815931386745374
3.23220610305153	-1.03176369925957
3.23903951975988	-1.04536668295625
3.24587293646823	-1.07997762423265
3.25270635317659	-0.89438460716015
3.25953976988494	-0.497214451145495
3.2663731865933	0.00253225921675051
3.27320660330165	0.474526938633225
3.28004002001001	0.761155874720359
3.28687343671836	0.789726026092549
3.29370685342671	0.677197485765758
3.30054027013507	0.638121842708292
3.30737368684342	0.775779086930509
3.31420710355178	0.987673479526426
3.32104052026013	1.07614087757188
3.32787393696848	0.939845060871084
3.33470735367684	0.641241035773974
3.34154077038519	0.256475839774306
3.34837418709355	-0.12441769225026
3.3552076038019	-0.45106137031704
3.36204102051026	-0.717866675056953
3.36887443721861	-0.92356942491784
3.37570785392696	-1.06818495625289
3.38254127063532	-1.04668657068076
3.38937468734367	-1.02423684243242
3.39620810405203	-1.05743092465826
3.40304152076038	-1.09763958575255
3.40987493746873	-1.06524768783081
3.41670835417709	-1.03432588873206
3.42354177088544	-1.00799167557191
3.4303751875938	-0.98626766930686
3.43720860430215	-0.969140266399773
3.44404202101051	-0.956671924903275
3.45087543771886	-0.948807482165962
3.45770885442721	-0.945556414547866
3.46454227113557	-0.946949616459131
3.47137568784392	-0.952907183405053
3.47820910455228	-0.963532627151139
3.48504252126063	-0.97871382611856
3.49187593796898	-0.998534542685334
3.49870935467734	-1.02298046229706
3.50554277138569	-1.05204405845754
3.51237618809405	-1.08573658498079
3.5192096048024	-1.07440305048626
3.52604302151076	-1.03148176154989
3.53287643821911	-0.98399011115567
3.53970985492746	-0.931829308401833
3.54654327163582	-0.875069484510392
3.55337668834417	-0.813701095005358
3.56021010505253	-0.747693297762222
3.56704352176088	-0.677082447859938
3.57387693846923	-0.601858821854675
3.58071035517759	-0.522017051721665
3.58754377188594	-0.440158268298749
3.5943771885943	-0.361820632519245
3.60121060530265	-0.287139599065071
3.60804402201101	-0.216116099131678
3.61487743871936	-0.148734485287158
3.62171085542771	-0.0850357291406938
3.62854427213607	-0.0249778450706955
3.63537768884442	0.0314398067729865
3.64221110555278	0.0841369048785864
3.64904452226113	0.133175306974856
3.65587793896948	0.178617821996793
3.66271135567784	0.220379934843452
3.66954477238619	0.243450591152505
3.67637818909455	0.233906265898815
3.6832116058029	0.19179715723365
3.69004502251126	0.117071691966878
3.69687843921961	0.00973727890744066
3.70371185592796	-0.130134585332553
3.71054527263632	-0.302690903308676
3.71737868934467	-0.507777414807266
3.72421210605303	-0.74549141778603
3.73104552276138	-1.01578099249163
3.73787893946974	-0.879722918746499
3.74471235617809	-0.544235066564317
3.75154577288644	-0.176132633926879
3.7583791895948	0.196144729387504
3.76521260630315	0.512712794382085
3.77204602301151	0.771711867849243
3.77887943971986	0.97307169487647
3.78571285642821	1.11686435460798
3.79254627313657	1.20304930618182
3.79937968984492	1.23162527560374
3.80621310655328	1.2025914561613
3.81304652326163	1.11597017932809
3.81987993996999	0.972755994139717
3.82671335667834	0.775116345598618
3.83354677338669	0.518807247495083
3.84038019009505	0.202911759336679
3.8472136068034	-0.172556789883606
3.85404702351176	-0.589006141997286
3.86088044022011	-0.994532803385931
3.86771385692846	-0.844887672912979
3.87454727363682	-0.541304949089292
3.88138069034517	-0.327089365950974
3.88821410705353	-0.178536726719891
3.89504752376188	-0.0229756836944032
3.90188094047024	0.171367525304851
3.90871435717859	0.346894848260398
3.91554777388694	0.414164823202334
3.9223811905953	0.348203271443343
3.92921460730365	0.152729322349098
3.93604802401201	-0.171143378178044
3.94288144072036	-0.467244121702354
3.94971485742871	-0.624936722983207
3.95654827413707	-0.644226734957013
3.96338169084542	-0.57769505551447
3.97021510755378	-0.624444371121186
3.97704852426213	-0.822601603275479
3.98388194097049	-1.07411064069123
3.99071535767884	-0.915311478677013
3.99754877438719	-0.827716735390204
4.00438219109555	-0.891467308620758
4.0112156078039	-1.08580677157922
4.01804902451226	-0.70911800333649
4.02488244122061	-0.211956146733551
4.03171585792896	0.319573835037305
4.03854927463732	0.773121656015743
4.04538269134567	1.06189517760428
4.05221610805403	1.18690440287895
4.05904952476238	1.23340385929031
4.06588294147074	1.22646050476828
4.07271635817909	1.16607360245989
4.07954977488744	1.05226646321859
4.0863831915958	0.895794026059276
4.09321660830415	0.75021970953772
4.10005002501251	0.571958978717358
4.10688344172086	0.250981484474176
4.11371685842921	-0.26804581180621
4.12055027513757	-0.911370048231137
4.12738369184592	-0.679792210056996
4.13421710855428	-0.241532267064778
4.14105052526263	0.0145225399474292
4.14788394197099	0.142434009600155
4.15471735867934	0.165010403313373
4.16155077538769	0.0510636553866984
4.16838419209605	-0.238711888378115
4.1752176088044	-0.672437879416837
4.18205102551276	-1.08054047008666
4.18888444222111	-0.773946018858304
4.19571785892946	-0.678183414882421
4.20255127563782	-0.794885985459782
4.20938469234617	-1.09262244280012
4.21621810905453	-0.69798023824195
4.22305152576288	-0.277309852142894
4.22988494247124	0.067921147349787
4.23671835917959	0.287819582056446
4.24355177588794	0.377653190738471
4.2503851925963	0.358170335022273
4.25721860930465	0.241678000659671
4.26405202601301	0.0660489050749006
4.27088544272136	-0.0967451907057424
4.27771885942972	-0.237050405887583
4.28455227613807	-0.354808696007053
4.29138569284642	-0.45006025385712
4.29821910955478	-0.522773491901222
4.30505252626313	-0.572958336841362
4.31188594297149	-0.602757695867548
4.31871935967984	-0.627361419367128
4.32555277638819	-0.649745624622174
4.33238619309655	-0.669889555385162
4.3392196098049	-0.687864998880431
4.34605302651326	-0.703622356606959
4.35288644322161	-0.717143760845883
4.35971985992996	-0.728433960634561
4.36655327663832	-0.737519037984863
4.37338669334667	-0.744406056767162
4.38022011005503	-0.749056861782822
4.38705352676338	-0.751523224091102
4.39388694347174	-0.751743117040433
4.40072036018009	-0.749776514887987
4.40755377688844	-0.745567076326672
4.4143871935968	-0.739073478012992
4.42122061030515	-0.726833223094218
4.42805402701351	-0.707298597606584
4.43488744372186	-0.680354911892711
4.44172086043022	-0.646070327339606
4.44855427713857	-0.604454072965939
4.45538769384692	-0.555479524209709
4.46222111055528	-0.499147253736306
4.46905452726363	-0.435491450010246
4.47588794397199	-0.364492167478803
4.48272136068034	-0.286113292520021
4.48955477738869	-0.200398405417792
4.49638819409705	-0.108978513567832
4.5032216108054	-0.0388653713477327
4.51005502751376	0.000447966500802665
4.51688844422211	0.00895820727066144
4.52372186093047	-0.0133157382615132
4.53055527763882	-0.0615024563980565
4.53738869434717	-0.119656442818027
4.54422211105553	-0.186593506233018
4.55105552776388	-0.262330876988324
4.55788894447224	-0.346840390859612
4.56472236118059	-0.44015958645544
4.57155577788894	-0.542224635280855
4.5783891945973	-0.653099478188457
4.58522261130565	-0.772740870421906
4.59205602801401	-0.901177929729867
4.59888944472236	-1.03840174195661
4.60572286143072	-1.01403083893523
4.61255627813907	-0.859245100207107
4.61938969484742	-0.695691245922013
4.62622311155578	-0.523323692715394
4.63305652826413	-0.342208408632532
4.63988994497249	-0.152265860369078
4.64672336168084	0.0464382475183733
4.65355677838919	0.253933770106968
4.66039019509755	0.470206015391142
4.6672236118059	0.695254677601975
4.67405702851426	0.929087051476965
4.68089044522261	1.17171570638146
4.68772386193097	1.42313513707804
4.69455727863932	1.68331711564466
4.70139069534767	1.95230555878432
4.70822411205603	2.21890870332986
4.71505752876438	2.35858548650161
4.72189094547274	2.33672920853919
4.72872436218109	2.15333442725902
4.73555777888944	1.80838898750932
4.7423911955978	1.29778639236491
4.74922461230615	0.624577774935435
4.75605802901451	-0.103369301827273
4.76289144572286	-0.775334107515913
4.76972486243122	-0.835507062042793
4.77655827913957	-0.332288406284775
4.78339169584792	0.0865856047668814
4.79022511255628	0.411886260548818
4.79705852926463	0.591235042988144
4.80389194597299	0.630955946035406
4.81072536268134	0.615323557611149
4.8175587793897	0.604770565962954
4.82439219609805	0.538490965497508
4.8312256128064	0.306672488835258
4.83805902951476	-0.114941249114101
4.84489244622311	-0.641602600768245
4.85172586293147	-1.04820439955119
4.85855927963982	-0.649619097182256
4.86539269634817	-0.403353310882765
4.87222611305653	-0.307770354876675
4.87905952976488	-0.31475890614874
4.88589294647324	-0.354455267985693
4.89272636318159	-0.395644960060191
4.89955977988994	-0.461907667887287
4.9063931965983	-0.588679801500568
4.91322661330665	-0.792453330901228
4.92006003001501	-1.04128164180451
4.92689344672336	-0.937131985132738
4.93372686343172	-0.782232259076636
4.94056028014007	-0.650734825148484
4.94739369684843	-0.507061890315631
4.95422711355678	-0.395584464482163
4.96106053026513	-0.403457320877466
4.96789394697349	-0.568572718379302
4.97472736368184	-0.851822671283291
4.9815607803902	-1.02805295583396
4.98839419709855	-0.76809240588676
4.9952276138069	-0.636687205907049
5.00206103051526	-0.630949469916617
5.00889444722361	-0.681960176746832
5.01572786393197	-0.733947060651448
5.02256128064032	-0.792557649537688
5.02939469734867	-0.88235676453112
5.03622811405703	-1.00764159819981
5.04306153076538	-1.01945634665637
5.04989494747374	-0.781281121144546
5.05672836418209	-0.453758425995551
5.06356178089045	-0.0843516445911418
5.0703951975988	0.269776744300906
5.07722861430715	0.53847479567486
5.08406203101551	0.712319465569814
5.09089544772386	0.797473976744624
5.09772886443222	0.808398683329495
5.10456228114057	0.765318249316353
5.11139569784893	0.691643252867829
5.11822911455728	0.590445109778663
5.12506253126563	0.411720653550186
5.13189594797399	0.089908000381365
5.13872936468234	-0.394625173398962
5.1455627813907	-0.998363874599804
5.15239619809905	-0.570393444801921
5.1592296148074	-0.0351345370434713
5.16606303151576	0.310389735472324
5.17289644822411	0.463994818958355
5.17972986493247	0.493529663823401
5.18656328164082	0.49964487316411
5.19339669834917	0.500364750528878
5.20023011505753	0.496368662060283
5.20706353176588	0.491633743437512
5.21389694847424	0.471429620477993
5.22073036518259	0.410809358410357
5.22756378189095	0.280559596206499
5.2343971985993	0.042185106518156
5.24123061530765	-0.33619228337156
5.24806403201601	-0.835645015964143
5.25489744872436	-0.832757836020302
5.26173086543272	-0.374481319766696
5.26856428214107	-0.0174933683948179
5.27539769884943	0.27237339913978
5.28223111555778	0.582981053089689
5.28906453226613	0.909620394712992
5.29589794897449	1.18514131742004
5.30273136568284	1.34115845918459
5.3095647823912	1.35354190910971
5.31639819909955	1.28640426791842
5.3232316158079	1.24525020737411
5.33006503251626	1.25040300170863
5.33689844922461	1.1495489217221
5.34373186593297	0.776447376577505
5.35056528264132	0.121183589147079
5.35739869934967	-0.635282282469035
5.36423211605803	-0.774840793416943
5.37106553276638	0.0454284648483693
5.37789894947474	0.89763681099635
5.38473236618309	1.59419255727828
5.39156578289145	1.83807023657247
5.3983991995998	1.56805809537921
5.40523261630815	0.984681261231106
5.41206603301651	0.383500134953796
5.41889944972486	-0.0400024300595458
5.42573286643322	-0.227969717707224
5.43256628314157	-0.193213488389343
5.43939969984993	0.0391066499744289
5.44623311655828	0.406588863923962
5.45306653326663	0.75713364809079
5.45989994997499	0.909883976123387
5.46673336668334	0.764128880412835
5.4735667833917	0.354617941685139
5.48040020010005	-0.190359473075483
5.4872336168084	-0.734976148964591
5.49406703351676	-0.997156821125736
5.50090045022511	-0.619993812485213
5.50773386693347	-0.335977544950627
5.51456728364182	-0.177869623183101
5.52140070035018	-0.137356874736313
5.52823411705853	-0.103749603663918
5.53506753376688	0.0326858268289765
5.54190095047524	0.238585957241255
5.54873436718359	0.3706126092822
5.55556778389195	0.35648679538436
5.5624012006003	0.251834535349573
5.56923461730865	0.122278167519909
5.57606803401701	-0.0742428064306025
5.58290145072536	-0.447840985564267
5.58973486743372	-1.02957339017935
5.59656828414207	-0.486568447109089
5.60340170085043	0.0490586998990192
5.61023511755878	0.303334893416502
5.61706853426713	0.284702822729512
5.62390195097549	0.133112051947706
5.63073536768384	0.0415001915701082
5.6375687843922	0.0828303089041949
5.64440220110055	0.107813577678789
5.6512356178089	-0.0517903474070251
5.65806903451726	-0.426644699519738
5.66490245122561	-0.983253845384982
5.67173586793397	-0.547883918232911
5.67856928464232	0.066771734458028
5.68540270135068	0.466427918687772
5.69223611805903	0.612999364622192
5.69906953476738	0.545585559504503
5.70590295147574	0.32180729923639
5.71273636818409	0.0382916210475611
5.71956978489245	-0.193272071916015
5.7264032016008	-0.322263757202757
5.73323661830915	-0.371233536242154
5.74007003501751	-0.442735002088214
5.74690345172586	-0.651345419292452
5.75373686843422	-1.03881009831484
5.76057028514257	-0.662157975218448
5.76740370185093	-0.157608139094017
5.77423711855928	0.300380361319266
5.78107053526763	0.687035810092683
5.78790395197599	0.964164359844096
5.79473736868434	1.10402912787944
5.8015707853927	1.12568768325445
5.80840420210105	1.09036841573126
5.8152376188094	1.03327995841795
5.82207103551776	0.870180660663659
5.82890445222611	0.438924014378885
5.83573786893447	-0.299711755584746
5.84257128564282	-0.979196214852987
5.84940470235118	-0.168616554731108
5.85623811905953	0.379166515575005
5.86307153576788	0.692877561694706
5.86990495247624	0.83041025253211
5.87673836918459	0.781106288154782
5.88357178589295	0.509197905065542
5.8904052026013	0.0567159512474281
5.89723861930966	-0.42032431563564
5.90407203601801	-0.794350125793567
5.91090545272636	-0.976166093029461
5.91773886943472	-1.00142456060581
5.92457228614307	-1.02317674465696
5.93140570285143	-1.0489033256028
5.93823911955978	-0.828183681387315
5.94507253626813	-0.586570113152955
5.95190595297649	-0.395498366685767
5.95873936968484	-0.331606495412875
5.9655727863932	-0.475318274286292
5.97240620310155	-0.835993561078891
5.97923961980991	-0.903301312653839
5.98607303651826	-0.532224568153899
5.99290645322661	-0.373279440559398
5.99973986993497	-0.415489882086828
6.00657328664332	-0.569866536836446
6.01340670335168	-0.743805918714763
6.02024012006003	-0.832008699370117
6.02707353676838	-0.765270928924408
6.03390695347674	-0.607053258264059
6.04074037018509	-0.510498985523549
6.04757378689345	-0.54622785678585
6.0544072036018	-0.698131989294987
6.06124062031016	-0.958263109859295
6.06807403701851	-0.886070265102624
6.07490745372686	-0.494921754440899
6.08174087043522	-0.116142897226425
6.08857428714357	0.241260834959681
6.09540770385193	0.561320191277284
6.10224112056028	0.808591296630732
6.10907453726863	0.961629564626083
6.11590795397699	1.01442316588435
6.12274137068534	0.936266514449083
6.1295747873937	0.685006900726413
6.13640820410205	0.264636916303318
6.14324162081041	-0.269002026729819
6.15007503751876	-0.873128154710231
6.15690845422711	-0.646604049114802
6.16374187093547	0.100222349118067
6.17057528764382	0.843226159921997
6.17740870435218	1.46924775988133
6.18424212106053	1.88247711563989
6.19107553776889	2.02488352669161
6.19790895447724	1.83457802561965
6.20474237118559	1.25218952880939
6.21157578789395	0.340292205686521
6.2184092046023	-0.640747154630305
6.22524262131066	-0.844763793366949
6.23207603801901	-0.611923615520485
6.23890945472736	-0.830330929949203
6.24574287143572	-0.965298088847483
6.25257628814407	-0.657417133271324
6.25940970485243	-0.46402406001001
6.26624312156078	-0.331413400500324
6.27307653826913	-0.256146564653598
6.27990995497749	-0.234500925756944
6.28674337168584	-0.226095696210069
6.2935767883942	-0.219500160450524
6.30041020510255	-0.214769225625531
6.30724362181091	-0.21191667929726
6.31407703851926	-0.210887100343177
6.32091045522761	-0.211748371083893
6.32774387193597	-0.214488003168067
6.33457728864432	-0.219067730302475
6.34141070535268	-0.225486893067001
6.34824412206103	-0.233795267830907
6.35507753876939	-0.243966090070543
6.36191095547774	-0.25597000689058
6.36874437218609	-0.269810975643839
6.37557778889445	-0.285525930840688
6.3824112056028	-0.303131892916147
6.38924462231116	-0.322535345408075
6.39607803901951	-0.34389184878608
6.40291145572786	-0.368874236194087
6.40974487243622	-0.398760458479141
6.41657828914457	-0.433467786176918
6.42341170585293	-0.472982845636673
6.43024512256128	-0.517407562064996
6.43707853926963	-0.566697852159091
6.44391195597799	-0.620890707692895
6.45074537268634	-0.679954987841144
6.4575787893947	-0.743825148678459
6.46441220610305	-0.812561244633976
6.47124562281141	-0.88621385548069
6.47807903951976	-0.96466204974821
6.48491245622811	-1.06066775237114
6.49174587293647	-1.00714351858429
6.49857928964482	-0.841837015277686
6.50541270635318	-0.641747167455209
6.51224612306153	-0.406915321646136
6.51907953976989	-0.137354286320057
6.52591295647824	0.166848172247278
6.53274637318659	0.505804480878586
6.53957978989495	0.832988081090422
6.5464132066033	1.10505119732669
6.55324662331166	1.32185824191293
6.56008004002001	1.48345628501088
6.56691345672836	1.589877549698
6.57374687343672	1.64108093192236
6.58058029014507	1.63709579158306
6.58741370685343	1.57788458215144
6.59424712356178	1.46343992253648
6.60108054027013	1.2938614768239
6.60791395697849	1.06893608304722
6.61474737368684	0.788980677996193
6.6215807903952	0.453711796082386
6.62841420710355	0.0633002244010813
6.63524762381191	-0.382424741281467
6.64208104052026	-0.883280001712704
6.64891445722861	-0.75915304760751
6.65574787393697	-0.176878676967464
6.66258129064532	0.255949041011311
6.66941470735368	0.455567463355634
6.67624812406203	0.449433415138458
6.68308154077039	0.26257193309398
6.68991495747874	-0.0766147494282685
6.69674837418709	-0.518577162491518
6.70358179089545	-0.962084193338238
6.7104152076038	-0.929887023635972
6.71724862431216	-0.864118249702623
6.72408204102051	-1.04771395830411
6.73091545772886	-0.814949946856432
6.73774887443722	-0.479249751223624
6.74458229114557	-0.191119398130183
6.75141570785393	0.049531744344667
6.75824912456228	0.242621669156052
6.76508254127064	0.388156196017972
6.77191595797899	0.486262374736319
6.77874937468734	0.536634496019192
6.7855827913957	0.539643873215324
6.79241620810405	0.495047296731669
6.79924962481241	0.402906000450514
6.80608304152076	0.263255220723494
6.81291645822911	0.0760496948144794
6.81974987493747	-0.158672580123557
6.82658329164582	-0.390928631580685
6.83341670835418	-0.571090404441163
6.84025012506253	-0.708963765397221
6.84708354177089	-0.813473701108267
6.85391695847924	-0.915897123965004
6.8607503751876	-1.04382816768291
6.86758379189595	-1.01661790242134
6.8744172086043	-0.881295559643523
6.88125062531266	-0.716871165126712
6.88808404202101	-0.498016395850043
6.89491745872936	-0.219163211161043
6.90175087543772	0.107520835258768
6.90858429214607	0.384146814724417
6.91541770885443	0.545464871947883
6.92225112556278	0.521888102228676
6.92908454227114	0.328141234371998
6.93591795897949	-0.00310328215441775
6.94275137568784	-0.396813781620969
6.9495847923962	-0.786997322853841
6.95641820910455	-1.0655061261992
6.96325162581291	-0.773152142491781
6.97008504252126	-0.553630324514836
6.97691845922962	-0.434238334685757
6.98375187593797	-0.470952235729197
6.99058529264632	-0.680333810042892
6.99741870935468	-1.01306228494379
7.00425212606303	-0.797486691187085
7.01108554277139	-0.414297831810963
7.01791895947974	-0.0835415909226891
7.02475237618809	0.182185691648763
7.03158579289645	0.408593847189003
7.0384192096048	0.59531621047578
7.04525262631316	0.676645315403864
7.05208604302151	0.557555501123594
7.05891945972987	0.181932275286779
7.06575287643822	-0.4321495710627
7.07258629314657	-0.987700120284131
7.07941970985493	-0.146181482483756
7.08625312656328	0.641355626080725
7.09308654327164	1.26229826158634
7.09991995997999	1.63788448561906
7.10675337668834	1.75544573709932
7.1135867933967	1.65422690273828
7.12042021010505	1.38158635636392
7.12725362681341	0.994660582759847
7.13408704352176	0.59805579257259
7.14092046023012	0.226836291540485
7.14775387693847	-0.118886156633881
7.15458729364682	-0.439217350573541
7.16142071035518	-0.734021754097163
7.16825412706353	-1.00343527731058
7.17508754377189	-0.951019571481788
7.18192096048024	-0.732473349889723
7.18875437718859	-0.539340298762135
7.19558779389695	-0.371685930571793
7.2024212106053	-0.229465932936868
7.20925462731366	-0.112688910677887
7.21608804402201	-0.0213462932799598
7.22292146073037	0.0445884986757493
7.22975487743872	0.0850910718805072
7.23658829414707	0.100054096320737
7.24342171085543	0.089634005372623
7.25025512756378	0.0538273069442574
7.25708854427214	-0.00740680085821678
7.26392196098049	-0.0942128469984413
7.27075537768884	-0.206365030438674
7.2775887943972	-0.343959585533103
7.28442221110555	-0.507004470188891
7.29125562781391	-0.695475791981393
7.29808904452226	-0.9094056520609
7.30492246123062	-1.04966494889548
7.31175587793897	-0.784866289366738
7.31858929464732	-0.494603474619658
7.32542271135568	-0.209011741035163
7.33225612806403	-0.0260640945887119
7.33908954477239	-0.0133046401552601
7.34592296148074	-0.184153320829386
7.35275637818909	-0.498401429254227
7.35958979489745	-0.872993788967282
7.3664232116058	-0.995337756579899
7.37325662831416	-0.812221561082229
7.38009004502251	-0.820167162505737
7.38692346173087	-0.939841605897057
7.39375687843922	-0.98034667157522
7.40059029514757	-0.788428202636917
7.40742371185593	-0.467800895656802
7.41425712856428	-0.291560575741542
7.42109054527264	-0.459459241314763
7.42792396198099	-0.96326992275845
7.43475737868935	-0.617178987785031
7.4415907953977	-0.1546126727642
7.44842421210605	0.10613529694737
7.45525762881441	0.165832457812723
7.46209104552276	0.124430691898402
7.46892446223112	0.0538009809096482
7.47575787893947	-0.0462083626029539
7.48259129564782	-0.175431587355009
7.48942471235618	-0.334182234601396
7.49625812906453	-0.528243853226872
7.50309154577289	-0.760177272158035
7.50992496248124	-1.02994918678344
7.51675837918959	-0.860904620064538
7.52359179589795	-0.515343828133605
7.5304252126063	-0.138494958149468
7.53725862931466	0.213941861039764
7.54409204602301	0.516700207506955
7.55092546273137	0.764198692195183
7.55775887943972	0.851596036341364
7.56459229614807	0.739770472776297
7.57142571285643	0.428998917579695
7.57825912956478	-0.0808834699821879
7.58509254627314	-0.789909383686296
7.59192596298149	-0.555932861102318
7.59875937968985	0.203325572926222
7.6055927963982	0.678044492687365
7.61242621310655	0.852130307828973
7.61925962981491	0.725477286496706
7.62609304652326	0.298539438203478
7.63292646323162	-0.314531421658219
7.63975987993997	-0.901774355938138
7.64659329664832	-0.825804691285749
7.65342671335668	-0.444811577437663
7.66026013006503	-0.145141413652551
7.66709354677339	0.0732290238463676
7.67392696348174	0.219766262320874
7.68076038019009	0.369834514870654
7.68759379689845	0.582866009310566
7.6944272136068	0.889821460268986
7.70126063031516	1.28964748978392
7.70809404702351	1.70122428138321
7.71492746373187	1.98127850771378
7.72176088044022	2.04380031227965
7.72859429714857	1.91409740265784
7.73542771385693	1.66806997257557
7.74226113056528	1.35635440477615
7.74909454727364	0.992451410433582
7.75592796398199	0.56250861096573
7.76276138069035	0.048749031555363
7.7695947973987	-0.537884430190649
7.77642821410705	-1.0538190064995
7.78326163081541	-0.49160889725954
7.79009504752376	-0.00843346105941106
7.79692846423212	0.388548880777793
7.80376188094047	0.686399239310526
7.81059529764883	0.847843185713726
7.81742871435718	0.865188720976738
7.82426213106553	0.726061281721219
7.83109554777389	0.421732229509932
7.83792896448224	-0.0597638817221425
7.84476238119059	-0.731240918575766
7.85159579789895	-0.625974368853757
7.8584292146073	0.291891710419939
7.86526263131566	1.13314761473272
7.87209604802401	1.73209677703121
7.87892946473237	1.95358520966239
7.88576288144072	1.75622401259371
7.89259629814908	1.22964863906744
7.89942971485743	0.566578636670083
7.90626313156578	-0.0547776081564566
7.91309654827414	-0.622243500838239
7.91992996498249	-1.06268819805243
7.92676338169085	-0.603003662428177
7.9335967983992	-0.19728889698292
7.94043021510755	0.154685980760647
7.94726363181591	0.452663423142392
7.95409704852426	0.69678417387589
7.96093046523262	0.887046139475266
7.96776388194097	1.02332943349927
7.97459729864932	1.10588967658821
7.98143071535768	1.13443301959627
7.98826413206603	1.10908042269248
7.99509754877439	1.02983694545799
8.00193096548274	0.896752409028785
8.0087643821911	0.709850696824645
8.01559779889945	0.468966760475052
8.0224312156078	0.174103873132016
8.02926463231616	-0.174511227096816
8.03609804902451	-0.577068417244381
8.04293146573287	-1.03338062012489
8.04976488244122	-0.654648806250753
8.05659829914958	-0.0905027550629295
8.06343171585793	0.527609646399444
8.07026513256628	1.19957523647166
8.07709854927464	1.92171410920654
8.08393196598299	2.40542519613343
8.09076538269135	2.46900347090382
8.0975987993997	2.16149070836427
8.10443221610806	1.60036010365686
8.11126563281641	0.919515222543424
8.11809904952476	0.160046845705943
8.12493246623312	-0.642749102980778
8.13176588294147	-0.749699652707881
8.13859929964982	-0.00433772879326846
8.14543271635818	0.584253142660707
8.15226613306653	0.916637742060177
8.15909954977489	0.971856824977511
8.16593296648324	0.858656918963009
8.1727663831916	0.718277364427476
8.17959979989995	0.606632391756751
8.1864332166083	0.503864784850936
8.19326663331666	0.403480135969566
8.20010005002501	0.324570304539353
8.20693346673337	0.270006343952361
8.21376688344172	0.251222232991943
8.22060030015007	0.319441523991977
8.22743371685843	0.480449360677838
8.23426713356678	0.609722750414752
8.24110055027514	0.546535559545473
8.24793396698349	0.254861487760226
8.25476738369185	-0.217213547186367
8.2616008004002	-0.741545591859877
8.26843421710856	-0.991243292889244
8.27526763381691	-0.653316635364806
8.28210105052526	-0.457077973013808
8.28893446723362	-0.354969685039039
8.29576788394197	-0.289864157838959
8.30260130065033	-0.25833992340882
8.30943471735868	-0.260265324481751
8.31626813406703	-0.295693950682288
8.32310155077539	-0.341371809563597
8.32993496748374	-0.384964709310019
8.3367683841921	-0.455259061372245
8.34360180090045	-0.583938563696315
8.3504352176088	-0.783104843064427
8.35726863431716	-1.04405856801881
8.36410205102551	-0.868737792376966
8.37093546773387	-0.634571989002515
8.37776888444222	-0.501610939709611
8.38460230115058	-0.486131046269445
8.39143571785893	-0.549805235875104
8.39826913456728	-0.662017880706604
8.40510255127564	-0.792776760441343
8.41193596798399	-0.926941883273904
8.41876938469235	-1.07193548919449
8.4256028014007	-0.944072564345604
8.43243621810906	-0.688866382534007
8.43926963481741	-0.372555542530428
8.44610305152576	-0.0347705101257769
8.45293646823412	0.247260115464571
8.45976988494247	0.425707582910746
8.46660330165083	0.472296178462272
8.47343671835918	0.38732993030112
8.48027013506753	0.21379328535826
8.48710355177589	0.00408657196829237
8.49393696848424	-0.158208433186046
8.5007703851926	-0.22252823807219
8.50760380190095	-0.16781531571421
8.51443721860931	0.00410051858161525
8.52127063531766	0.239248076841682
8.52810405202601	0.474349146377464
8.53493746873437	0.623685749171655
8.54177088544272	0.657945148275795
8.54860430215108	0.561503057181175
8.55543771885943	0.31846893012795
8.56227113556779	-0.112894317534727
8.56910455227614	-0.720435340855114
8.57593796898449	-0.750234067777903
8.58277138569285	-0.00917045003214846
8.5896048024012	0.671449305962659
8.59643821910956	1.21475558670396
8.60327163581791	1.58350617529951
8.61010505252626	1.79967935472169
8.61693846923462	1.9146824704412
8.62377188594297	1.97950363840736
8.63060530265133	2.01974786205402
8.63743871935968	2.06030887013099
8.64427213606803	2.17297867680976
8.65110555277639	2.43592955834133
8.65793896948474	2.88741068047197
8.6647723861931	3.50035664174281
8.67160580290145	4.13333717020061
8.67843921960981	4.66520260243252
8.68527263631816	4.90374289571071
8.69210605302651	4.83052027517099
8.69893946973487	4.44552541760528
8.70577288644322	3.74890885892093
8.71260630315158	2.74237895438155
8.71943971985993	1.55714237788158
8.72627313656828	0.398390333837227
8.73310655327664	-0.682768372551579
8.73993996998499	-0.550486409349177
8.74677338669335	0.265806951603068
8.7536068034017	0.972499888227708
8.76044022011006	1.59238978760275
8.76727363681841	2.0695870880571
8.77410705352676	2.31090033823982
8.78094047023512	2.30169432221722
8.78777388694347	2.04555272222168
8.79460730365183	1.61304561572307
8.80144072036018	1.08573469102946
8.80827413706854	0.473779924073454
8.81510755377689	-0.199842529621168
8.82194097048524	-0.886450701006649
8.8287743871936	-0.649470113448925
8.83560780390195	-0.0123817320472515
8.84244122061031	0.542051177206128
8.84927463731866	0.939075731004853
8.85610805402701	1.17844188549948
8.86294147073537	1.28283975482484
8.86977488744372	1.29253241186608
8.87660830415208	1.32509317944764
8.88344172086043	1.39889996883029
8.89027513756879	1.42847442614551
8.89710855427714	1.36285648956928
8.90394197098549	1.20192830542041
8.91077538769385	0.945645996680663
8.9176088044022	0.594159395352885
8.92444222111055	0.147421889279866
8.93127563781891	-0.399214755523416
8.93810905452726	-1.05057463045191
8.94494247123562	-0.438971998978349
8.95177588794397	0.32082652351765
8.95860930465233	1.13130998845994
8.96544272136068	1.91947331655375
8.97227613806903	2.59071188344562
8.97910955477739	3.14419910925417
8.98594297148574	3.58029720927614
8.9927763881941	3.87431514286466
8.99960980490245	3.95514353839212
9.00644322161081	3.78724164225423
9.01327663831916	3.39147868922919
9.02011005502751	2.82749309510318
9.02694347173587	2.16756846551928
9.03377688844422	1.47060953648217
9.04061030515258	0.795527446619079
9.04744372186093	0.195257276169826
9.05427713856928	-0.338735077003736
9.06111055527764	-0.849251619881262
9.06794397198599	-0.845937468288696
9.07477738869435	-0.356392586458372
9.0816108054027	0.112295580893009
9.08844422211106	0.569038315313112
9.09527763881941	0.988180004242639
9.10211105552776	1.32162389392252
9.10894447223612	1.51664641767029
9.11577788894447	1.61165192949111
9.12261130565283	1.62743112698041
9.12944472236118	1.56390619976337
9.13627813906954	1.42095422381936
9.14311155577789	1.19882780671759
9.14994497248624	0.89729003723824
9.1567783891946	0.520668599558054
9.16361180590295	0.152977689293846
9.17044522261131	-0.171653348733489
9.17727863931966	-0.453374249722107
9.18411205602801	-0.692074349017803
9.19094547273637	-0.888003089789515
9.19777888944472	-1.04087721173283
9.20461230615308	-1.07872075731982
9.21144572286143	-1.06836822074806
9.21827913956979	-0.938030264022562
9.22511255627814	-0.79183767544747
9.23194597298649	-0.732397649544349
9.23877938969485	-0.717766508343628
9.2456128064032	-0.732299052707677
9.25244622311155	-0.777186431480492
9.25927963981991	-0.881551522904314
9.26611305652826	-1.0581156605295
9.27294647323662	-0.891353326790795
9.27977988994497	-0.569925452636439
9.28661330665333	-0.176212797987363
9.29344672336168	0.205148571980868
9.30028014007004	0.491636328971024
9.30711355677839	0.683816207940341
9.31394697348674	0.766826533730604
9.3207803901951	0.660723706816283
9.32761380690345	0.368428356741772
9.33444722361181	-0.0260225539398601
9.34128064032016	-0.434783889666764
9.34811405702852	-0.797498329456044
9.35494747373687	-1.09224511392382
9.36178089044522	-0.928382780818009
9.36861430715358	-1.04332214824425
9.37544772386193	-0.786526152488569
9.38228114057029	-0.305245294891029
9.38911455727864	0.161111688249129
9.39594797398699	0.571727792388106
9.40278139069535	0.916312486960913
9.4096148074037	1.13063671588207
9.41644822411206	1.10226374974303
9.42328164082041	0.776653687729143
9.43011505752876	0.230590339150529
9.43694847423712	-0.353937598147763
9.44378189094547	-0.792811800513819
9.45061530765383	-0.995665451024896
9.45744872436218	-0.9938962322521
9.46428214107054	-0.877371537104084
9.47111555777889	-0.752209445991777
9.47794897448724	-0.718337867879886
9.4847823911956	-0.842411671067523
9.49161580790395	-1.08064509958389
9.49844922461231	-0.728810679082519
9.50528264132066	-0.405964098861336
9.51211605802902	-0.209168744134555
9.51894947473737	-0.163167800156384
9.52578289144572	-0.197026472137086
9.53261630815408	-0.197598297627697
9.53944972486243	-0.113288402361768
9.54628314157079	0.0153359304953402
9.55311655827914	0.107258930267654
9.55994997498749	0.104745480040535
9.56678339169585	0.0156861616236557
9.5736168084042	-0.108896996242607
9.58045022511256	-0.230692602974292
9.58728364182091	-0.360445910657195
9.59411705852927	-0.486763315359546
9.60095047523762	-0.516152550569005
9.60778389194597	-0.326336296045129
9.61461730865433	0.103096258679749
9.62145072536268	0.674416727919931
9.62828414207104	1.25261588104969
9.63511755877939	1.72162818125131
9.64195097548775	1.99055764801869
9.6487843921961	2.01151064109351
9.65561780890445	1.76629407066898
9.66245122561281	1.29938847539353
9.66928464232116	0.666876896766387
9.67611805902952	-0.0339701729766252
9.68295147573787	-0.762542892581298
9.68978489244622	-0.692231967637389
9.69661830915458	0.0288006642396747
9.70345172586293	0.637719582678641
9.71028514257129	1.08963188394577
9.71711855927964	1.38491420569297
9.72395197598799	1.52344486952211
9.73078539269635	1.50229583412778
9.7376188094047	1.29950448621912
9.74445222611306	0.915700274572614
9.75128564282141	0.462780288272104
9.75811905952976	0.14385936420437
9.76495247623812	0.0592650448378452
9.77178589294647	0.133083476739269
9.77861930965483	0.237985769468963
9.78545272636318	0.266045721588067
9.79228614307154	0.0889983292662146
9.79911955977989	-0.405013000871587
9.80595297648824	-1.0335820359771
9.8127863931966	-0.248243477830132
9.81961980990495	0.392470162769396
9.82645322661331	0.631495341049539
9.83328664332166	0.401965672538561
9.84012006003002	-0.318158360990231
9.84695347673837	-0.769402307659485
9.85378689344672	0.124107083984827
9.86062031015508	0.505253577313993
9.86745372686343	0.410634235297572
9.87428714357179	0.0514748196261213
9.88112056028014	-0.307885072955329
9.88795397698849	-0.569301101778629
9.89478739369685	-0.767124514232849
9.9016208104052	-0.93767373139557
9.90845422711356	-1.07169161776419
9.91528764382191	-1.02813804154969
9.92212106053027	-0.912349562085932
9.92895447723862	-0.733595724699356
9.93578789394697	-0.489756397774525
9.94262131065533	-0.251471762820341
9.94945472736368	-0.100758231864888
9.95628814407204	-0.0510189214891794
9.96312156078039	-0.0619120713461895
9.96995497748875	-0.0867705125236762
9.9767883941971	-0.0984913728522323
9.98362181090545	-0.114101434577744
9.99045522761381	-0.16084553691645
9.99728864432216	-0.251704005858302
10.0041220610305	-0.370371583628616
10.0109554777389	-0.426312790112646
10.0177888944472	-0.320029630502687
10.0246223111556	-0.0189119456000443
10.0314557278639	0.38673845660632
10.0382891445723	0.689084697108205
10.0451225612806	0.859260885615595
10.051955977989	0.897551127007363
10.0587893946973	0.804272616688021
10.0656228114057	0.582621141124689
10.0724562281141	0.286150740942463
10.0792896448224	-0.0681359257168598
10.0861230615308	-0.480081235320154
10.0929564782391	-0.949431025162187
10.0997898949475	-0.721669061022824
10.1066233116558	-0.136717526559709
10.1134567283642	0.505835606963224
10.1202901450725	1.16515039942048
10.1271235617809	1.67722748365742
10.1339569784892	2.02518026965607
10.1407903951976	2.2092548219309
10.147623811906	2.22936121719592
10.1544572286143	2.08988776671249
10.1612906453227	1.82151770978696
10.168124062031	1.41803197094373
10.1749574787394	0.880095668817043
10.1817908954477	0.275599237859728
10.1886243121561	-0.302688883585369
10.1954577288644	-0.817700923590761
10.2022911455728	-0.929311413261828
10.2091245622811	-0.572699719336722
10.2159579789895	-0.424687557258042
10.2227913956979	-0.494814654036345
10.2296248124062	-0.686474979795214
10.2364582291146	-0.871638403953326
10.2432916458229	-0.946120830397402
10.2501250625313	-0.890326986267018
10.2569584792396	-0.76179769819163
10.263791895948	-0.602484619889277
10.2706253126563	-0.382340144522606
10.2774587293647	-0.086229385654413
10.284292146073	0.196036542525518
10.2911255627814	0.3553729735455
10.2979589794897	0.409269268401308
10.3047923961981	0.50107546456388
10.3116258129065	0.76267026559737
10.3184592296148	1.14816446990776
10.3252926463232	1.43680209404085
10.3321260630315	1.45389981225975
10.3389594797399	1.18815383601888
10.3457928964482	0.675988491769528
10.3526263131566	0.0104007107901025
10.3594597298649	-0.579137486499729
10.3662931465733	-0.986578856717579
10.3731265632816	-0.920086147982946
10.37995997999	-0.711204480795465
10.3867933966983	-0.585509333504675
10.3936268134067	-0.542809144267692
10.4004602301151	-0.583927255972022
10.4072936468234	-0.708756511955037
10.4141270635318	-0.917530817894268
10.4209604802401	-0.989973109505031
10.4277938969485	-0.699480158519977
10.4346273136568	-0.45566458761947
10.4414607303652	-0.258707869797509
10.4482941470735	-0.108517131661663
10.4551275637819	-0.0047327093907068
10.4619609804902	0.0521368421741881
10.4687943971986	0.0622642915289535
10.475627813907	0.0258111719992228
10.4824612306153	-0.0573755434088878
10.4892946473237	-0.187172748834079
10.496128064032	-0.363688487278547
10.5029614807404	-0.586884347286593
10.5097948974487	-0.856755786922689
10.5166283141571	-1.05097642411114
10.5234617308654	-0.774856686738933
10.5302951475738	-0.487707431285435
10.5371285642821	-0.170209784701306
10.5439619809905	0.177960912682569
10.5507953976989	0.556870625166879
10.5576288144072	0.966234192570744
10.5644622311156	1.4062232214563
10.5712956478239	1.8768271040016
10.5781290645323	2.22248528485021
10.5849624812406	2.27203843514878
10.591795897949	2.02551878705887
10.5986293146573	1.48288089214022
10.6054627313657	0.682253893941424
10.612296148074	-0.176466863848267
10.6191295647824	-0.888401196687457
10.6259629814907	-0.851612593787824
10.6327963981991	-0.647766947539447
10.6396298149075	-0.616875666330876
10.6464632316158	-0.662629334883868
10.6532966483242	-0.743090654234692
10.6601300650325	-0.917675905594992
10.6669634817409	-0.894419275210137
10.6737968984492	-0.273577645801387
10.6806303151576	0.387992137166448
10.6874637318659	0.808890419839732
10.6942971485743	0.8504149920577
10.7011305652826	0.581363223506386
10.707963981991	0.12526319804633
10.7147973986993	-0.437279716128414
10.7216308154077	-1.04437529213936
10.7284642321161	-0.588650938661707
10.7352976488244	-0.145321474538181
10.7421310655328	0.15141085376645
10.7489644822411	0.312847330516001
10.7557978989495	0.33380498452124
10.7626313156578	0.185233426231818
10.7694647323662	-0.135703059530805
10.7762981490745	-0.561350177156517
10.7831315657829	-0.975757664612553
10.7899649824912	-0.906456255115272
10.7967983991996	-0.699043815231081
10.803631815908	-0.557848190642635
10.8104652326163	-0.452256406525602
10.8172986493247	-0.373609684726507
10.824132066033	-0.303187013752912
10.8309654827414	-0.212328193373935
10.8377988994497	-0.111835807714983
10.8446323161581	-0.0740860357684911
10.8514657328664	-0.178667098719102
10.8582991495748	-0.438666192292319
10.8651325662831	-0.787600866357347
10.8719659829915	-1.03710302926001
10.8787993996999	-0.633955055928786
10.8856328164082	-0.163029789659958
10.8924662331166	0.363432188114916
10.8992996498249	0.852475169426757
10.9061330665333	1.18428571094312
10.9129664832416	1.29158419776883
10.91979989995	1.18456596677513
10.9266333166583	0.896566230268298
10.9334667333667	0.435536310629597
10.940300150075	-0.176527440846459
10.9471335667834	-0.798578903516104
10.9539669834917	-0.882589414570837
10.9608004002001	-0.470737120218686
10.9676338169085	-0.164785296639186
10.9744672336168	0.0356733436621098
10.9813006503252	0.132459919497734
10.9881340670335	0.140084331847287
10.9949674837419	0.0633375442530062
11.0018009004502	-0.0453898543039113
11.0086343171586	-0.162219840374553
11.0154677338669	-0.287264517646909
11.0223011505753	-0.419898383869714
11.0291345672836	-0.560802362401905
11.035967983992	-0.709521166031347
11.0428014007004	-0.866582147225703
11.0496348174087	-1.03146984678523
11.0564682341171	-1.0090320876477
11.0633016508254	-0.900147199451673
11.0701350675338	-0.834651365086368
11.0769684842421	-0.777839417192779
11.0838019009505	-0.6907549163903
11.0906353176588	-0.53742458971014
11.0974687343672	-0.301639928128136
11.1043021510755	0.00283624698087609
11.1111355677839	0.337213422387301
11.1179689844922	0.633113351354104
11.1248024012006	0.794780338761449
11.131635817909	0.73604595046152
11.1384692346173	0.442024951615328
11.1453026513257	-0.0178724786281963
11.152136068034	-0.532345762904944
11.1589694847424	-0.992731355918786
11.1658029014507	-0.845415754070798
11.1726363181591	-0.585955004717086
11.1794697348674	-0.426405444139204
11.1863031515758	-0.354533981838046
11.1931365682841	-0.338080787697069
11.1999699849925	-0.37571932188809
11.2068034017009	-0.467555444691168
11.2136368184092	-0.612912927676326
11.2204702351176	-0.774643221435542
11.2273036518259	-0.936034235955197
11.2341370685343	-1.097139698756
11.2409704852426	-0.941196134904643
11.247803901951	-0.781281757071787
11.2546373186593	-0.622142448835418
11.2614707353677	-0.465432055476674
11.268304152076	-0.332285607448067
11.2751375687844	-0.227754296606103
11.2819709854927	-0.151711627855047
11.2888044022011	-0.104613119224629
11.2956378189095	-0.0859196806275998
11.3024712356178	-0.0958003199964099
11.3093046523262	-0.134586440598752
11.3161380690345	-0.201473413445268
11.3229714857429	-0.274063114761956
11.3298049024512	-0.341171467003307
11.3366383191596	-0.402425261337579
11.3434717358679	-0.457727624194438
11.3503051525763	-0.507374099891671
11.3571385692846	-0.55083628557315
11.363971985993	-0.588864425996786
11.3708054027014	-0.623630243700483
11.3776388194097	-0.667080110617162
11.3844722361181	-0.721382512528591
11.3913056528264	-0.786087356589359
11.3981390695348	-0.861374606068074
11.4049724862431	-0.947130933487798
11.4118059029515	-1.04331284956423
11.4186393196598	-1.04836650496764
11.4254727363682	-0.931068962451742
11.4323061530765	-0.803487504622954
11.4391395697849	-0.670407618999891
11.4459729864932	-0.549754517879023
11.4528064032016	-0.442836921019139
11.45963981991	-0.349918774066745
11.4664732366183	-0.270595874558105
11.4733066533267	-0.205015861431726
11.480140070035	-0.15350384347031
11.4869734867434	-0.115558421059275
11.4938069034517	-0.0910998629458953
11.5006403201601	-0.080635633006527
11.5074737368684	-0.0840551392202116
11.5143071535768	-0.101489269785442
11.5211405702851	-0.132200862091247
11.5279739869935	-0.176954958740381
11.5348074037019	-0.260706400640867
11.5416408204102	-0.438351188644518
11.5484742371186	-0.677690039517724
11.5553076538269	-0.893642125402266
11.5621410705353	-1.05828560738434
11.5689744872436	-0.981533314522934
11.575807903952	-0.830177900716488
11.5826413206603	-0.76007047593739
11.5894747373687	-0.819692699066818
11.596308154077	-0.994237426623886
11.6031415707854	-0.948124349753851
11.6099749874937	-0.652270045560082
11.6168084042021	-0.368291356512005
11.6236418209105	-0.143892188506025
11.6304752376188	-0.0295731951782696
11.6373086543272	-0.0804868347098724
11.6441420710355	-0.294353116805816
11.6509754877439	-0.588944871496236
11.6578089044522	-0.882910402318355
11.6646423211606	-1.05230064462865
11.6714757378689	-0.826226131029214
11.6783091545773	-0.641708003405366
11.6851425712856	-0.475482774286707
11.691975987994	-0.299726233113211
11.6988094047024	-0.138009392552605
11.7056428214107	-0.0577828878449482
11.7124762381191	-0.109961971352362
11.7193096548274	-0.284788828623687
11.7261430715358	-0.520145300424533
11.7329764882441	-0.759770975267324
11.7398099049525	-0.989522884944996
11.7466433216608	-0.969463325363724
11.7534767383692	-0.702741962425362
11.7603101550775	-0.426866952648329
11.7671435717859	-0.19837116611589
11.7739769884942	-0.0609860969304391
11.7808104052026	-0.0208818930622394
11.787643821911	-0.0534981464398403
11.7944772386193	-0.129647391104566
11.8013106553277	-0.223262351057685
11.808144072036	-0.313178672977458
11.8149774887444	-0.413555311517438
11.8218109054527	-0.600005938598258
11.8286443221611	-0.937598643479613
11.8354777388694	-0.797537968504723
11.8423111555778	-0.31019965288179
11.8491445722861	0.0786082631006642
11.8559779889945	0.280639777593163
11.8628114057029	0.270353158960448
11.8696448224112	0.124727072647643
11.8764782391196	-0.0862858298090699
11.8833116558279	-0.276222138290313
11.8901450725363	-0.445296625141261
11.8969784892446	-0.608598066100559
11.903811905953	-0.726897205692111
11.9106453226613	-0.790065370930704
11.9174787393697	-0.797190603596003
11.924312156078	-0.748515170708179
11.9311455727864	-0.656251946671612
11.9379789894947	-0.574963970764365
11.9448124062031	-0.510987978890489
11.9516458229115	-0.464732435932113
11.9584792396198	-0.435423910919363
11.9653126563282	-0.423771022826263
11.9721460730365	-0.429548298088772
11.9789794897449	-0.452705109314145
11.9858129064532	-0.49310256041927
11.9926463231616	-0.5509770602143
11.9994797398699	-0.626068804930842
12.0063131565783	-0.718406924026846
12.0131465732866	-0.82866609634381
12.019979989995	-0.95619491999422
12.0268134067034	-1.09885203345364
12.0336468234117	-0.970063935651093
12.0404802401201	-0.863872876977219
12.0473136568284	-0.780574308947263
12.0541470735368	-0.720983541679397
12.0609804902451	-0.683955386491523
12.0678139069535	-0.670763878846053
12.0746473236618	-0.68052175733176
12.0814807403702	-0.713742698127039
12.0883141570785	-0.76995357144317
12.0951475737869	-0.849177001367062
12.1019809904952	-0.95231493897761
12.1088144072036	-1.0779654350503
12.115647823912	-0.971231967865225
12.1224812406203	-0.800277560180958
12.1293146573287	-0.644481718045436
12.136148074037	-0.519795597066099
12.1429814907454	-0.426795732205016
12.1498149074537	-0.364653680555888
12.1566483241621	-0.334097870750367
12.1634817408704	-0.334891437573653
12.1703151575788	-0.367196924322001
12.1771485742871	-0.430356730278475
12.1839819909955	-0.525016289120632
12.1908154077039	-0.651166862114113
12.1976488244122	-0.80813686824712
12.2044822411206	-0.996736917200945
12.2113156578289	-0.982021903265639
12.2181490745373	-0.730382872668911
12.2249824912456	-0.434370697244024
12.231815907954	-0.108212935943762
12.2386493246623	0.158685367682028
12.2454827413707	0.297840680866653
12.252316158079	0.33359731355182
12.2591495747874	0.356722444319212
12.2659829914957	0.449945643847824
12.2728164082041	0.637156162554418
12.2796498249125	0.886599227038758
12.2864832416208	1.13281547461205
12.2933166583292	1.29302476323278
12.3001500750375	1.28788652302745
12.3069834917459	1.08389252791301
12.3138169084542	0.714761026745379
12.3206503251626	0.235167815793567
12.3274837418709	-0.318554130825345
12.3343171585793	-0.900558561223408
12.3411505752876	-0.785943230516344
12.347983991996	-0.411534392080556
12.3548174087044	-0.143810948003413
12.3616508254127	0.099393401063002
12.3684842421211	0.358543630177816
12.3753176588294	0.59786064368558
12.3821510755378	0.760343738908786
12.3889844922461	0.813197285695858
12.3958179089545	0.757257357525242
12.4026513256628	0.618227831331557
12.4094847423712	0.421424047066931
12.4163181590795	0.171810659009659
12.4231515757879	-0.144495292415933
12.4299849924962	-0.517148418652866
12.4368184092046	-0.888518050225125
12.443651825913	-1.00848318739657
12.4504852426213	-0.783538028748801
12.4573186593297	-0.635671749770262
12.464152076038	-0.561570350673057
12.4709854927464	-0.535797890519892
12.4778189094547	-0.551330659298245
12.4846523261631	-0.605207014683815
12.4914857428714	-0.638106034396358
12.4983191595798	-0.625089196193174
12.5051525762881	-0.566126485703259
12.5119859929965	-0.461397364578063
12.5188194097049	-0.332694645193709
12.5256528264132	-0.251856161213618
12.5324862431216	-0.223925037528295
12.5393196598299	-0.249228402148433
12.5461530765383	-0.327549787953136
12.5529864932466	-0.452917629751344
12.559819909955	-0.577073070051605
12.5666533266633	-0.690622938415753
12.5734867433717	-0.793974623818729
12.58032016008	-0.886341171162697
12.5871535767884	-0.968593191925731
12.5939869934967	-1.04003209987322
12.6008204102051	-1.09707697806663
12.6076538269135	-1.04691088163738
12.6144872436218	-1.00689834924585
12.6213206603302	-0.977458998880392
12.6281540770385	-0.958505743715986
12.6349874937469	-0.949821329276261
12.6418209104552	-0.952127503123077
12.6486543271636	-0.964743368089846
12.6554877438719	-0.988191356841474
12.6623211605803	-1.02129029938291
12.6691545772886	-1.06557099734578
12.675987993997	-1.07808628995463
12.6828214107054	-1.01301777876434
12.6896548274137	-0.937304657784882
12.6964882441221	-0.850768572655271
12.7033216608304	-0.753892699455497
12.7101550775388	-0.693341045867561
12.7169884942471	-0.835243801934453
12.7238219109555	-1.00259263565493
12.7306553276638	-0.538604828073861
12.7374887443722	-0.0935820844042645
12.7443221610805	0.326125299976036
12.7511555777889	0.62327825980592
12.7579889944972	0.765239433290066
12.7648224112056	0.77086914593247
12.771655827914	0.702610479986637
12.7784892446223	0.56572786127974
12.7853226613307	0.418943956263003
12.792156078039	0.330621597971614
12.7989894947474	0.295856416373473
12.8058229114557	0.220505971850463
12.8126563281641	0.0707221415983254
12.8194897448724	-0.153200271930738
12.8263231615808	-0.45109515543524
12.8331565782891	-0.821971727575624
12.8399899949975	-1.05450833294637
12.8468234117059	-0.871922296400757
12.8536568284142	-0.851078310927743
12.8604902451226	-0.899604109582776
12.8673236618309	-0.945659778926929
12.8741570785393	-0.930981670922217
12.8809904952476	-0.873180968564752
12.887823911956	-0.805650230069292
12.8946573286643	-0.754707560380836
12.9014907453727	-0.726304308952349
12.908324162081	-0.718376957523249
12.9151575787894	-0.731687506262813
12.9219909954977	-0.766791629373757
12.9288244122061	-0.823748223343674
12.9356578289145	-0.920087840658523
12.9424912456228	-1.06096440325127
12.9493246623312	-0.970690707854825
12.9561580790395	-0.815437017854569
12.9629914957479	-0.672671608187045
12.9698249124562	-0.541663098687651
12.9766583291646	-0.422653935562337
12.9834917458729	-0.315829499616338
12.9903251625813	-0.221606102579028
12.9971585792896	-0.139432949315596
13.003991995998	-0.0694462723731645
13.0108254127064	-0.0118299215923996
13.0176588294147	0.0341321138698297
13.0244922461231	0.0663992936148725
13.0313256628314	0.0664371680679856
13.0381590795398	0.0819929347586895
13.0449924962481	0.183724479559289
13.0518259129565	0.371526616929984
13.0586593296648	0.578877983033116
13.0654927463732	0.736170811566804
13.0723261630815	0.811397790351192
13.0791595797899	0.82265547386463
13.0859929964983	0.800358274757421
13.0928264132066	0.722329020419368
13.099659829915	0.506064042560928
13.1064932466233	0.101950149382164
13.1133266633317	-0.438442699163063
13.12016008004	-1.02167506387469
13.1269934967484	-0.605377152096908
13.1338269134567	-0.0601005997977742
13.1406603301651	0.455485019991206
13.1474937468734	0.929960819162768
13.1543271635818	1.32413573964044
13.1611605802901	1.5562437159039
13.1679939969985	1.55622466309023
13.1748274137069	1.31811713631978
13.1816608304152	0.885485315032441
13.1884942471236	0.316265882353412
13.1953276638319	-0.308628802713243
13.2021610805403	-0.876792960406834
13.2089944972486	-0.903941924452762
13.215827913957	-0.669300103474186
13.2226613306653	-0.601912804978632
13.2294947473737	-0.637247921621744
13.236328164082	-0.684849822466506
13.2431615807904	-0.728836046550475
13.2499949974987	-0.771014664696283
13.2568284142071	-0.809569965048061
13.2636618309155	-0.845721328156092
13.2704952476238	-0.8786563016816
13.2773286643322	-0.908737915380548
13.2841620810405	-0.935899590680252
13.2909954977489	-0.96071688775946
13.2978289144572	-0.982334117646252
13.3046623311656	-1.00139154853834
13.3114957478739	-1.01722232728153
13.3183291645823	-1.03048536381394
13.3251625812906	-1.04076329411573
13.331995997999	-1.04862737774841
13.3388294147074	-1.0530633151794
13.3456628314157	-1.05500268638329
13.3524962481241	-1.05370290942935
13.3593296648324	-1.04997948447888
13.3661630815408	-1.04290736236778
13.3729964982491	-1.03317579185743
13.3798299149575	-1.02094577236167
13.3866633316658	-1.00590279558905
13.3934967483742	-0.987426709620347
13.4003301650825	-0.966667879237117
13.4071635817909	-0.942697576617347
13.4139969984993	-0.915898811246581
13.4208304152076	-0.888852839002472
13.427663831916	-0.930453044896183
13.4344972486243	-1.0733660453178
13.4413306653327	-0.921566437095679
13.448164082041	-0.71379017554314
13.4549974987494	-0.52572474967255
13.4618309154577	-0.353175163526277
13.4686643321661	-0.189709744674974
13.4754977488744	-0.062007774225528
13.4823311655828	-0.051780142109176
13.4891645822911	-0.24805109697113
13.4959979989995	-0.638278922838188
13.5028314157079	-1.09096638721761
13.5096648324162	-0.715949181517472
13.5164982491246	-0.440005836259508
13.5233316658329	-0.275297489025126
13.5301650825413	-0.181831266900396
13.5369984992496	-0.106505064604611
13.543831915958	-0.0547492033270679
13.5506653326663	-0.0715004518132623
13.5574987493747	-0.155475501716861
13.564332166083	-0.244036936158425
13.5711655827914	-0.281023583962919
13.5779989994997	-0.26208400175925
13.5848324162081	-0.225940039951159
13.5916658329165	-0.212893146483621
13.5984992496248	-0.232123829261139
13.6053326663332	-0.280754270588836
13.6121660830415	-0.352789122860853
13.6189994997499	-0.429019599786121
13.6258329164582	-0.482746310874063
13.6326663331666	-0.507087667380803
13.6394997498749	-0.512257071567452
13.6463331665833	-0.512084404710514
13.6531665832916	-0.512546628813624
13.66	-0.512525784696911
13.67	0
14.0369696969697	0
14.4039393939394	0
14.7709090909091	0
15.1378787878788	0
15.5048484848485	0
15.8718181818182	0
16.2387878787879	0
16.6057575757576	0
16.9727272727273	0
17.339696969697	0
17.7066666666667	0
18.0736363636364	0
18.4406060606061	0
18.8075757575758	0
19.1745454545455	0
19.5415151515151	0
19.9084848484849	0
20.2754545454545	0
20.6424242424242	0
21.0093939393939	0
21.3763636363636	0
21.7433333333333	0
22.110303030303	0
22.4772727272727	0
22.8442424242424	0
23.2112121212121	0
23.5781818181818	0
23.9451515151515	0
24.3121212121212	0
24.6790909090909	0
25.0460606060606	0
25.4130303030303	0
25.78	0
26.1469696969697	0
26.5139393939394	0
26.8809090909091	0
27.2478787878788	0
27.6148484848485	0
27.9818181818182	0
28.3487878787879	0
28.7157575757576	0
29.0827272727273	0
29.449696969697	0
29.8166666666667	0
30.1836363636364	0
30.5506060606061	0
30.9175757575758	0
31.2845454545455	0
31.6515151515151	0
32.0184848484849	0
32.3854545454545	0
32.7524242424242	0
33.1193939393939	0
33.4863636363636	0
33.8533333333333	0
34.220303030303	0
34.5872727272727	0
34.9542424242424	0
35.3212121212121	0
35.6881818181818	0
36.0551515151515	0
36.4221212121212	0
36.7890909090909	0
37.1560606060606	0
37.5230303030303	0
37.89	0
38.2569696969697	0
38.6239393939394	0
38.9909090909091	0
39.3578787878788	0
39.7248484848485	0
40.0918181818182	0
40.4587878787879	0
40.8257575757576	0
41.1927272727273	0
41.559696969697	0
41.9266666666667	0
42.2936363636364	0
42.6606060606061	0
43.0275757575758	0
43.3945454545455	0
43.7615151515151	0
44.1284848484848	0
44.4954545454545	0
44.8624242424242	0
45.2293939393939	0
45.5963636363636	0
45.9633333333333	0
46.330303030303	0
46.6972727272727	0
47.0642424242424	0
47.4312121212121	0
47.7981818181818	0
48.1651515151515	0
48.5321212121212	0
48.8990909090909	0
49.2660606060606	0
49.6330303030303	0
50	0
