time	Isotope
0	1.92705222833103
0.00683341670835418	1.81256503903306
0.0136668334167084	1.68534653547739
0.0205002501250625	1.5485109576198
0.0273336668334167	1.41460632299525
0.0341670835417709	1.29121839119068
0.0410005002501251	1.17963419791168
0.0478339169584792	1.06905775463389
0.0546673336668334	0.956178308313375
0.0615007503751876	0.857167778196266
0.0683341670835418	0.793671040542388
0.075167583791896	0.784557275427661
0.0820010005002501	0.841274663771147
0.0888344172086043	0.968402415632767
0.0956678339169585	1.13440106451238
0.102501250625313	1.26184021616727
0.109334667333667	1.30110814353379
0.116168084042021	1.25832996422586
0.123001500750375	1.14637697802862
0.129834917458729	0.978120479446578
0.136668334167084	0.766431739897446
0.143501750875438	0.52418203904686
0.150335167583792	0.264242678685506
0.157168584292146	-0.000515020660737239
0.1640020010005	-0.257219801328827
0.170835417708854	-0.493123951760058
0.177668834417209	-0.701233269360315
0.184502251125563	-0.882627333920151
0.191335667833917	-1.03899020615859
0.198169084542271	-1.17200587255555
0.205002501250625	-1.28335841192362
0.211835917958979	-1.37473181547748
0.218669334667334	-1.44781014355185
0.225502751375688	-1.50427740614866
0.232336168084042	-1.54581768887715
0.239169584792396	-1.57411499934976
0.24600300150075	-1.59085336422746
0.252836418209105	-1.59771680902249
0.259669834917459	-1.59638937068001
0.266503251625813	-1.58855510714921
0.273336668334167	-1.57589802756812
0.280170085042521	-1.56010220613525
0.287003501750875	-1.5428516214217
0.29383691845923	-1.52583035437876
0.300670335167584	-1.5107224033727
0.307503751875938	-1.49921182798143
0.314337168584292	-1.49298264559375
0.321170585292646	-1.49371890316959
0.328004002001	-1.50310464750107
0.334837418709355	-1.52282107924874
0.341670835417709	-1.55301057389005
0.348504252126063	-1.58972992897613
0.355337668834417	-1.62836557435886
0.362171085542771	-1.66430392969534
0.369004502251126	-1.69306267469138
0.37583791895948	-1.711828642289
0.382671335667834	-1.71893758239414
0.389504752376188	-1.7127478578558
0.396338169084542	-1.69164044541229
0.403171585792896	-1.65501522258042
0.410005002501251	-1.60434222664138
0.416838419209605	-1.54500722350153
0.423671835917959	-1.48258381752405
0.430505252626313	-1.41788073512651
0.437338669334667	-1.35108542668404
0.444172086043022	-1.28238533799643
0.451005502751376	-1.21196794546889
0.45783891945973	-1.14002067439217
0.464672336168084	-1.06676983509284
0.471505752876438	-0.993246521517644
0.478339169584792	-0.921867540046231
0.485172586293147	-0.854611255668462
0.492006003001501	-0.792218057893339
0.498839419709855	-0.73529567318191
0.505672836418209	-0.684451743896748
0.512506253126563	-0.640293971002783
0.519339669834918	-0.603430038463193
0.526173086543272	-0.574467636029967
0.533006503251626	-0.554014448375582
0.53983991995998	-0.542678184835717
0.546673336668334	-0.541066513552973
0.553506753376688	-0.549787125436608
0.560340170085043	-0.569447694953315
0.567173586793397	-0.600338812670925
0.574007003501751	-0.640510789105061
0.580840420210105	-0.687048859585095
0.587673836918459	-0.737034491333788
0.594507253626813	-0.787549083026232
0.601340670335168	-0.835674128119098
0.608174087043522	-0.878491044996375
0.615007503751876	-0.913081326483959
0.62184092046023	-0.936533685927136
0.628674337168584	-0.947170455660063
0.635507753876939	-0.945926140664778
0.642341170585293	-0.934068036833179
0.649174587293647	-0.912863397836725
0.656008004002001	-0.883579558214735
0.662841420710355	-0.848015581621973
0.669674837418709	-0.809777452171557
0.676508254127064	-0.772854579064565
0.683341670835418	-0.741236392692959
0.690175087543772	-0.71891231047985
0.697008504252126	-0.709445757445175
0.70384192096048	-0.714459888505688
0.710675337668834	-0.733933235499774
0.717508754377189	-0.763004230772085
0.724342171085543	-0.794718637764381
0.731175587793897	-0.82317463404899
0.738009004502251	-0.842641943420924
0.744842421210605	-0.84739033540104
0.75167583791896	-0.83168617344569
0.758509254627314	-0.789296830743317
0.765342671335668	-0.712863226962601
0.772176088044022	-0.597511999433307
0.779009504752376	-0.440822214449913
0.78584292146073	-0.240479779476111
0.792676338169085	0.00582467165468786
0.799509754877439	0.294096277353569
0.806343171585793	0.594140868975436
0.813176588294147	0.868017355429458
0.820010005002501	1.09392081193869
0.826843421710855	1.27337377945396
0.83367683841921	1.42299557069556
0.840510255127564	1.56110212470266
0.847343671835918	1.69555407087676
0.854177088544272	1.81987050468589
0.861010505252626	1.91891310411395
0.867843921960981	1.97773133632885
0.874677338669335	1.98725213142814
0.881510755377689	1.94749595610788
0.888344172086043	1.87015164638512
0.895177588794397	1.77437868034207
0.902011005502751	1.67999403154616
0.908844422211106	1.60271844670748
0.91567783891946	1.54775389792083
0.922511255627814	1.51187363312072
0.929344672336168	1.48927549874052
0.936178089044522	1.4741097530954
0.943011505752877	1.45919835995874
0.949844922461231	1.43728289464837
0.956678339169585	1.40629581075711
0.963511755877939	1.37123949352881
0.970345172586293	1.33719954936102
0.977178589294647	1.30340075845968
0.984012006003002	1.26595109102903
0.990845422711356	1.2228312531493
0.99767883941971	1.1753509471052
1.00451225612806	1.12867423690502
1.01134567283642	1.09165688757369
1.01817908954477	1.07279630425397
1.02501250625313	1.07492086958916
1.03184592296148	1.09551155905179
1.03867933966984	1.13348768517776
1.04551275637819	1.19332239657263
1.05234617308654	1.28120779617338
1.0591795897949	1.39755897771339
1.06601300650325	1.53318671369048
1.07284642321161	1.67115919166241
1.07967983991996	1.7916371324893
1.08651325662831	1.87863247762164
1.09334667333667	1.92610923964026
1.10018009004502	1.93873319256559
1.10701350675338	1.92597135178036
1.11384692346173	1.89669245376924
1.12068034017009	1.85875425969523
1.12751375687844	1.81911581863926
1.13434717358679	1.78247200836641
1.14118059029515	1.75188471473287
1.1480140070035	1.73133959564418
1.15484742371186	1.72540944370419
1.16168084042021	1.73516106967657
1.16851425712856	1.75547732118503
1.17534767383692	1.77738752506007
1.18218109054527	1.79301891223159
1.18901450725363	1.79862974552405
1.19584792396198	1.79376812208763
1.20268134067034	1.77833788834849
1.20951475737869	1.75149279553085
1.21634817408704	1.7135232879006
1.2231815907954	1.66790316913724
1.23001500750375	1.62153099917715
1.23684842421211	1.58424215891341
1.24368184092046	1.56760559983441
1.25051525762881	1.58166441810565
1.25734867433717	1.63090248279837
1.26418209104552	1.7136028958066
1.27101550775388	1.82283279564688
1.27784892446223	1.94628929879961
1.28468234117059	2.06528073350525
1.29151575787894	2.15741356250737
1.29834917458729	2.20019095044124
1.30518259129565	2.17429107870343
1.312016008004	2.06757763604948
1.31884942471236	1.87882700161316
1.32568284142071	1.61979060786168
1.33251625812906	1.3073942709947
1.33934967483742	0.958657563759011
1.34618309154577	0.59060014407297
1.35301650825413	0.220241607643426
1.35984992496248	-0.135390733331204
1.36668334167084	-0.45922592590634
1.37351675837919	-0.736255324967081
1.38035017508754	-0.962348533648017
1.3871835917959	-1.13692378160798
1.39401700850425	-1.2598683742057
1.40085042521261	-1.33575116797206
1.40768384192096	-1.3725855500048
1.41451725862931	-1.38303003477747
1.42135067533767	-1.38128504370146
1.42818409204602	-1.37544698388447
1.43501750875438	-1.36686315088988
1.44185092546273	-1.35653192029509
1.44868434217109	-1.34528887485728
1.45551775887944	-1.33272408594398
1.46235117558779	-1.31829249716332
1.46918459229615	-1.30154171739462
1.4760180090045	-1.28201939509264
1.48285142571286	-1.25927314734389
1.48968484242121	-1.23285063193241
1.49651825912956	-1.20229945575065
1.50335167583792	-1.1671672889148
1.51018509254627	-1.12700174854658
1.51701850925463	-1.08161926691799
1.52385192596298	-1.03455332160136
1.53068534267134	-0.992050542329086
1.53751875937969	-0.960419273248532
1.54435217608804	-0.945967872859611
1.5511855927964	-0.954878917306778
1.55801900950475	-0.989362113047614
1.56485242621311	-1.04391386015219
1.57168584292146	-1.10822482786733
1.57851925962982	-1.1718987518976
1.58535267633817	-1.22980152987908
1.59218609304652	-1.28366830377972
1.59901950975488	-1.33986625710609
1.60585292646323	-1.40392503483155
1.61268634317159	-1.48053504614648
1.61951975987994	-1.57070790854
1.62635317658829	-1.66601392247511
1.63318659329665	-1.75526485585394
1.640020010005	-1.8273207014758
1.64685342671336	-1.87712027842871
1.65368684342171	-1.90565587526147
1.66052026013007	-1.91861304682508
1.66735367683842	-1.92192758207647
1.67418709354677	-1.92153532521351
1.68102051025513	-1.9233012636129
1.68785392696348	-1.93061683875193
1.69468734367184	-1.9436548380028
1.70152076038019	-1.96185949846757
1.70835417708854	-1.98461843951372
1.7151875937969	-2.0110309312503
1.72202101050525	-2.03539004457619
1.72885442721361	-2.04789527641889
1.73568784392196	-2.0429389376746
1.74252126063032	-2.02006359424829
1.74935467733867	-1.9792978339431
1.75618809404702	-1.92019124852738
1.76302151075538	-1.84330457680255
1.76985492746373	-1.75201854292736
1.77668834417209	-1.6530991839779
1.78352176088044	-1.55437615256612
1.79035517758879	-1.4617047703484
1.79718859429715	-1.3746619824561
1.8040220110055	-1.28967371583842
1.81085542771386	-1.20574428721235
1.81768884442221	-1.12341762891276
1.82452226113057	-1.04325969605892
1.83135567783892	-0.965836417109846
1.83818909454727	-0.891713773578364
1.84502251125563	-0.821457696653194
1.85185592796398	-0.755394467714808
1.85868934467234	-0.691947404149848
1.86552276138069	-0.628632533187677
1.87235617808904	-0.562962476447195
1.8791895947974	-0.492650666432896
1.88602301150575	-0.415771682243201
1.89285642821411	-0.330437891894818
1.89968984492246	-0.234761638855713
1.90652326163082	-0.126855257744143
1.91335667833917	-0.0048310979954791
1.92019009504752	0.133198423827009
1.92702351175588	0.287171846677918
1.93385692846423	0.449987445967839
1.94069034517259	0.612954357060519
1.94752376188094	0.767381747704977
1.95435717858929	0.904578766110284
1.96119059529765	1.01585458902609
1.968024012006	1.0925183443588
1.97485742871436	1.1266199546534
1.98169084542271	1.11920090679857
1.98852426213107	1.08223710504137
1.99535767883942	1.02955430520873
2.00219109554777	0.973123144803996
2.00902451225613	0.924670228486119
2.01585792896448	0.896561467160865
2.02269134567284	0.897717785614058
2.02952476238119	0.927654313738674
2.03635817908954	0.976015432649345
2.0431915957979	1.02778348966135
2.05002501250625	1.06901859313642
2.05685842921461	1.091566114373
2.06369184592296	1.09636065206422
2.07052526263132	1.0909222687034
2.07735867933967	1.08393347178897
2.08419209604802	1.08124434744003
2.09102551275638	1.08428989106237
2.09785892946473	1.09096649856546
2.10469234617309	1.0970546059094
2.11152576288144	1.09734172510418
2.11835917958979	1.08727095998228
2.12519259629815	1.06475306668195
2.1320260130065	1.03000626179264
2.13885942971486	0.983539780770552
2.14569284642321	0.925078990026965
2.15252626313157	0.854711175314967
2.15935967983992	0.774894185560534
2.16619309654827	0.691541447544918
2.17302651325663	0.612829027607214
2.17985992996498	0.546218000269845
2.18669334667334	0.495519525706704
2.19352676338169	0.460511144326994
2.20036018009005	0.439948256556635
2.2071935967984	0.432584316305002
2.21402701350675	0.437172772834743
2.22086043021511	0.452467081674786
2.22769384692346	0.477220674852108
2.23452726363182	0.510187008796352
2.24136068034017	0.550119519302817
2.24819409704852	0.595771656719172
2.25502751375688	0.645896874596191
2.26186093046523	0.699248615594774
2.26869434717359	0.754580334273088
2.27552776388194	0.810645461336871
2.2823611805903	0.866197454525625
2.28919459729865	0.919989755865409
2.296028014007	0.970775814667195
2.30286143071536	1.01730907838512
2.30969484742371	1.05834299257823
2.31652826413207	1.09263100863996
2.32336168084042	1.11892656498682
2.33019509754877	1.13598310982705
2.33702851425713	1.14255409310159
2.34386193096548	1.13739296045181
2.35069534767384	1.11925315508365
2.35752876438219	1.0868881371575
2.36436218109055	1.0390574158388
2.3711955977989	0.974638984415315
2.37802901450725	0.892987368046529
2.38486243121561	0.794206776463058
2.39169584792396	0.678611147459586
2.39852926463232	0.546064353480354
2.40536268134067	0.396969232703854
2.41219609804902	0.234666461500286
2.41902951475738	0.067205074630397
2.42586293146573	-0.0943426099696098
2.43269634817409	-0.239334980910392
2.43952976488244	-0.364293419707912
2.4463631815908	-0.470198309782609
2.45319659829915	-0.558097732913575
2.4600300150075	-0.629039792989641
2.46686343171586	-0.684072590471733
2.47369684842421	-0.724244211762322
2.48053026513257	-0.750602752422654
2.48736368184092	-0.76419630156166
2.49419709854927	-0.766072972055023
2.50103051525763	-0.75728084487859
2.50786393196598	-0.738868027278251
2.51469734867434	-0.711882604149101
2.52153076538269	-0.677372677609637
2.52836418209105	-0.636386334959459
2.5351975987994	-0.589971682514965
2.54203101550775	-0.539176804701586
2.54886443221611	-0.485049807868203
2.55569784892446	-0.42863877881743
2.56253126563282	-0.370991816103781
2.56936468234117	-0.313157016740749
2.57619809904952	-0.256182470621583
2.58303151575788	-0.201116286736308
2.58986493246623	-0.149006537941193
2.59669834917459	-0.100901339865982
2.60353176588294	-0.057833491884519
2.6103651825913	-0.0202733211368923
2.61719859929965	0.012021456477897
2.624032016008	0.0393389979871666
2.63086543271636	0.0619674672078294
2.63769884942471	0.0801950109187996
2.64453226613307	0.0943097890242619
2.65136568284142	0.104599953816303
2.65819909954977	0.111353660086596
2.66503251625813	0.114859066758451
2.67186593296648	0.115404324812283
2.67869934967484	0.113277591521142
2.68553276638319	0.108767020648383
2.69236618309155	0.102160767334216
2.6991995997999	0.0937469925828288
2.70603301650825	0.083813843335268
2.71286643321661	0.0726494761971396
2.71969984992496	0.0605420577967309
2.72653326663332	0.0477797246824909
2.73336668334167	0.034650636961804
2.74020010005003	0.0214782018865573
2.74703351675838	0.00896961742209776
2.75386693346673	-0.0019320471360355
2.76070035017509	-0.0102802548506589
2.76753376688344	-0.0151285064727115
2.7743671835918	-0.0155302783846935
2.78120060030015	-0.0105390493070683
2.7880340170085	0.00077699731937462
2.79486743371686	0.0184294925140799
2.80170085042521	0.0409811018133553
2.80853426713357	0.0668671770926718
2.81536768384192	0.0945230456562051
2.82220110055028	0.122384054132005
2.82903451725863	0.148885546962765
2.83586793396698	0.172462863827891
2.84270135067534	0.191551341619905
2.84953476738369	0.204586332013105
2.85636818409205	0.210003158888666
2.8632016008004	0.206237165367162
2.87003501750875	0.191682397692694
2.87686843421711	0.165645495771006
2.88370185092546	0.130760504242505
2.89053526763382	0.0914209441418174
2.89736868434217	0.0515448678078301
2.90420210105053	0.0151299121359592
2.91103551775888	-0.0146967048345931
2.91786893446723	-0.0374232279147025
2.92470235117559	-0.0530189056884335
2.93153576788394	-0.0604824066907809
2.9383691845923	-0.0597745858049826
2.94520260130065	-0.0511679316591663
2.952036018009	-0.0349349129270777
2.95886943471736	-0.0113479973155588
2.96570285142571	0.0193203356839845
2.97253626813407	0.0566455167358207
2.97936968484242	0.0994026892100195
2.98620310155078	0.146104676341657
2.99303651825913	0.195264151962733
2.99986993496748	0.245393803480876
3.00670335167584	0.295006298016438
3.01353676838419	0.342614319989087
3.02037018509255	0.386730542507061
3.0272036018009	0.425867647915875
3.03403701850925	0.45853830593425
3.04087043521761	0.483255201400212
3.04770385192596	0.498531006304502
3.05453726863432	0.502878397506648
3.06137068534267	0.494810054783586
3.06820410205103	0.472838660985409
3.07503751875938	0.435477220902513
3.08187093546773	0.381678540015254
3.08870435217609	0.313059600149703
3.09553776888444	0.235487020647032
3.1023711855928	0.15930421637615
3.10920460230115	0.0971869160576847
3.1160380190095	0.0611407198736368
3.12287143571786	0.0590579892655876
3.12970485242621	0.0927292155222463
3.13653826913457	0.159753404343261
3.14337168584292	0.256655262375264
3.15020510255128	0.380323882053749
3.15703851925963	0.525512176956617
3.16387193596798	0.681808549165823
3.17070535267634	0.836906274683039
3.17753876938469	0.981507025845492
3.18437218609305	1.10724383702898
3.1912056028014	1.2038934659928
3.19803901950976	1.26277107877606
3.20487243621811	1.28225997131144
3.21170585292646	1.27253559651222
3.21853926963482	1.25031834628641
3.22537268634317	1.23167306671421
3.23220610305153	1.22337202799726
3.23903951975988	1.22356920395064
3.24587293646823	1.22606182822667
3.25270635317659	1.22234250490698
3.25953976988494	1.20336713669512
3.2663731865933	1.16225382157414
3.27320660330165	1.09692612135709
3.28004002001001	1.01261851133444
3.28687343671836	0.920736150613908
3.29370685342671	0.831724895664494
3.30054027013507	0.747192618773573
3.30737368684342	0.660218075441122
3.31420710355178	0.564032831919682
3.32104052026013	0.459847240180608
3.32787393696848	0.356762495818498
3.33470735367684	0.264702309842994
3.34154077038519	0.189413514445196
3.34837418709355	0.133095424946193
3.3552076038019	0.0939671543293807
3.36204102051026	0.0692473606495121
3.36887443721861	0.0559860523485101
3.37570785392696	0.0512206683834363
3.38254127063532	0.0519886520748397
3.38937468734367	0.0553274379464985
3.39620810405203	0.0583100084680178
3.40304152076038	0.0593431701175292
3.40987493746873	0.0585394937489692
3.41670835417709	0.056122874987251
3.42354177088544	0.0523172081446615
3.4303751875938	0.0473463819322384
3.43720860430215	0.0414342951177936
3.44404202101051	0.0348048438620163
3.45087543771886	0.0276819221653233
3.45770885442721	0.0202894214556674
3.46454227113557	0.0128512433803654
3.47137568784392	0.00559126911845789
3.47820910455228	-0.00126659535953474
3.48504252126063	-0.0074984585005159
3.49187593796898	-0.0128804297956151
3.49870935467734	-0.0171886050443737
3.50554277138569	-0.0201991036792862
3.51237618809405	-0.0216880226933418
3.5192096048024	-0.0214314658323568
3.52604302151076	-0.0192055407075919
3.53287643821911	-0.0147863562583742
3.53970985492746	-0.00795001837207578
3.54654327163582	0.00152737285972129
3.55337668834417	0.0138697127064231
3.56021010505253	0.029300886096199
3.56704352176088	0.0480447970519945
3.57387693846923	0.0703253352181075
3.58071035517759	0.0963663954398564
3.58754377188594	0.126358151775547
3.5943771885943	0.160238199695554
3.60121060530265	0.197829588946419
3.60804402201101	0.238954807243566
3.61487743871936	0.283436344077993
3.62171085542771	0.331096685110979
3.62854427213607	0.381758315228319
3.63537768884442	0.435243721913916
3.64221110555278	0.491375392272333
3.64904452226113	0.549975814465565
3.65587793896948	0.610867472761583
3.66271135567784	0.673872850207028
3.66954477238619	0.738567029939449
3.67637818909455	0.803589868544149
3.6832116058029	0.86736027569231
3.69004502251126	0.92829717143218
3.69687843921961	0.984819467449865
3.70371185592796	1.0353460782798
3.71054527263632	1.0782959202753
3.71737868934467	1.11208790385314
3.72421210605303	1.13514095053077
3.73104552276138	1.14587396594333
3.73787893946974	1.14270586809445
3.74471235617809	1.12405557652133
3.75154577288644	1.08834199733228
3.7583791895948	1.0343489331589
3.76521260630315	0.963610149711226
3.77204602301151	0.878913118076838
3.77887943971986	0.783051699048854
3.78571285642821	0.678819742079034
3.79254627313657	0.569011100565992
3.79937968984492	0.456419634129657
3.80621310655328	0.34383918974951
3.81304652326163	0.234063627648369
3.81987993996999	0.129875131299028
3.82671335667834	0.0339444546331224
3.83354677338669	-0.050990576669686
3.84038019009505	-0.122048444797823
3.8472136068034	-0.176340447623513
3.85404702351176	-0.211214206990698
3.86088044022011	-0.225970295132076
3.86771385692846	-0.222145367396483
3.87454727363682	-0.202142256960813
3.88138069034517	-0.169543095453971
3.88821410705353	-0.128319979574276
3.89504752376188	-0.0800125939380492
3.90188094047024	-0.0232627242860537
3.90871435717859	0.0428649378950405
3.91554777388694	0.115207878363103
3.9223811905953	0.187535102649494
3.92921460730365	0.253521886801116
3.93604802401201	0.306888242696942
3.94288144072036	0.344162386059547
3.94971485742871	0.370431798571448
3.95654827413707	0.39240885858491
3.96338169084542	0.41616584888709
3.97021510755378	0.441050100004579
3.97704852426213	0.459660867991022
3.98388194097049	0.467042788529317
3.99071535767884	0.462807839481092
3.99754877438719	0.451187734166256
4.00438219109555	0.438931940488075
4.0112156078039	0.433581741570079
4.01804902451226	0.44276803522387
4.02488244122061	0.473399353549287
4.03171585792896	0.529403315857221
4.03854927463732	0.609756957867601
4.04538269134567	0.708324304773629
4.05221610805403	0.816710720443593
4.05904952476238	0.928936847760048
4.06588294147074	1.04212224225149
4.07271635817909	1.15367473363586
4.07954977488744	1.26100214913373
4.0863831915958	1.3616094188704
4.09321660830415	1.45479189064651
4.10005002501251	1.54053145317313
4.10688344172086	1.61456688216377
4.11371685842921	1.66822941012333
4.12055027513757	1.69313978015347
4.12738369184592	1.68703025058504
4.13421710855428	1.65525893332907
4.14105052526263	1.60682073424865
4.14788394197099	1.54927956957466
4.15471735867934	1.48804728121734
4.16155077538769	1.4288373815218
4.16838419209605	1.37934674612419
4.1752176088044	1.347746023352
4.18205102551276	1.33814618188177
4.18888444222111	1.34727020946184
4.19571785892946	1.3662499394044
4.20255127563782	1.38466447684804
4.20938469234617	1.39283006507574
4.21621810905453	1.38350620179094
4.22305152576288	1.35369172702998
4.22988494247124	1.30502204188116
4.23671835917959	1.24252843004765
4.24355177588794	1.17259061750693
4.2503851925963	1.1010231103366
4.25721860930465	1.03279511444804
4.26405202601301	0.971952447100534
4.27088544272136	0.919473279636625
4.27771885942972	0.874344938410932
4.28455227613807	0.835474851511533
4.29138569284642	0.801770443219704
4.29821910955478	0.772139140473586
4.30505252626313	0.745488367137344
4.31188594297149	0.720741349410772
4.31871935967984	0.697267264421713
4.32555277638819	0.674932568116469
4.33238619309655	0.65362983047013
4.3392196098049	0.633251614852858
4.34605302651326	0.613690485671054
4.35288644322161	0.594839010041687
4.35971985992996	0.576589752552315
4.36655327663832	0.558835279619159
4.37338669334667	0.541468150700313
4.38022011005503	0.52438093980362
4.38705352676338	0.507466206684231
4.39388694347174	0.490616518891198
4.40072036018009	0.473724440200568
4.40755377688844	0.45668253601461
4.4143871935968	0.439383037711368
4.42122061030515	0.421647765924705
4.42805402701351	0.403141492130251
4.43488744372186	0.383507738845866
4.44172086043022	0.362390055117073
4.44855427713857	0.339431963900069
4.45538769384692	0.314277000255282
4.46222111055528	0.286568697283466
4.46905452726363	0.255950587830765
4.47588794397199	0.222066207799874
4.48272136068034	0.184559085059811
4.48955477738869	0.143072755057009
4.49638819409705	0.0972585873026757
4.5032216108054	0.0474048099695604
4.51005502751376	-0.00510302787719427
4.51688844422211	-0.0587708277061698
4.52372186093047	-0.112104495145417
4.53055527763882	-0.16366317567609
4.53738869434717	-0.212620316859752
4.54422211105553	-0.258543413170329
4.55105552776388	-0.301006421593001
4.55788894447224	-0.339583302754671
4.56472236118059	-0.373848015977201
4.57155577788894	-0.403374524229852
4.5783891945973	-0.427736777651184
4.58522261130565	-0.446508746588435
4.59205602801401	-0.459264382207117
4.59888944472236	-0.465577650425362
4.60572286143072	-0.465022505043085
4.61255627813907	-0.457172911815
4.61938969484742	-0.441602823033146
4.62622311155578	-0.417886204133173
4.63305652826413	-0.38559701219484
4.63988994497249	-0.344309206729559
4.64672336168084	-0.293596745432533
4.65355677838919	-0.23303359234999
4.66039019509755	-0.16219370055576
4.6672236118059	-0.0806510362379683
4.67405702851426	0.0120204440559454
4.68089044522261	0.116246782247086
4.68772386193097	0.232454015636428
4.69455727863932	0.361068187402663
4.70139069534767	0.502515337617443
4.70822411205603	0.657156114252614
4.71505752876438	0.822132859659195
4.72189094547274	0.989967533507621
4.72872436218109	1.1528247444595
4.73555777888944	1.30286910922647
4.7423911955978	1.4322187729634
4.74922461230615	1.53266441182194
4.75605802901451	1.59857424151216
4.76289144572286	1.6302381925792
4.76972486243122	1.63135604993395
4.77655827913957	1.60602022428409
4.78339169584792	1.55832314152658
4.79022511255628	1.49244502667166
4.79705852926463	1.41415190852417
4.80389194597299	1.33077242591173
4.81072536268134	1.24720666072549
4.8175587793897	1.16429154973492
4.82439219609805	1.08278433575435
4.8312256128064	1.0081648272568
4.83805902951476	0.94953638587405
4.84489244622311	0.914392755343982
4.85172586293147	0.904837251911756
4.85855927963982	0.917542550950347
4.86539269634817	0.945966568328271
4.87222611305653	0.982583591740455
4.87905952976488	1.02106588018353
4.88589294647324	1.05817069317772
4.89272636318159	1.09332154984573
4.89955977988994	1.12601669209895
4.9063931965983	1.1541573311471
4.91322661330665	1.17427001960415
4.92006003001501	1.1831580899141
4.92689344672336	1.18037648747362
4.93372686343172	1.1685195077434
4.94056028014007	1.14995581336455
4.94739369684843	1.1247436956777
4.95422711355678	1.09302456641428
4.96106053026513	1.0584852860112
4.96789394697349	1.02815435963251
4.97472736368184	1.00897845436856
4.9815607803902	1.00478354522697
4.98839419709855	1.01498711124538
4.9952276138069	1.03482996829052
5.00206103051526	1.05778906440516
5.00889444722361	1.07931789780031
5.01572786393197	1.09825418112313
5.02256128064032	1.11463213770086
5.02939469734867	1.12748324043096
5.03622811405703	1.13510032234803
5.04306153076538	1.1356388278605
5.04989494747374	1.12631566278306
5.05672836418209	1.10331511334482
5.06356178089045	1.06309348350751
5.0703951975988	1.00499946409016
5.07722861430715	0.931716610385513
5.08406203101551	0.847677738718808
5.09089544772386	0.757434020077443
5.09772886443222	0.664916556102815
5.10456228114057	0.573235483514065
5.11139569784893	0.484520734231018
5.11822911455728	0.399946573709214
5.12506253126563	0.321876605173775
5.13189594797399	0.255731714076485
5.13872936468234	0.209181215952958
5.1455627813907	0.189308576801813
5.15239619809905	0.199809331217648
5.1592296148074	0.23905692554764
5.16606303151576	0.29986304957013
5.17289644822411	0.372668375488231
5.17972986493247	0.449488468220337
5.18656328164082	0.526910505977568
5.19339669834917	0.604498488619887
5.20023011505753	0.68199552838034
5.20706353176588	0.759293717357274
5.21389694847424	0.836080819238877
5.22073036518259	0.911006969131222
5.22756378189095	0.981431799221062
5.2343971985993	1.04308283594924
5.24123061530765	1.08983991327457
5.24806403201601	1.11506294757989
5.25489744872436	1.11485339786283
5.26173086543272	1.09037359564389
5.26856428214107	1.04618439235724
5.27539769884943	0.986633720942746
5.28223111555778	0.912702189186045
5.28906453226613	0.823133203571459
5.29589794897449	0.718634370109498
5.30273136568284	0.60346750685694
5.3095647823912	0.484290091491917
5.31639819909955	0.366855398068235
5.3232316158079	0.25240204703676
5.33006503251626	0.138570894856528
5.33689844922461	0.0261635640057214
5.34373186593297	-0.0750379685165798
5.35056528264132	-0.151112680193783
5.35739869934967	-0.192089616090514
5.36423211605803	-0.195602905349063
5.37106553276638	-0.160105111106187
5.37789894947474	-0.0840487758739699
5.38473236618309	0.0311276473447118
5.39156578289145	0.169801034337826
5.3983991995998	0.307628709501246
5.40523261630815	0.423538303937177
5.41206603301651	0.509620646437091
5.41889944972486	0.570349889623904
5.42573286643322	0.616228104189944
5.43256628314157	0.658473962406162
5.43939969984993	0.707333628031747
5.44623311655828	0.771150195997233
5.45306653326663	0.853129466098232
5.45989994997499	0.947962849134265
5.46673336668334	1.04312339887982
5.4735667833917	1.12443329832429
5.48040020010005	1.18198209832036
5.4872336168084	1.21262884052379
5.49406703351676	1.21860771312457
5.50090045022511	1.20416115227779
5.50773386693347	1.17359292765555
5.51456728364182	1.13216506071646
5.52140070035018	1.08616303438934
5.52823411705853	1.03895001798005
5.53506753376688	0.987842779799261
5.54190095047524	0.927967440531348
5.54873436718359	0.859348755496432
5.55556778389195	0.787851282705607
5.5624012006003	0.719604459944503
5.56923461730865	0.657116157402815
5.57606803401701	0.602141343684856
5.58290145072536	0.560611499685592
5.58973486743372	0.542389774788926
5.59656828414207	0.555728830041488
5.60340170085043	0.599406019576866
5.61023511755878	0.662488097741649
5.61706853426713	0.730964425478721
5.62390195097549	0.794553664481334
5.63073536768384	0.851532882025656
5.6375687843922	0.907501967992838
5.64440220110055	0.965936539986306
5.6512356178089	1.02151656728559
5.65806903451726	1.06403893177666
5.66490245122561	1.08381330624939
5.67173586793397	1.07344206115319
5.67856928464232	1.03119007763894
5.68540270135068	0.963904332144456
5.69223611805903	0.883447834536364
5.69906953476738	0.80127011568458
5.70590295147574	0.726445205403955
5.71273636818409	0.664391631711212
5.71956978489245	0.615209489782625
5.7264032016008	0.57482542506282
5.73323661830915	0.538478420959221
5.74007003501751	0.504553789915741
5.74690345172586	0.477049817801447
5.75373686843422	0.464069089104368
5.76057028514257	0.472978709439445
5.76740370185093	0.506534351960354
5.77423711855928	0.563545613290032
5.78107053526763	0.641163283005073
5.78790395197599	0.73504914137954
5.79473736868434	0.839074939713775
5.8015707853927	0.946832066485504
5.80840420210105	1.05398773012794
5.8152376188094	1.15895507858988
5.82207103551776	1.25920399088106
5.82890445222611	1.34558573990593
5.83573786893447	1.40341891202389
5.84257128564282	1.42002810632625
5.84940470235118	1.39361735573106
5.85623811905953	1.33410904893044
5.86307153576788	1.25400244499411
5.86990495247624	1.16306318851476
5.87673836918459	1.06981576024927
5.88357178589295	0.984312479847331
5.8904052026013	0.916794271570911
5.89723861930966	0.872583715591018
5.90407203601801	0.849336099794254
5.91090545272636	0.839799044670117
5.91773886943472	0.834769905101628
5.92457228614307	0.83027043501659
5.93140570285143	0.829167857012122
5.93823911955978	0.836719557514686
5.94507253626813	0.855783294700223
5.95190595297649	0.885639673698519
5.95873936968484	0.922000558054197
5.9655727863932	0.956707060747314
5.97240620310155	0.978946603382985
5.97923961980991	0.980584199108308
5.98607303651826	0.961372265566735
5.99290645322661	0.929100306374892
5.99973986993497	0.894258651742174
6.00657328664332	0.864575056397745
6.01340670335168	0.843245863265298
6.02024012006003	0.828699887607971
6.02707353676838	0.814732586632434
6.03390695347674	0.794754078466714
6.04074037018509	0.768056873552148
6.04757378689345	0.739844139466866
6.0544072036018	0.71627799861265
6.06124062031016	0.702688960232127
6.06807403701851	0.704153140950653
6.07490745372686	0.723962478408089
6.08174087043522	0.762544606600276
6.08857428714357	0.818985840935167
6.09540770385193	0.891983847506473
6.10224112056028	0.978882419866315
6.10907453726863	1.07551529494315
6.11590795397699	1.17719217813073
6.12274137068534	1.2784372156891
6.1295747873937	1.37181380186725
6.13640820410205	1.44874627460977
6.14324162081041	1.50228665349038
6.15007503751876	1.52817310125449
6.15690845422711	1.52300517431165
6.16374187093547	1.48312674662993
6.17057528764382	1.40669544401302
6.17740870435218	1.29659322439999
6.18424212106053	1.16100311312268
6.19107553776889	1.01173245776414
6.19790895447724	0.863326143787208
6.20474237118559	0.733546911231634
6.21157578789395	0.640682660844538
6.2184092046023	0.595113513291703
6.22524262131066	0.591830481147668
6.23207603801901	0.611904993393311
6.23890945472736	0.631679161766291
6.24574287143572	0.634959962757206
6.25257628814407	0.620462478507334
6.25940970485243	0.594042981225447
6.26624312156078	0.55978710296154
6.27307653826913	0.520490071999856
6.27990995497749	0.478908310725815
6.28674337168584	0.436755129286132
6.2935767883942	0.394238031416061
6.30041020510255	0.351447145452358
6.30724362181091	0.308472594901827
6.31407703851926	0.265404515465242
6.32091045522761	0.222333028158437
6.32774387193597	0.179348272591625
6.33457728864432	0.136540372245891
6.34141070535268	0.0939994568426295
6.34824412206103	0.0518156546014464
6.35507753876939	0.0100790985368134
6.36191095547774	-0.0311200846007071
6.36874437218609	-0.0716917719059781
6.37557778889445	-0.111545821202942
6.3824112056028	-0.150592118391159
6.38924462231116	-0.188740520470041
6.39607803901951	-0.225900876805346
6.40291145572786	-0.261950307655206
6.40974487243622	-0.296670252537262
6.41657828914457	-0.329824782053203
6.42341170585293	-0.361177963564895
6.43024512256128	-0.390493861178652
6.43707853926963	-0.417536537398398
6.44391195597799	-0.442070049674251
6.45074537268634	-0.463858470149556
6.4575787893947	-0.482665861178942
6.46441220610305	-0.498256284609913
6.47124562281141	-0.510393812896149
6.47807903951976	-0.518842497817471
6.48491245622811	-0.523178293465603
6.49174587293647	-0.522020480270117
6.49857928964482	-0.513684962852339
6.50541270635318	-0.496487521199031
6.51224612306153	-0.468743943342941
6.51907953976989	-0.428770006584268
6.52591295647824	-0.374881507210034
6.53274637318659	-0.305394222704724
6.53957978989495	-0.219388016764498
6.5464132066033	-0.118849404402277
6.55324662331166	-0.00645599207357967
6.56008004002001	0.11511464809875
6.56691345672836	0.243184903181652
6.57374687343672	0.37507718649727
6.58058029014507	0.508113904373256
6.58741370685343	0.639617465764882
6.59424712356178	0.766910274515429
6.60108054027013	0.887314730406211
6.60791395697849	0.998153246203869
6.61474737368684	1.09674823605099
6.6215807903952	1.18042208555687
6.62841420710355	1.2464972237099
6.63524762381191	1.29229604405703
6.64208104052026	1.31514095063998
6.64891445722861	1.31235435679365
6.65574787393697	1.28150895556438
6.66258129064532	1.22538244140152
6.66941470735368	1.15386759018984
6.67624812406203	1.07786228892576
6.68308154077039	1.00658680070634
6.68991495747874	0.948228921728754
6.69674837418709	0.909095699701353
6.70358179089545	0.891940164414228
6.7104152076038	0.893522478027445
6.71724862431216	0.904396203629444
6.72408204102051	0.912223846616007
6.73091545772886	0.906918032071624
6.73774887443722	0.884796672403865
6.74458229114557	0.84754564505485
6.75141570785393	0.797470649633001
6.75824912456228	0.736877355700746
6.76508254127064	0.668071467865649
6.77191595797899	0.593358659801888
6.77874937468734	0.51504462409837
6.7855827913957	0.435435045598762
6.79241620810405	0.356835622657369
6.79924962481241	0.28155202941114
6.80608304152076	0.211889956349688
6.81291645822911	0.150155106823397
6.81974987493747	0.0986531400315492
6.82658329164582	0.0588776233876597
6.83341670835418	0.0291031397605551
6.84025012506253	0.00696677418119876
6.84708354177089	-0.00929304862005263
6.85391695847924	-0.0207731690453022
6.8607503751876	-0.0266647181201149
6.86758379189595	-0.0259916188802814
6.8744172086043	-0.0186949082181475
6.88125062531266	-0.00435855783049005
6.88808404202101	0.0192723467316987
6.89491745872936	0.0549345805924672
6.90175087543772	0.105547420341402
6.90858429214607	0.17105330729655
6.91541770885443	0.247654066996863
6.92225112556278	0.327587962364428
6.92908454227114	0.402184811217621
6.93591795897949	0.463703836986273
6.94275137568784	0.507542071185951
6.9495847923962	0.5319768490281
6.95641820910455	0.53853269199343
6.96325162581291	0.529585666239331
6.97008504252126	0.508061797171731
6.97691845922962	0.478234078503837
6.98375187593797	0.446165754186949
6.99058529264632	0.420139312329896
6.99741870935468	0.407535418395817
7.00425212606303	0.41267541354512
7.01108554277139	0.436747303822658
7.01791895947974	0.478274299624474
7.02475237618809	0.534203151752117
7.03158579289645	0.601937731903935
7.0384192096048	0.679819735257793
7.04525262631316	0.764628737274697
7.05208604302151	0.848889416844816
7.05891945972987	0.921198094905543
7.06575287643822	0.969254964317953
7.07258629314657	0.983154941086825
7.07941970985493	0.957315049424066
7.08625312656328	0.891470351496511
7.09308654327164	0.791084395990809
7.09991995997999	0.666386598908268
7.10675337668834	0.529808023483806
7.1135867933967	0.393009905327628
7.12042021010505	0.265466955934106
7.12725362681341	0.154190008886845
7.13408704352176	0.0623530419469009
7.14092046023012	-0.0108640230479801
7.14775387693847	-0.066695015848117
7.15458729364682	-0.10637380716546
7.16142071035518	-0.131134248721034
7.16825412706353	-0.142210197204512
7.17508754377189	-0.140835506959997
7.18192096048024	-0.128244035556083
7.18875437718859	-0.105669653469898
7.19558779389695	-0.0743461838115233
7.2024212106053	-0.0355075196545481
7.20925462731366	0.00961249487857595
7.21608804402201	0.0597800218547897
7.22292146073037	0.113761176955773
7.22975487743872	0.170322120820157
7.23658829414707	0.228229003585517
7.24342171085543	0.286247938699112
7.25025512756378	0.343145100516663
7.25708854427214	0.397686610350277
7.26392196098049	0.448638632116996
7.27075537768884	0.494767290931246
7.2775887943972	0.5348387413344
7.28442221110555	0.567619116977379
7.29125562781391	0.591874580965563
7.29808904452226	0.606371252769722
7.30492246123062	0.609875296748162
7.31175587793897	0.601152841825095
7.31858929464732	0.578970031949547
7.32542271135568	0.54248576228645
7.33225612806403	0.494289846770801
7.33908954477239	0.441177267638529
7.34592296148074	0.39195914896434
7.35275637818909	0.35477446945454
7.35958979489745	0.334678473899919
7.3664232116058	0.332099714902313
7.37325662831416	0.342320816150197
7.38009004502251	0.356746871295827
7.38692346173087	0.367472397607554
7.39375687843922	0.373446646138739
7.40059029514757	0.382928688990506
7.40742371185593	0.405763339950783
7.41425712856428	0.44178310616787
7.42109054527264	0.478432575430601
7.42792396198099	0.498277744576011
7.43475737868935	0.489692455597128
7.4415907953977	0.454279641621719
7.44842421210605	0.401326273236147
7.45525762881441	0.340616705966765
7.46209104552276	0.280145166014732
7.46892446223112	0.222390977333639
7.47575787893947	0.168774811622224
7.48259129564782	0.120717341236405
7.48942471235618	0.0796400405862617
7.49625812906453	0.0470879153652722
7.50309154577289	0.0248652050949924
7.50992496248124	0.0148088332918007
7.51675837918959	0.0187556797570882
7.52359179589795	0.0385426720819326
7.5304252126063	0.075941013240004
7.53725862931466	0.131286183064412
7.54409204602301	0.20252178363144
7.55092546273137	0.287214182867578
7.55775887943972	0.380515965626835
7.56459229614807	0.473227179597856
7.57142571285643	0.555691627870855
7.57825912956478	0.618253082259903
7.58509254627314	0.651255342439256
7.59192596298149	0.645762111590438
7.59875937968985	0.600066509647974
7.6055927963982	0.524161788415214
7.61242621310655	0.432522620066741
7.61925962981491	0.339733369921755
7.62609304652326	0.260377869450364
7.63292646323162	0.207178205019559
7.63975987993997	0.183769038180863
7.64659329664832	0.186064925600641
7.65342671335668	0.208895123375065
7.66026013006503	0.248232119356739
7.66709354677339	0.300131407373337
7.67392696348174	0.360726345961285
7.68076038019009	0.428169722056104
7.68759379689845	0.504263258257077
7.6944272136068	0.592866775525555
7.70126063031516	0.698758561644901
7.70809404702351	0.824842083409734
7.71492746373187	0.968240662499098
7.72176088044022	1.12007967080088
7.72859429714857	1.26999812993721
7.73542771385693	1.41052277841911
7.74226113056528	1.53739860614617
7.74909454727364	1.64790703798723
7.75592796398199	1.73925077809233
7.76276138069035	1.80773247328342
7.7695947973987	1.84937638500938
7.77642821410705	1.86180337855755
7.78326163081541	1.84566819512375
7.79009504752376	1.80414197502062
7.79692846423212	1.74123913162978
7.80376188094047	1.66138396511291
7.81059529764883	1.57028122012683
7.81742871435718	1.47483333756717
7.82426213106553	1.38227396333808
7.83109554777389	1.3004407232896
7.83792896448224	1.23758103016352
7.84476238119059	1.20269312220945
7.85159579789895	1.20473271273341
7.8584292146073	1.24996457613076
7.86526263131566	1.33854884202492
7.87209604802401	1.46267108986073
7.87892946473237	1.60707146529784
7.88576288144072	1.75190811129869
7.89259629814908	1.87855348447534
7.89942971485743	1.97544167866593
7.90626313156578	2.04094964816923
7.91309654827414	2.07762849700338
7.91992996498249	2.08809191595195
7.92676338169085	2.07495355046476
7.9335967983992	2.04082708255517
7.94043021510755	1.98832617996075
7.94726363181591	1.92006450764193
7.95409704852426	1.83865574891174
7.96093046523262	1.74671356242033
7.96776388194097	1.64685162957626
7.97459729864932	1.54168358954769
7.98143071535768	1.43382314127125
7.98826413206603	1.32588394774822
7.99509754877439	1.22047968782356
8.00193096548274	1.1202239984313
8.0087643821911	1.02773059253335
8.01559779889945	0.945613103462409
8.0224312156078	0.876485210318482
8.02926463231616	0.822960619357844
8.03609804902451	0.787652948649676
8.04293146573287	0.773175884819275
8.04976488244122	0.782143108434807
8.05659829914958	0.817168285631831
8.06343171585793	0.880865076701081
8.07026513256628	0.97584715712798
8.07709854927464	1.10472083633461
8.08393196598299	1.2646740125352
8.09076538269135	1.43789567183717
8.0975987993997	1.60485158093937
8.10443221610806	1.75012486526599
8.11126563281641	1.86488656006516
8.11809904952476	1.94463952751168
8.12493246623312	1.98633635298613
8.13176588294147	1.98883781602034
8.13859929964982	1.95340819695995
8.14543271635818	1.88518793824306
8.15226613306653	1.79430650240194
8.15909954977489	1.69420332306543
8.16593296648324	1.59611368364948
8.1727663831916	1.50463436530537
8.17959979989995	1.41928876927061
8.1864332166083	1.33903382451657
8.19326663331666	1.26376208338055
8.20010005002501	1.19290160691679
8.20693346673337	1.12525756712128
8.21376688344172	1.0595354524665
8.22060030015007	0.992822966987212
8.22743371685843	0.920325170722766
8.23426713356678	0.840076630054731
8.24110055027514	0.757762541141456
8.24793396698349	0.684144349754553
8.25476738369185	0.629433796080709
8.2616008004002	0.599410043465767
8.26843421710856	0.593763572961507
8.27526763381691	0.607785150568222
8.28210105052526	0.634693344643358
8.28893446723362	0.668522420306257
8.29576788394197	0.70633582109778
8.30260130065033	0.74649041374269
8.30943471735868	0.78736321950994
8.31626813406703	0.827331266075772
8.32310155077539	0.86514434620659
8.32993496748374	0.900894132764415
8.3367683841921	0.934040201926817
8.34360180090045	0.962429864981181
8.3504352176088	0.982877030903528
8.35726863431716	0.992039364527414
8.36410205102551	0.987856033758537
8.37093546773387	0.970612382914484
8.37776888444222	0.944392171621698
8.38460230115058	0.914572233116394
8.39143571785893	0.886139841522765
8.39826913456728	0.862115975952384
8.40510255127564	0.844024658203759
8.41193596798399	0.83241938389842
8.41876938469235	0.827449185275169
8.4256028014007	0.830348670426078
8.43243621810906	0.843734698168338
8.43926963481741	0.871173008203522
8.44610305152576	0.914673033988345
8.45293646823412	0.9734204070453
8.45976988494247	1.04358763163335
8.46660330165083	1.11921458583238
8.47343671835918	1.19389362009258
8.48027013506753	1.26204740480951
8.48710355177589	1.32053962281424
8.49393696848424	1.36987374488931
8.5007703851926	1.41347962934529
8.50760380190095	1.4568448797092
8.51443721860931	1.50577158557517
8.52127063531766	1.56480340963621
8.52810405202601	1.63572879040985
8.53493746873437	1.7160584198331
8.54177088544272	1.80095655559111
8.54860430215108	1.88441999422421
8.55543771885943	1.95971264097499
8.56227113556779	2.0188244137472
8.56910455227614	2.05246861530465
8.57593796898449	2.05355078354404
8.58277138569285	2.01857772587582
8.5896048024012	1.94868342601587
8.59643821910956	1.84902228426228
8.60327163581791	1.72709692479594
8.61010505252626	1.59129641155309
8.61693846923462	1.44756103592218
8.62377188594297	1.29966095617973
8.63060530265133	1.14930085701132
8.63743871935968	0.997204244897788
8.64427213606803	0.841568258837378
8.65110555277639	0.67727291850995
8.65793896948474	0.495554540248931
8.6647723861931	0.287906680256843
8.67160580290145	0.0492687426744157
8.67843921960981	-0.21834572412051
8.68527263631816	-0.504979985298112
8.69210605302651	-0.795624014387254
8.69893946973487	-1.07515681075845
8.70577288644322	-1.3284573645951
8.71260630315158	-1.54040939134306
8.71943971985993	-1.69831105629554
8.72627313656828	-1.79873196667395
8.73310655327664	-1.8448347804211
8.73993996998499	-1.84097949185837
8.74677338669335	-1.79407248299412
8.7536068034017	-1.71033297606097
8.76044022011006	-1.59444019748699
8.76727363681841	-1.45152241174685
8.77410705352676	-1.29096363654003
8.78094047023512	-1.12477661269042
8.78777388694347	-0.965093220537592
8.79460730365183	-0.822550542560772
8.80144072036018	-0.70344277921555
8.80827413706854	-0.611974062070811
8.81510755377689	-0.551854159439915
8.82194097048524	-0.524960555087354
8.8287743871936	-0.530812364428319
8.83560780390195	-0.568179579767808
8.84244122061031	-0.634969697905704
8.84927463731866	-0.724843506652092
8.85610805402701	-0.830149782874353
8.86294147073537	-0.943607431353814
8.86977488744372	-1.05954890257956
8.87660830415208	-1.17615728217254
8.88344172086043	-1.29540061726103
8.89027513756879	-1.41767042664918
8.89710855427714	-1.53906411529772
8.90394197098549	-1.65496124257285
8.91077538769385	-1.76074132844265
8.9176088044022	-1.85178397616292
8.92444222111055	-1.92346869102258
8.93127563781891	-1.97112445316441
8.93810905452726	-1.9895989680877
8.94494247123562	-1.97496784404359
8.95177588794397	-1.92471952579805
8.95860930465233	-1.83639277231514
8.96544272136068	-1.70862540298659
8.97227613806903	-1.5454587207802
8.97910955477739	-1.35259203941372
8.98594297148574	-1.13572500803322
8.9927763881941	-0.900837183135675
8.99960980490245	-0.656736371586152
9.00644322161081	-0.414612156348231
9.01327663831916	-0.186449975706979
9.02011005502751	0.0181754208523117
9.02694347173587	0.192971983197612
9.03377688844422	0.334543367284964
9.04061030515258	0.442532267756802
9.04744372186093	0.519586124659467
9.05427713856928	0.569178820829121
9.06111055527764	0.593663748318628
9.06794397198599	0.593538241094431
9.07477738869435	0.569305696284773
9.0816108054027	0.521831537175454
9.08844422211106	0.451958870792024
9.09527763881941	0.360614220998049
9.10211105552776	0.250767316380164
9.10894447223612	0.128071635222214
9.11577788894447	-0.00142543499729716
9.12261130565283	-0.133610265470924
9.12944472236118	-0.26463621116433
9.13627813906954	-0.390656632962445
9.14311155577789	-0.507824864617846
9.14994497248624	-0.612294276357852
9.1567783891946	-0.700234903873133
9.16361180590295	-0.76971144865691
9.17044522261131	-0.822400756622756
9.17727863931966	-0.8603854478439
9.18411205602801	-0.885748149936602
9.19094547273637	-0.900571489779078
9.19777888944472	-0.906938101641537
9.20461230615308	-0.907319123217467
9.21144572286143	-0.907180164357638
9.21827913956979	-0.911534882781172
9.22511255627814	-0.92315897070757
9.23194597298649	-0.939836102435889
9.23877938969485	-0.958102770392978
9.2456128064032	-0.976368444515415
9.25244622311155	-0.993214574785724
9.25927963981991	-1.00659450687963
9.26611305652826	-1.01316093919095
9.27294647323662	-1.0094051888318
9.27977988994497	-0.991818583369709
9.28661330665333	-0.956892460905496
9.29344672336168	-0.902497205706025
9.30028014007004	-0.831902434228764
9.30711355677839	-0.749698998109419
9.31394697348674	-0.660597685234599
9.3207803901951	-0.571851821704229
9.32761380690345	-0.492960914178041
9.33444722361181	-0.431121257313316
9.34128064032016	-0.389087958504023
9.34811405702852	-0.365876640123547
9.35494747373687	-0.358959744254855
9.36178089044522	-0.364219671548403
9.36861430715358	-0.370922897584697
9.37544772386193	-0.365474400286018
9.38228114057029	-0.338771319969176
9.38911455727864	-0.288750104705328
9.39594797398699	-0.217428674813491
9.40278139069535	-0.127686172577143
9.4096148074037	-0.0239765197782258
9.41644822411206	0.0846676146934672
9.42328164082041	0.184698290075135
9.43011505752876	0.263010866584735
9.43694847423712	0.313084654750753
9.44378189094547	0.337718203421886
9.45061530765383	0.346691507425024
9.45744872436218	0.351092287141757
9.46428214107054	0.358774851703356
9.47111555777889	0.372739548006768
9.47794897448724	0.390938098259907
9.4847823911956	0.407085543344411
9.49161580790395	0.413370497031497
9.49844922461231	0.404039382291831
9.50528264132066	0.377891233863889
9.51211605802902	0.338863012603827
9.51894947473737	0.294050715045339
9.52578289144572	0.249383467268607
9.53261630815408	0.205943809065607
9.53944972486243	0.160492675109593
9.54628314157079	0.109581117751528
9.55311655827914	0.0529863563849788
9.55994997498749	-0.00588423243952871
9.56678339169585	-0.0623651169157249
9.5736168084042	-0.113438805945652
9.58045022511256	-0.158505986298999
9.58728364182091	-0.197556075220812
9.59411705852927	-0.230176808645725
9.60095047523762	-0.258489961458097
9.60778389194597	-0.290358603691494
9.61461730865433	-0.337426612568583
9.62145072536268	-0.409291781542778
9.62828414207104	-0.509557509603831
9.63511755877939	-0.635665797061638
9.64195097548775	-0.779892395292585
9.6487843921961	-0.931334238772508
9.65561780890445	-1.07733286199188
9.66245122561281	-1.20579123495175
9.66928464232116	-1.30717246102315
9.67611805902952	-1.37605020695216
9.68295147573787	-1.41011084525324
9.68978489244622	-1.40844028066471
9.69661830915458	-1.37100978095812
9.70345172586293	-1.30089817894846
9.71028514257129	-1.20505891246057
9.71711855927964	-1.09109670799028
9.72395197598799	-0.9666162517797
9.73078539269635	-0.83924116543283
9.7376188094047	-0.717209438371098
9.74445222611306	-0.609551354549181
9.75128564282141	-0.522924120717908
9.75811905952976	-0.455789013466497
9.76495247623812	-0.398437938031468
9.77178589294647	-0.340828440805117
9.77861930965483	-0.278414124965048
9.78545272636318	-0.212336174352398
9.79228614307154	-0.149292509451868
9.79911955977989	-0.102291623787187
9.80595297648824	-0.0863777341816912
9.8127863931966	-0.108947608613467
9.81961980990495	-0.166905382690582
9.82645322661331	-0.246870111503219
9.83328664332166	-0.327231207504963
9.84012006003002	-0.384563277737913
9.84695347673837	-0.396079472398323
9.85378689344672	-0.356347884034468
9.86062031015508	-0.285699569550062
9.86745372686343	-0.208504917431776
9.87428714357179	-0.143486412460792
9.88112056028014	-0.0967437029963066
9.88795397698849	-0.0650730106586556
9.89478739369685	-0.0442744232054987
9.9016208104052	-0.0324352167127219
9.90845422711356	-0.0279967617075652
9.91528764382191	-0.0291774124324048
9.92212106053027	-0.0352592343266415
9.92895447723862	-0.0483107693216266
9.93578789394697	-0.0718738579824736
9.94262131065533	-0.107404524369243
9.94945472736368	-0.152588074462702
9.95628814407204	-0.202634322524321
9.96312156078039	-0.253307440202321
9.96995497748875	-0.302978639016835
9.9767883941971	-0.351768639259546
9.98362181090545	-0.399961480954889
9.99045522761381	-0.446806943271361
9.99728864432216	-0.490260254286623
10.0041220610305	-0.528501175848007
10.0109554777389	-0.562113571412755
10.0177888944472	-0.596461260599265
10.0246223111556	-0.640930930623068
10.0314557278639	-0.703224668579049
10.0382891445723	-0.783164770729708
10.0451225612806	-0.874561901049786
10.051955977989	-0.971019359022581
10.0587893946973	-1.06614040694892
10.0656228114057	-1.15354781426596
10.0724562281141	-1.22816211096908
10.0792896448224	-1.28699603100476
10.0861230615308	-1.32725182997113
10.0929564782391	-1.34613186926907
10.0997898949475	-1.34083851841745
10.1066233116558	-1.30857410198078
10.1134567283642	-1.24654095441911
10.1202901450725	-1.15234581274671
10.1271235617809	-1.02944063517894
10.1339569784892	-0.885674068412784
10.1407903951976	-0.729002005369793
10.147623811906	-0.567380399746406
10.1544572286143	-0.408731932289416
10.1612906453227	-0.260066123589126
10.168124062031	-0.127598434110296
10.1749574787394	-0.0181023054608388
10.1817908954477	0.063320510876143
10.1886243121561	0.115721207721921
10.1954577288644	0.141609966471452
10.2022911455728	0.144064622474081
10.2091245622811	0.126536399425644
10.2159579789895	0.0964508372488523
10.2227913956979	0.0646942810160978
10.2296248124062	0.0397913086817665
10.2364582291146	0.0245446799270804
10.2432916458229	0.0158715483685208
10.2501250625313	0.00753455653061338
10.2569584792396	-0.00556068502767389
10.263791895948	-0.0256438879418294
10.2706253126563	-0.0547328757141343
10.2774587293647	-0.0964877833079998
10.284292146073	-0.152803043126566
10.2911255627814	-0.220089978876232
10.2979589794897	-0.292136505752636
10.3047923961981	-0.367015471162025
10.3116258129065	-0.45023073098856
10.3184592296148	-0.549733552865354
10.3252926463232	-0.666670096143149
10.3321260630315	-0.791231138171341
10.3389594797399	-0.909742848972634
10.3457928964482	-1.00918746033657
10.3526263131566	-1.0792900272292
10.3594597298649	-1.11815018386862
10.3662931465733	-1.13279134838497
10.3731265632816	-1.13084039591628
10.37995997999	-1.11675335557281
10.3867933966983	-1.0945529836189
10.3936268134067	-1.0682635806738
10.4004602301151	-1.04193350383767
10.4072936468234	-1.0196294055672
10.4141270635318	-1.00541832087098
10.4209604802401	-1.00336299619097
10.4277938969485	-1.01589796517627
10.4346273136568	-1.04138502952764
10.4414607303652	-1.07755951212462
10.4482941470735	-1.12215677598702
10.4551275637819	-1.17291218554858
10.4619609804902	-1.22756111285774
10.4687943971986	-1.2838388977466
10.475627813907	-1.33948094201741
10.4824612306153	-1.3922225870982
10.4892946473237	-1.43979915821146
10.496128064032	-1.47994605423351
10.5029614807404	-1.51039862768783
10.5097948974487	-1.52889222587546
10.5166283141571	-1.53354877531719
10.5234617308654	-1.52445594160646
10.5302951475738	-1.50188453921549
10.5371285642821	-1.46465062569851
10.5439619809905	-1.41127001876751
10.5507953976989	-1.34025859690293
10.5576288144072	-1.25013220399301
10.5644622311156	-1.13940670583709
10.5712956478239	-1.0065979242105
10.5781290645323	-0.852676864968698
10.5849624812406	-0.689169924841226
10.591795897949	-0.530439653784823
10.5986293146573	-0.39084872457872
10.6054627313657	-0.284351456799851
10.612296148074	-0.219017608484594
10.6191295647824	-0.192415572110348
10.6259629814907	-0.194417191955328
10.6327963981991	-0.21227960245497
10.6396298149075	-0.235417376969471
10.6464632316158	-0.257863852918622
10.6532966483242	-0.27727333863838
10.6601300650325	-0.290924401763622
10.6669634817409	-0.291404380072176
10.6737968984492	-0.26713119634491
10.6806303151576	-0.210616358819558
10.6874637318659	-0.126840349946833
10.6942971485743	-0.0317807426639164
10.7011305652826	0.0572362907191234
10.707963981991	0.1282331230267
10.7147973986993	0.174288908064854
10.7216308154077	0.191690520819288
10.7284642321161	0.18027812691544
10.7352976488244	0.144175784428398
10.7421310655328	0.0901367146523541
10.7489644822411	0.0250402016919541
10.7557978989495	-0.0445819218697255
10.7626313156578	-0.111217889384581
10.7694647323662	-0.166361166360925
10.7762981490745	-0.202997173008365
10.7831315657829	-0.21878267120772
10.7899649824912	-0.21661959367101
10.7967983991996	-0.201871089486486
10.803631815908	-0.178857033548247
10.8104652326163	-0.14991436523143
10.8172986493247	-0.116539276172815
10.824132066033	-0.0796812577646511
10.8309654827414	-0.0389946667781794
10.8377988994497	0.00651093238848065
10.8446323161581	0.0557493863001822
10.8514657328664	0.103594171899787
10.8582991495748	0.142456731306166
10.8651325662831	0.166226421084656
10.8719659829915	0.172334249888073
10.8787993996999	0.159744331185738
10.8856328164082	0.126066647790901
10.8924662331166	0.0679674946088086
10.8992996498249	-0.0152417057000663
10.9061330665333	-0.11877975316755
10.9129664832416	-0.233080511921317
10.91979989995	-0.347244058048112
10.9266333166583	-0.451728346854247
10.9334667333667	-0.538048220703927
10.940300150075	-0.598059347036256
10.9471335667834	-0.627317249859304
10.9539669834917	-0.62892618175565
10.9608004002001	-0.60800789104444
10.9676338169085	-0.569685075370492
10.9744672336168	-0.51908053062311
10.9813006503252	-0.46130234404643
10.9881340670335	-0.401035011241083
10.9949674837419	-0.34247795831762
11.0018009004502	-0.288698777616244
11.0086343171586	-0.240392482721149
11.0154677338669	-0.197947150778904
11.0223011505753	-0.161750806311602
11.0291345672836	-0.132191564121175
11.035967983992	-0.109657555257838
11.0428014007004	-0.0945368101378697
11.0496348174087	-0.0872173811033199
11.0564682341171	-0.0879015997882812
11.0633016508254	-0.0951342953632049
11.0701350675338	-0.106491180608244
11.0769684842421	-0.120655318415213
11.0838019009505	-0.138151258445391
11.0906353176588	-0.161356745194774
11.0974687343672	-0.193988217825375
11.1043021510755	-0.239834012497745
11.1111355677839	-0.301381358642479
11.1179689844922	-0.378561064897074
11.1248024012006	-0.46725711141368
11.131635817909	-0.558675091827482
11.1384692346173	-0.641417818546498
11.1453026513257	-0.705480441119098
11.152136068034	-0.745445419297107
11.1589694847424	-0.761381184981521
11.1658029014507	-0.757404028000357
11.1726363181591	-0.738387914374174
11.1794697348674	-0.70920708135693
11.1863031515758	-0.674576987421719
11.1931365682841	-0.637835498955874
11.1999699849925	-0.601613386492664
11.2068034017009	-0.568535838220525
11.2136368184092	-0.541224405415646
11.2204702351176	-0.521553795760712
11.2273036518259	-0.509725195882243
11.2341370685343	-0.505712351344668
11.2409704852426	-0.509489111875734
11.247803901951	-0.521029160944844
11.2546373186593	-0.540306273837279
11.2614707353677	-0.567281276269117
11.268304152076	-0.601362817458983
11.2751375687844	-0.641213434488752
11.2819709854927	-0.685442760575608
11.2888044022011	-0.732660489722719
11.2956378189095	-0.781476214792055
11.3024712356178	-0.830499602912568
11.3093046523262	-0.878340273215998
11.3161380690345	-0.923609389638071
11.3229714857429	-0.965363765817703
11.3298049024512	-1.00372860445267
11.3366383191596	-1.03898594418818
11.3434717358679	-1.0714176048277
11.3503051525763	-1.10130565735796
11.3571385692846	-1.1289319182762
11.363971985993	-1.15457839113271
11.3708054027014	-1.17850348690007
11.3776388194097	-1.20055574819239
11.3844722361181	-1.22023590788607
11.3913056528264	-1.23703353730694
11.3981390695348	-1.25043830206067
11.4049724862431	-1.25993985475753
11.4118059029515	-1.26502774207059
11.4186393196598	-1.2651916665194
11.4254727363682	-1.25992124717245
11.4323061530765	-1.24870613958148
11.4391395697849	-1.23109386276804
11.4459729864932	-1.2073078187214
11.4528064032016	-1.17800839399879
11.45963981991	-1.14386332497775
11.4664732366183	-1.10554031005863
11.4733066533267	-1.06370708960736
11.480140070035	-1.01903136881517
11.4869734867434	-0.972180894763863
11.4938069034517	-0.923823333228794
11.5006403201601	-0.874626469988486
11.5074737368684	-0.825257992730264
11.5143071535768	-0.776385660460339
11.5211405702851	-0.728677172076432
11.5279739869935	-0.68280017497874
11.5348074037019	-0.639778213461993
11.5416408204102	-0.603020489199065
11.5484742371186	-0.576692965339475
11.5553076538269	-0.561730184837279
11.5621410705353	-0.555895992814849
11.5689744872436	-0.55769982120064
11.575807903952	-0.56722729766305
11.5826413206603	-0.582450686896032
11.5894747373687	-0.597988092591152
11.596308154077	-0.607716365849461
11.6031415707854	-0.606849269624307
11.6099749874937	-0.592396970470424
11.6168084042021	-0.563676063035694
11.6236418209105	-0.522447773207159
11.6304752376188	-0.472776704962791
11.6373086543272	-0.421406650786297
11.6441420710355	-0.37665010590856
11.6509754877439	-0.344629712769655
11.6578089044522	-0.327106116455571
11.6646423211606	-0.323134967406217
11.6714757378689	-0.331071107178506
11.6783091545773	-0.348934996826322
11.6851425712856	-0.375160074762573
11.691975987994	-0.40963889423644
11.6988094047024	-0.452518770258753
11.7056428214107	-0.501545853601786
11.7124762381191	-0.551347699168159
11.7193096548274	-0.595484987492527
11.7261430715358	-0.629409675303751
11.7329764882441	-0.651658368523241
11.7398099049525	-0.662516801030392
11.7466433216608	-0.662148572937773
11.7534767383692	-0.649479602412327
11.7603101550775	-0.623447911947313
11.7671435717859	-0.585005315481724
11.7739769884942	-0.537581729270481
11.7808104052026	-0.485867404040343
11.787643821911	-0.434111838419371
11.7944772386193	-0.385117069623712
11.8013106553277	-0.340374722357955
11.808144072036	-0.300081983787289
11.8149774887444	-0.264206168934233
11.8218109054527	-0.235015938249085
11.8286443221611	-0.218332601591363
11.8354777388694	-0.221305197844994
11.8423111555778	-0.24794991142984
11.8491445722861	-0.296352840526709
11.8559779889945	-0.359206438365305
11.8628114057029	-0.426743485624825
11.8696448224112	-0.489975940268325
11.8764782391196	-0.544300666074142
11.8833116558279	-0.588683022526427
11.8901450725363	-0.624484211724698
11.8969784892446	-0.652165067578183
11.903811905953	-0.672859999171771
11.9106453226613	-0.689156113101127
11.9174787393697	-0.703757608532857
11.924312156078	-0.719368627284358
11.9311455727864	-0.738578145710615
11.9379789894947	-0.762105540647346
11.9448124062031	-0.789151566708634
11.9516458229115	-0.818873045959336
11.9584792396198	-0.850426861973664
11.9653126563282	-0.882969864119823
11.9721460730365	-0.915658863165344
11.9789794897449	-0.947650690207488
11.9858129064532	-0.978102221597015
11.9926463231616	-1.00617033869534
11.9994797398699	-1.03101178266563
12.0063131565783	-1.05178346898755
12.0131465732866	-1.06764222768184
12.019979989995	-1.07774488788432
12.0268134067034	-1.08125747433933
12.0336468234117	-1.07803616803436
12.0404802401201	-1.06909642547186
12.0473136568284	-1.05556451865102
12.0541470735368	-1.03856679072033
12.0609804902451	-1.01922956760534
12.0678139069535	-0.998679235808538
12.0746473236618	-0.978042053000494
12.0814807403702	-0.958444460041037
12.0883141570785	-0.941012701600158
12.0951475737869	-0.92687311112208
12.1019809904952	-0.917152068193756
12.1088144072036	-0.912975858542052
12.115647823912	-0.915470861815191
12.1224812406203	-0.925758129870557
12.1293146573287	-0.94416110420584
12.136148074037	-0.969363118117582
12.1429814907454	-0.999845532343589
12.1498149074537	-1.03408978099164
12.1566483241621	-1.07057715128964
12.1634817408704	-1.10778912020192
12.1703151575788	-1.14420702692067
12.1771485742871	-1.17831228781187
12.1839819909955	-1.20858628578505
12.1908154077039	-1.23351036704387
12.1976488244122	-1.2515659589419
12.2044822411206	-1.26123443186575
12.2113156578289	-1.26099716177009
12.2181490745373	-1.24933558454074
12.2249824912456	-1.22452688621741
12.231815907954	-1.18435530739059
12.2386493246623	-1.12940399805006
12.2454827413707	-1.06447773666446
12.252316158079	-0.99556551075614
12.2591495747874	-0.925646816096635
12.2659829914957	-0.853158036361711
12.2728164082041	-0.773826908243333
12.2796498249125	-0.683700877690217
12.2864832416208	-0.581253057073734
12.2933166583292	-0.4685900366989
12.3001500750375	-0.351907365063321
12.3069834917459	-0.240292561599132
12.3138169084542	-0.142801091605281
12.3206503251626	-0.066090110840864
12.3274837418709	-0.0145738547728631
12.3343171585793	0.00912343107204618
12.3411505752876	0.00587015162214905
12.347983991996	-0.0189828672712722
12.3548174087044	-0.0590955780687684
12.3616508254127	-0.111281840916339
12.3684842421211	-0.175670646176939
12.3753176588294	-0.252379226981159
12.3821510755378	-0.339031485304219
12.3889844922461	-0.430955516538786
12.3958179089545	-0.522748460834055
12.4026513256628	-0.609695713956695
12.4094847423712	-0.688419955639679
12.4163181590795	-0.756356409342291
12.4231515757879	-0.810615115607648
12.4299849924962	-0.848038451600586
12.4368184092046	-0.867076703738431
12.443651825913	-0.869668008891671
12.4504852426213	-0.859491364720039
12.4573186593297	-0.840279929805582
12.464152076038	-0.815747755059469
12.4709854927464	-0.788886552111861
12.4778189094547	-0.76176189323248
12.4846523261631	-0.736368348664536
12.4914857428714	-0.713383207040961
12.4983191595798	-0.690883019111867
12.5051525762881	-0.666639477840025
12.5119859929965	-0.638424375591778
12.5188194097049	-0.604249481920725
12.5256528264132	-0.564891278632989
12.5324862431216	-0.522896732571411
12.5393196598299	-0.480841714246585
12.5461530765383	-0.44130217092942
12.5529864932466	-0.406807255029398
12.559819909955	-0.378506454829091
12.5666533266633	-0.355975062785911
12.5734867433717	-0.338702527081234
12.58032016008	-0.326178364496694
12.5871535767884	-0.317891960575856
12.5939869934967	-0.3133328053291
12.6008204102051	-0.31199037911292
12.6076538269135	-0.313354164972211
12.6144872436218	-0.316913569522216
12.6213206603302	-0.322158067533469
12.6281540770385	-0.328577182749062
12.6349874937469	-0.335660319571987
12.6418209104552	-0.342896958126539
12.6486543271636	-0.349776491689725
12.6554877438719	-0.355788537359895
12.6623211605803	-0.360422424348765
12.6691545772886	-0.363167666803971
12.675987993997	-0.363513710841277
12.6828214107054	-0.360950047027112
12.6896548274137	-0.354966100694102
12.6964882441221	-0.345051403376315
12.7033216608304	-0.330695295829661
12.7101550775388	-0.311867428413038
12.7169884942471	-0.294739608131138
12.7238219109555	-0.289801851665841
12.7306553276638	-0.305816669977963
12.7374887443722	-0.343883286349362
12.7443221610805	-0.403044558622241
12.7511555777889	-0.479995824836886
12.7579889944972	-0.567602861505941
12.7648224112056	-0.658557080459433
12.771655827914	-0.747882269840326
12.7784892446223	-0.832237064412105
12.7853226613307	-0.909207703669758
12.792156078039	-0.980469397650651
12.7989894947474	-1.0488422165734
12.8058229114557	-1.11497499462925
12.8126563281641	-1.17565627350601
12.8194897448724	-1.22727759499274
12.8263231615808	-1.26623625885309
12.8331565782891	-1.28893646229212
12.8399899949975	-1.29404884622873
12.8468234117059	-1.28679528198994
12.8536568284142	-1.27469506753954
12.8604902451226	-1.26368180702917
12.8673236618309	-1.25536680026655
12.8741570785393	-1.24777011846054
12.8809904952476	-1.23836229724154
12.887823911956	-1.22568852982936
12.8946573286643	-1.21014607487299
12.9014907453727	-1.19267497591672
12.908324162081	-1.17430621353107
12.9151575787894	-1.15607272347159
12.9219909954977	-1.13900744604269
12.9288244122061	-1.12414896953322
12.9356578289145	-1.11293964557337
12.9424912456228	-1.10748468025121
12.9493246623312	-1.10969878733354
12.9561580790395	-1.11974018192924
12.9629914957479	-1.1370203042477
12.9698249124562	-1.16094793084847
12.9766583291646	-1.19093172744686
12.9834917458729	-1.22638030945652
12.9903251625813	-1.26670255194495
12.9971585792896	-1.3113070484883
13.003991995998	-1.35960256053067
13.0108254127064	-1.41099773493417
13.0176588294147	-1.46490132023768
13.0244922461231	-1.52071689222242
13.0313256628314	-1.57736903927331
13.0381590795398	-1.63410357617699
13.0449924962481	-1.69345356879376
13.0518259129565	-1.75995919829854
13.0586593296648	-1.8363725248095
13.0654927463732	-1.92187470747858
13.0723261630815	-2.01304449091249
13.0791595797899	-2.10617572486142
13.0859929964983	-2.19898497910185
13.0928264132066	-2.28961599181056
13.099659829915	-2.37346357584391
13.1064932466233	-2.44224318154779
13.1133266633317	-2.48774373566115
13.12016008004	-2.50565630542584
13.1269934967484	-2.49546280773861
13.1338269134567	-2.45817480490948
13.1406603301651	-2.39513954826551
13.1474937468734	-2.30801468075409
13.1543271635818	-2.1995654856773
13.1611605802901	-2.0755689054496
13.1679939969985	-1.94577264656333
13.1748274137069	-1.8218674111655
13.1816608304152	-1.71444340917958
13.1884942471236	-1.63157557428681
13.1953276638319	-1.57806381012426
13.2021610805403	-1.5539537754136
13.2089944972486	-1.55402049304344
13.215827913957	-1.5699174225185
13.2226613306653	-1.59300103004557
13.2294947473737	-1.61648027966125
13.236328164082	-1.63771679509967
13.2431615807904	-1.65672792500708
13.2499949974987	-1.67365181689198
13.2568284142071	-1.68862635837525
13.2636618309155	-1.70178959846496
13.2704952476238	-1.7132795309669
13.2773286643322	-1.72323417815141
13.2841620810405	-1.73179135848485
13.2909954977489	-1.73908921113253
13.2978289144572	-1.74526577158042
13.3046623311656	-1.75045898144299
13.3114957478739	-1.75480683001472
13.3183291645823	-1.75844732718308
13.3251625812906	-1.76151839390368
13.331995997999	-1.7641581150871
13.3388294147074	-1.7665044834798
13.3456628314157	-1.76869539544942
13.3524962481241	-1.77086899994151
13.3593296648324	-1.77316311467919
13.3661630815408	-1.77571589280592
13.3729964982491	-1.77866518435591
13.3798299149575	-1.78214913358616
13.3866633316658	-1.78630564994624
13.3934967483742	-1.7912727103425
13.4003301650825	-1.7971883506242
13.4071635817909	-1.80419057811688
13.4139969984993	-1.81241729094274
13.4208304152076	-1.82199931779667
13.427663831916	-1.83161110813662
13.4344972486243	-1.83673086744595
13.4413306653327	-1.83320914088043
13.448164082041	-1.81950496750101
13.4549974987494	-1.79615600377278
13.4618309154577	-1.76411550081015
13.4686643321661	-1.7239144931257
13.4754977488744	-1.67643570919336
13.4823311655828	-1.62519680344058
13.4891645822911	-1.57824236228668
13.4959979989995	-1.54584775844517
13.5028314157079	-1.53450867185636
13.5096648324162	-1.54400806475925
13.5164982491246	-1.56977370875617
13.5233316658329	-1.60613847760434
13.5301650825413	-1.64852710047376
13.5369984992496	-1.69488216400416
13.543831915958	-1.74447616606177
13.5506653326663	-1.79506617252615
13.5574987493747	-1.84304967794931
13.564332166083	-1.88654250270865
13.5711655827914	-1.92683963251508
13.5779989994997	-1.96681711898957
13.5848324162081	-2.00833020412685
13.5916658329165	-2.05112324406629
13.5984992496248	-2.09376348682837
13.6053326663332	-2.13475394914446
13.6121660830415	-2.17276820643339
13.6189994997499	-2.20707033001435
13.6258329164582	-2.23814960426662
13.6326663331666	-2.26735071917831
13.6394997498749	-2.29589240774481
13.6463331665833	-2.3243564556477
13.6531665832916	-2.3528204300434
13.66	-2.38128442835744
13.67	0
14.0369696969697	0
14.4039393939394	0
14.7709090909091	0
15.1378787878788	0
15.5048484848485	0
15.8718181818182	0
16.2387878787879	0
16.6057575757576	0
16.9727272727273	0
17.339696969697	0
17.7066666666667	0
18.0736363636364	0
18.4406060606061	0
18.8075757575758	0
19.1745454545455	0
19.5415151515151	0
19.9084848484849	0
20.2754545454545	0
20.6424242424242	0
21.0093939393939	0
21.3763636363636	0
21.7433333333333	0
22.110303030303	0
22.4772727272727	0
22.8442424242424	0
23.2112121212121	0
23.5781818181818	0
23.9451515151515	0
24.3121212121212	0
24.6790909090909	0
25.0460606060606	0
25.4130303030303	0
25.78	0
26.1469696969697	0
26.5139393939394	0
26.8809090909091	0
27.2478787878788	0
27.6148484848485	0
27.9818181818182	0
28.3487878787879	0
28.7157575757576	0
29.0827272727273	0
29.449696969697	0
29.8166666666667	0
30.1836363636364	0
30.5506060606061	0
30.9175757575758	0
31.2845454545455	0
31.6515151515151	0
32.0184848484849	0
32.3854545454545	0
32.7524242424242	0
33.1193939393939	0
33.4863636363636	0
33.8533333333333	0
34.220303030303	0
34.5872727272727	0
34.9542424242424	0
35.3212121212121	0
35.6881818181818	0
36.0551515151515	0
36.4221212121212	0
36.7890909090909	0
37.1560606060606	0
37.5230303030303	0
37.89	0
38.2569696969697	0
38.6239393939394	0
38.9909090909091	0
39.3578787878788	0
39.7248484848485	0
40.0918181818182	0
40.4587878787879	0
40.8257575757576	0
41.1927272727273	0
41.559696969697	0
41.9266666666667	0
42.2936363636364	0
42.6606060606061	0
43.0275757575758	0
43.3945454545455	0
43.7615151515151	0
44.1284848484848	0
44.4954545454545	0
44.8624242424242	0
45.2293939393939	0
45.5963636363636	0
45.9633333333333	0
46.330303030303	0
46.6972727272727	0
47.0642424242424	0
47.4312121212121	0
47.7981818181818	0
48.1651515151515	0
48.5321212121212	0
48.8990909090909	0
49.2660606060606	0
49.6330303030303	0
50	0
