time	K
0	-0.699065974075381
0.00683341670835418	-0.768077577941443
0.0136668334167084	-0.84550589334375
0.0205002501250625	-0.942978022814284
0.0273336668334167	-1.06591354902222
0.0341670835417709	-1.20378961803957
0.0410005002501251	-1.33765555734254
0.0478339169584792	-1.44120882169335
0.0546673336668334	-1.48762429563131
0.0615007503751876	-1.45136698858569
0.0683341670835418	-1.31508154182756
0.075167583791896	-1.07778503554763
0.0820010005002501	-0.759771091521607
0.0888344172086043	-0.395597933938109
0.0956678339169585	-0.0600166746677628
0.102501250625313	0.162496076820046
0.109334667333667	0.210909382984841
0.116168084042021	0.124125391254411
0.123001500750375	-0.00865737927076343
0.129834917458729	-0.0878804755058761
0.136668334167084	-0.0461244501182992
0.143501750875438	0.0947821495163455
0.150335167583792	0.293915970034573
0.157168584292146	0.510347607130287
0.1640020010005	0.698985776451187
0.170835417708854	0.804991451339523
0.177668834417209	0.814857936421545
0.184502251125563	0.767246491504629
0.191335667833917	0.721295113381302
0.198169084542271	0.727332706612651
0.205002501250625	0.797985212833223
0.211835917958979	0.921876957760488
0.218669334667334	1.06957397411703
0.225502751375688	1.20562182262153
0.232336168084042	1.29194349216311
0.239169584792396	1.30113136632444
0.24600300150075	1.23205352179331
0.252836418209105	1.11020960711729
0.259669834917459	0.987677286839041
0.266503251625813	0.917897284100009
0.273336668334167	0.935164691604308
0.280170085042521	1.01951534838264
0.287003501750875	1.12015648189194
0.29383691845923	1.18226240099403
0.300670335167584	1.15865953264267
0.307503751875938	1.04476851075506
0.314337168584292	0.895260329727386
0.321170585292646	0.767483640176443
0.328004002001	0.681168315425543
0.334837418709355	0.628841447811599
0.341670835417709	0.581485461485589
0.348504252126063	0.514795092138454
0.355337668834417	0.423384322141353
0.362171085542771	0.330700778010131
0.369004502251126	0.277972216191069
0.37583791895948	0.292607352645745
0.382671335667834	0.360502859691878
0.389504752376188	0.459706033766878
0.396338169084542	0.570456985473644
0.403171585792896	0.681768106201484
0.410005002501251	0.790755926354895
0.416838419209605	0.892843518718893
0.423671835917959	0.972889778683529
0.430505252626313	1.01033832315995
0.437338669334667	0.996031738236849
0.444172086043022	0.935444655959857
0.451005502751376	0.838317552584159
0.45783891945973	0.727672307153097
0.464672336168084	0.63409216513375
0.471505752876438	0.586640601392006
0.478339169584792	0.610524280914543
0.485172586293147	0.703407996302647
0.492006003001501	0.819109632477767
0.498839419709855	0.894525909890732
0.505672836418209	0.885713880639325
0.512506253126563	0.788282270060894
0.519339669834918	0.627488077520193
0.526173086543272	0.446539581399727
0.533006503251626	0.289310733270663
0.53983991995998	0.196149498524823
0.546673336668334	0.181001812885481
0.553506753376688	0.244569877990629
0.560340170085043	0.367192946596995
0.567173586793397	0.512928518717136
0.574007003501751	0.648393907564551
0.580840420210105	0.758244202190044
0.587673836918459	0.8348785060333
0.594507253626813	0.88201434040269
0.601340670335168	0.917667617768545
0.608174087043522	0.961590983285297
0.615007503751876	1.03059976246103
0.62184092046023	1.13199108151325
0.628674337168584	1.25775936611093
0.635507753876939	1.3767429135641
0.642341170585293	1.45589200223797
0.649174587293647	1.4791223152393
0.656008004002001	1.4511755500698
0.662841420710355	1.39105692027503
0.669674837418709	1.32256265734987
0.676508254127064	1.27037918741955
0.683341670835418	1.24978215975827
0.690175087543772	1.25685597834929
0.697008504252126	1.26076669157091
0.70384192096048	1.2192286654241
0.710675337668834	1.09656282220365
0.717508754377189	0.879629123749618
0.724342171085543	0.616053796856776
0.731175587793897	0.401762604671707
0.738009004502251	0.311159670315879
0.744842421210605	0.318730106899819
0.75167583791896	0.323150251967518
0.758509254627314	0.231103941106784
0.765342671335668	0.0539115236571416
0.772176088044022	-0.105897249135645
0.779009504752376	-0.150412127131468
0.78584292146073	-0.0735162844566835
0.792676338169085	0.0503464109782812
0.799509754877439	0.110324909089485
0.806343171585793	0.00718485428543839
0.813176588294147	-0.269276672927645
0.820010005002501	-0.604564207727764
0.826843421710855	-0.849228169105917
0.83367683841921	-0.908349843740836
0.840510255127564	-0.79244668161675
0.847343671835918	-0.566497354315922
0.854177088544272	-0.312233726947481
0.861010505252626	-0.0963622773545106
0.867843921960981	0.0448532422889427
0.874677338669335	0.0931701039022023
0.881510755377689	0.0670965464501267
0.888344172086043	-0.000304533018664173
0.895177588794397	-0.0806657030704579
0.902011005502751	-0.152422558913254
0.908844422211106	-0.20003335330316
0.91567783891946	-0.212611617193006
0.922511255627814	-0.191603475169555
0.929344672336168	-0.155584268469089
0.936178089044522	-0.127982003184895
0.943011505752877	-0.13068837821021
0.949844922461231	-0.178494992927003
0.956678339169585	-0.268608004939962
0.963511755877939	-0.393122002587955
0.970345172586293	-0.5368664249574
0.977178589294647	-0.681765641221984
0.984012006003002	-0.806562764623716
0.990845422711356	-0.888473834710586
0.99767883941971	-0.909862511723001
1.00451225612806	-0.869614896685789
1.01134567283642	-0.777791158608346
1.01817908954477	-0.654658196825216
1.02501250625313	-0.522606557942138
1.03184592296148	-0.404744793690668
1.03867933966984	-0.324442271330652
1.04551275637819	-0.303397687986969
1.05234617308654	-0.324758248229231
1.0591795897949	-0.329788526898553
1.06601300650325	-0.27449100528062
1.07284642321161	-0.150975281997015
1.07967983991996	0.00859184751839912
1.08651325662831	0.156197165360054
1.09334667333667	0.23825059677536
1.10018009004502	0.221164827931194
1.10701350675338	0.116581658181326
1.11384692346173	-0.0436589941155186
1.12068034017009	-0.227421535900502
1.12751375687844	-0.402570399165165
1.13434717358679	-0.536975964067974
1.14118059029515	-0.605006895132345
1.1480140070035	-0.607581585407541
1.15484742371186	-0.569082480296345
1.16168084042021	-0.523759090624621
1.16851425712856	-0.495459928596112
1.17534767383692	-0.49886612764781
1.18218109054527	-0.544716658710226
1.18901450725363	-0.626143516303221
1.19584792396198	-0.730822899301165
1.20268134067034	-0.846543502106661
1.20951475737869	-0.965978117590707
1.21634817408704	-1.09352449743616
1.2231815907954	-1.2387045456915
1.23001500750375	-1.41005549607277
1.23684842421211	-1.60071308058663
1.24368184092046	-1.77960385689568
1.25051525762881	-1.89761896091342
1.25734867433717	-1.89204838057968
1.26418209104552	-1.7275417164646
1.27101550775388	-1.41218866384153
1.27784892446223	-0.996742808085262
1.28468234117059	-0.535604773949341
1.29151575787894	-0.0831748201694753
1.29834917458729	0.306469136674766
1.30518259129565	0.597028522110647
1.312016008004	0.778890528489318
1.31884942471236	0.844747854711727
1.32568284142071	0.805714062966355
1.33251625812906	0.719264347722581
1.33934967483742	0.650876904977225
1.34618309154577	0.658693944252019
1.35301650825413	0.741431974774701
1.35984992496248	0.852974293083228
1.36668334167084	0.961693761475029
1.37351675837919	1.04507198963157
1.38035017508754	1.08533935223715
1.3871835917959	1.09631954746005
1.39401700850425	1.11544830093102
1.40085042521261	1.18057655958053
1.40768384192096	1.30034816212196
1.41451725862931	1.45962696391168
1.42135067533767	1.62697797504952
1.42818409204602	1.76517117026727
1.43501750875438	1.84807560258355
1.44185092546273	1.86745043940671
1.44868434217109	1.8294147596723
1.45551775887944	1.74924569918585
1.46235117558779	1.64388288520744
1.46918459229615	1.52929893192799
1.4760180090045	1.41591113687536
1.48285142571286	1.30997462352724
1.48968484242121	1.21233853646258
1.49651825912956	1.12057441680424
1.50335167583792	1.03478614530232
1.51018509254627	0.967818272199263
1.51701850925463	0.939220056771896
1.52385192596298	0.96713631103621
1.53068534267134	1.05408978747387
1.53751875937969	1.17401202200181
1.54435217608804	1.2829585422833
1.5511855927964	1.33689569998763
1.55801900950475	1.30472617781977
1.56485242621311	1.2092198545509
1.57168584292146	1.14434713680067
1.57851925962982	1.18670778892761
1.58535267633817	1.32500511970257
1.59218609304652	1.48447864798355
1.59901950975488	1.59980339550438
1.60585292646323	1.6414306396563
1.61268634317159	1.62091996993092
1.61951975987994	1.58908306115048
1.62635317658829	1.57523712390207
1.63318659329665	1.54887630221925
1.640020010005	1.46281684580654
1.64685342671336	1.31344945854232
1.65368684342171	1.14737024357156
1.66052026013007	1.01597182978798
1.66735367683842	0.956598171174605
1.67418709354677	0.966027014907264
1.68102051025513	0.995979393767742
1.68785392696348	1.00397387999445
1.69468734367184	0.992540880098566
1.70152076038019	0.980132657575368
1.70835417708854	0.970241192000379
1.7151875937969	0.958415844846461
1.72202101050525	0.934382683776771
1.72885442721361	0.897149908245721
1.73568784392196	0.861911368563741
1.74252126063032	0.846611335817193
1.74935467733867	0.844909097384015
1.75618809404702	0.830127432737851
1.76302151075538	0.793294726888237
1.76985492746373	0.750120011265909
1.77668834417209	0.72157643934635
1.78352176088044	0.732805890449923
1.79035517758879	0.802888211689804
1.79718859429715	0.930241177976411
1.8040220110055	1.07615538117643
1.81085542771386	1.20027758787149
1.81768884442221	1.29295673775388
1.82452226113057	1.35284286539023
1.83135567783892	1.3785096597911
1.83818909454727	1.36453720030227
1.84502251125563	1.30095369097168
1.85185592796398	1.18877968486526
1.85868934467234	1.06380141328648
1.86552276138069	0.982230650257586
1.87235617808904	0.964104241217468
1.8791895947974	0.990239118268785
1.88602301150575	1.01486651405591
1.89285642821411	0.994660532613258
1.89968984492246	0.907097947839558
1.90652326163082	0.782018316200166
1.91335667833917	0.68977212011074
1.92019009504752	0.664113706459483
1.92702351175588	0.659583348041125
1.93385692846423	0.627266442511259
1.94069034517259	0.533604134027398
1.94752376188094	0.362425204390037
1.95435717858929	0.215436164370356
1.96119059529765	0.222452931707094
1.968024012006	0.36826812624306
1.97485742871436	0.513150734695515
1.98169084542271	0.489662760145812
1.98852426213107	0.220256274064422
1.99535767883942	-0.209404269044892
2.00219109554777	-0.643134214625579
2.00902451225613	-0.894324706326429
2.01585792896448	-0.872991378541814
2.02269134567284	-0.580654830403972
2.02952476238119	-0.117621894172403
2.03635817908954	0.330264229996415
2.0431915957979	0.589623514391657
2.05002501250625	0.588034675438001
2.05685842921461	0.432069869397345
2.06369184592296	0.240262738326113
2.07052526263132	0.0636494091195142
2.07735867933967	-0.0694808217334193
2.08419209604802	-0.154368282402035
2.09102551275638	-0.212801060804665
2.09785892946473	-0.26799752358167
2.10469234617309	-0.343175787719054
2.11152576288144	-0.461554323012198
2.11835917958979	-0.643545355051453
2.12519259629815	-0.879751586968589
2.1320260130065	-1.12930286016493
2.13885942971486	-1.3454347556667
2.14569284642321	-1.4816528525302
2.15252626313157	-1.49596319572818
2.15935967983992	-1.3576098218739
2.16619309654827	-1.05171469651989
2.17302651325663	-0.602719080765526
2.17985992996498	-0.0866079233328693
2.18669334667334	0.408415311482426
2.19352676338169	0.809889011562652
2.20036018009005	1.08008250427834
2.2071935967984	1.2168104887102
2.21402701350675	1.23526395014368
2.22086043021511	1.18747348897194
2.22769384692346	1.12671887412293
2.23452726363182	1.08474422656838
2.24136068034017	1.08688043341432
2.24819409704852	1.1439532026118
2.25502751375688	1.21314352173029
2.26186093046523	1.21283799698107
2.26869434717359	1.07220928744489
2.27552776388194	0.834677334060183
2.2823611805903	0.611777676565083
2.28919459729865	0.504663351398927
2.296028014007	0.542232574030439
2.30286143071536	0.650321887155242
2.30969484742371	0.728271322492126
2.31652826413207	0.729639099223555
2.32336168084042	0.654037425533251
2.33019509754877	0.53576417546516
2.33702851425713	0.477679667842253
2.34386193096548	0.506452435631699
2.35069534767384	0.496821134194909
2.35752876438219	0.320107859529023
2.36436218109055	-0.072919326143161
2.3711955977989	-0.566255294915366
2.37802901450725	-0.998861276835605
2.38486243121561	-1.2377483382973
2.39169584792396	-1.20563492962054
2.39852926463232	-0.940216097530587
2.40536268134067	-0.506871728239035
2.41219609804902	0.0290183176097094
2.41902951475738	0.599282992703707
2.42586293146573	1.1231804074488
2.43269634817409	1.51643125794275
2.43952976488244	1.69475620763089
2.4463631815908	1.59605974072326
2.45319659829915	1.28700231641723
2.4600300150075	0.924826625299874
2.46686343171586	0.654514498771499
2.47369684842421	0.585411411682047
2.48053026513257	0.680850454676545
2.48736368184092	0.82632430586989
2.49419709854927	0.925204847600143
2.50103051525763	0.902813360113755
2.50786393196598	0.785131842454282
2.51469734867434	0.661594583308188
2.52153076538269	0.601530077170999
2.52836418209105	0.624283056858542
2.5351975987994	0.700975634008626
2.54203101550775	0.779070133137256
2.54886443221611	0.801186660435609
2.55569784892446	0.748700056117898
2.56253126563282	0.656856726884655
2.56936468234117	0.595801865547948
2.57619809904952	0.620903889855549
2.58303151575788	0.715877294053703
2.58986493246623	0.835169088401549
2.59669834917459	0.939137290339342
2.60353176588294	1.01284664406556
2.6103651825913	1.04729414267045
2.61719859929965	1.04258608092793
2.624032016008	1.00770292721887
2.63086543271636	0.956277319111935
2.63769884942471	0.915269753892383
2.64453226613307	0.918633178066797
2.65136568284142	0.988554062053039
2.65819909954977	1.13145598173553
2.66503251625813	1.34061594931018
2.67186593296648	1.55315098590449
2.67869934967484	1.69597315344994
2.68553276638319	1.73818892693806
2.69236618309155	1.71049518552272
2.6991995997999	1.65952881151758
2.70603301650825	1.62541963630341
2.71286643321661	1.62913207973215
2.71969984992496	1.64915538694891
2.72653326663332	1.65854033189097
2.73336668334167	1.64729950012906
2.74020010005003	1.61334399155447
2.74703351675838	1.55493017693225
2.75386693346673	1.48470576456048
2.76070035017509	1.43517210997981
2.76753376688344	1.41991418120681
2.7743671835918	1.43070145843294
2.78120060030015	1.44345720581442
2.7880340170085	1.43328587531144
2.79486743371686	1.37660747740166
2.80170085042521	1.2572139809839
2.80853426713357	1.08842828044165
2.81536768384192	0.90147870580718
2.82220110055028	0.718419497215089
2.82903451725863	0.550899838272852
2.83586793396698	0.402143796556936
2.84270135067534	0.267627349714201
2.84953476738369	0.139918424886446
2.85636818409205	0.00999594681508283
2.8632016008004	-0.133173602286271
2.87003501750875	-0.300240000631324
2.87686843421711	-0.488315250269475
2.88370185092546	-0.675365984212816
2.89053526763382	-0.818189498883288
2.89736868434217	-0.865462727398562
2.90420210105053	-0.76706205933609
2.91103551775888	-0.531621574365892
2.91786893446723	-0.206576565819912
2.92470235117559	0.159829606712902
2.93153576788394	0.518033253318792
2.9383691845923	0.815067167498387
2.94520260130065	1.0117894285612
2.952036018009	1.09588907965392
2.95886943471736	1.0843386890539
2.96570285142571	1.01861020770787
2.97253626813407	0.952667745538497
2.97936968484242	0.917918611744142
2.98620310155078	0.91294105300148
2.99303651825913	0.91560377588952
2.99986993496748	0.897810394404894
3.00670335167584	0.83970923670223
3.01353676838419	0.745440802796619
3.02037018509255	0.633832199925501
3.0272036018009	0.52703383907494
3.03403701850925	0.446865347268377
3.04087043521761	0.401688110623138
3.04770385192596	0.375837846275674
3.05453726863432	0.338787342222514
3.06137068534267	0.269674465374795
3.06820410205103	0.174564074200834
3.07503751875938	0.0799144535870279
3.08187093546773	0.0187017700759305
3.08870435217609	0.00186768735720353
3.09553776888444	0.00705844311786693
3.1023711855928	-0.00892388980555777
3.10920460230115	-0.0820232237983029
3.1160380190095	-0.222162786181307
3.12287143571786	-0.407152108040544
3.12970485242621	-0.580181448017514
3.13653826913457	-0.687089289078042
3.14337168584292	-0.692532213045093
3.15020510255128	-0.604363237767659
3.15703851925963	-0.452473703265081
3.16387193596798	-0.273971296166837
3.17070535267634	-0.100215260948985
3.17753876938469	0.0610932241620915
3.18437218609305	0.21592965450414
3.1912056028014	0.352364111791352
3.19803901950976	0.432876269371016
3.20487243621811	0.422194307565689
3.21170585292646	0.305236253810731
3.21853926963482	0.074577330959698
3.22537268634317	-0.23454665202191
3.23220610305153	-0.546752686987735
3.23903951975988	-0.801246650673953
3.24587293646823	-0.972479608276453
3.25270635317659	-1.07045113687449
3.25953976988494	-1.10880738962151
3.2663731865933	-1.11231525000674
3.27320660330165	-1.11339450563696
3.28004002001001	-1.13075809041847
3.28687343671836	-1.15477997495994
3.29370685342671	-1.1487295797049
3.30054027013507	-1.07900094156109
3.30737368684342	-0.935705182979733
3.31420710355178	-0.718808559438167
3.32104052026013	-0.440080241321155
3.32787393696848	-0.130426273411253
3.33470735367684	0.178379511917319
3.34154077038519	0.459984884211303
3.34837418709355	0.6919456025947
3.3552076038019	0.870049118712759
3.36204102051026	1.00013877566536
3.36887443721861	1.09260002946982
3.37570785392696	1.163081396878
3.38254127063532	1.22764586932703
3.38937468734367	1.30235640101097
3.39620810405203	1.40121885402615
3.40304152076038	1.5170752400976
3.40987493746873	1.63031508603425
3.41670835417709	1.72116833410832
3.42354177088544	1.76986609385102
3.4303751875938	1.76157793487184
3.43720860430215	1.70556772160156
3.44404202101051	1.62378384856192
3.45087543771886	1.53543465384935
3.45770885442721	1.45762403237058
3.46454227113557	1.40726694168648
3.47137568784392	1.38912757074429
3.47820910455228	1.37959878440089
3.48504252126063	1.35196068711684
3.49187593796898	1.3045342772478
3.49870935467734	1.24538673740211
3.50554277138569	1.18268035683555
3.51237618809405	1.12445085664421
3.5192096048024	1.07435701473824
3.52604302151076	1.02948589484249
3.53287643821911	0.986966497443542
3.53970985492746	0.950095037362012
3.54654327163582	0.923612492230107
3.55337668834417	0.912260056276299
3.56021010505253	0.921672599359191
3.56704352176088	0.963461204339671
3.57387693846923	1.04280191952199
3.58071035517759	1.13978957922427
3.58754377188594	1.22637711979556
3.5943771885943	1.28584203732458
3.60121060530265	1.30547292123762
3.60804402201101	1.28556979617373
3.61487743871936	1.24299087147744
3.62171085542771	1.20157113500568
3.62854427213607	1.18537505953232
3.63537768884442	1.20856987252002
3.64221110555278	1.24225107319732
3.64904452226113	1.23875659523485
3.65587793896948	1.15936391920046
3.66271135567784	1.02263475752514
3.66954477238619	0.891268320759812
3.67637818909455	0.80954269695513
3.6832116058029	0.788597972124993
3.69004502251126	0.797505093293774
3.69687843921961	0.786687853073972
3.70371185592796	0.732145580727821
3.71054527263632	0.650750638443853
3.71737868934467	0.571612933716089
3.72421210605303	0.527536248602443
3.73104552276138	0.533918524870797
3.73787893946974	0.56791842966982
3.74471235617809	0.598141856625418
3.75154577288644	0.593272827917785
3.7583791895948	0.537635179852277
3.76521260630315	0.459977043707182
3.77204602301151	0.398580411086793
3.77887943971986	0.379154672540258
3.78571285642821	0.384503767037362
3.79254627313657	0.37433153345227
3.79937968984492	0.328162232253054
3.80621310655328	0.249475816879533
3.81304652326163	0.15281716500619
3.81987993996999	0.0834558387348745
3.82671335667834	0.0839020973203123
3.83354677338669	0.14420404692591
3.84038019009505	0.209272683418389
3.8472136068034	0.192906916991168
3.85404702351176	0.047832186066619
3.86088044022011	-0.17790251022133
3.86771385692846	-0.422826449849785
3.87454727363682	-0.625468909867096
3.88138069034517	-0.729011634526945
3.88821410705353	-0.709028556032001
3.89504752376188	-0.589917868491789
3.90188094047024	-0.405124756387216
3.90871435717859	-0.18816709397981
3.91554777388694	0.0260423093230315
3.9223811905953	0.207728544219481
3.92921460730365	0.331947253739837
3.93604802401201	0.376627413122457
3.94288144072036	0.325728989998789
3.94971485742871	0.164453326672877
3.95654827413707	-0.106157233418474
3.96338169084542	-0.444000899082184
3.97021510755378	-0.768100583748145
3.97704852426213	-0.97497663085522
3.98388194097049	-0.980111571192258
3.99071535767884	-0.768683330269864
3.99754877438719	-0.457372642324953
4.00438219109555	-0.244609478076507
4.0112156078039	-0.258079079260048
4.01804902451226	-0.468074379192566
4.02488244122061	-0.729404508191122
4.03171585792896	-0.868495075604257
4.03854927463732	-0.752969658160804
4.04538269134567	-0.438620678262933
4.05221610805403	-0.0861350114340327
4.05904952476238	0.157217845635954
4.06588294147074	0.21937512762079
4.07271635817909	0.100047961371164
4.07954977488744	-0.146423759118926
4.0863831915958	-0.442497765401734
4.09321660830415	-0.724307176776328
4.10005002501251	-0.959258676618397
4.10688344172086	-1.14144074265664
4.11371685842921	-1.28377940351988
4.12055027513757	-1.40049335523487
4.12738369184592	-1.49568373531827
4.13421710855428	-1.56939394374522
4.14105052526263	-1.62326676953198
4.14788394197099	-1.65907735539965
4.15471735867934	-1.67876104923658
4.16155077538769	-1.68587077592472
4.16838419209605	-1.68299341784152
4.1752176088044	-1.66918914408768
4.18205102551276	-1.6429269876394
4.18888444222111	-1.60286458742251
4.19571785892946	-1.54885068295113
4.20255127563782	-1.48147304311954
4.20938469234617	-1.40035208831072
4.21621810905453	-1.30486629074475
4.22305152576288	-1.19184491481134
4.22988494247124	-1.05068172559389
4.23671835917959	-0.868191298063217
4.24355177588794	-0.639302618987455
4.2503851925963	-0.377740713868264
4.25721860930465	-0.108243482757755
4.26405202601301	0.14116014197224
4.27088544272136	0.350383867739623
4.27771885942972	0.521253181766631
4.28455227613807	0.663799070282164
4.29138569284642	0.782382971012738
4.29821910955478	0.871744535637594
4.30505252626313	0.923672192918046
4.31188594297149	0.934815716693783
4.31871935967984	0.914666123457652
4.32555277638819	0.875009294125075
4.33238619309655	0.82710158682888
4.3392196098049	0.780782912052493
4.34605302651326	0.745658800766725
4.35288644322161	0.730420011543774
4.35971985992996	0.731900010067928
4.36655327663832	0.738659107965801
4.37338669334667	0.739958242426809
4.38022011005503	0.730643912809561
4.38705352676338	0.713531473944606
4.39388694347174	0.701510860730607
4.40072036018009	0.707283599199303
4.40755377688844	0.742438245233754
4.4143871935968	0.817010460635038
4.42122061030515	0.917922173000619
4.42805402701351	1.01434430972599
4.43488744372186	1.07499348250257
4.44172086043022	1.07413510142094
4.44855427713857	1.02329272680397
4.45538769384692	0.949391963642833
4.46222111055528	0.879409060372285
4.46905452726363	0.837410412885869
4.47588794397199	0.825830143406602
4.48272136068034	0.823764090898181
4.48955477738869	0.807452004318242
4.49638819409705	0.765301244680674
4.5032216108054	0.713332251537971
4.51005502751376	0.673303818134429
4.51688844422211	0.658083358290407
4.52372186093047	0.678335111548283
4.53055527763882	0.728217783649125
4.53738869434717	0.780433131659831
4.54422211105553	0.813108298468485
4.55105552776388	0.818440338125264
4.55788894447224	0.789783787828692
4.56472236118059	0.722826312599404
4.57155577788894	0.628885578292069
4.5783891945973	0.528589254575418
4.58522261130565	0.435371363913707
4.59205602801401	0.360167411676555
4.59888944472236	0.313912466915028
4.60572286143072	0.30751477481039
4.61255627813907	0.341654979810876
4.61938969484742	0.387669338475002
4.62622311155578	0.416674395640857
4.63305652826413	0.415025342013299
4.63988994497249	0.387264553214801
4.64672336168084	0.362866349504439
4.65355677838919	0.362468219402555
4.66039019509755	0.381272158731275
4.6672236118059	0.399908660426841
4.67405702851426	0.397364230661511
4.68089044522261	0.373654443165072
4.68772386193097	0.361888124667519
4.69455727863932	0.41072445980259
4.70139069534767	0.522243389215314
4.70822411205603	0.625446242044805
4.71505752876438	0.630986950430461
4.72189094547274	0.470913007768341
4.72872436218109	0.164274250116464
4.73555777888944	-0.159627385296703
4.7423911955978	-0.373154602059004
4.74922461230615	-0.444095927838957
4.75605802901451	-0.400370406905568
4.76289144572286	-0.307250085410965
4.76972486243122	-0.226378937731354
4.77655827913957	-0.211823362747647
4.78339169584792	-0.312317638028997
4.79022511255628	-0.499964636401452
4.79705852926463	-0.681382830971046
4.80389194597299	-0.733775407162024
4.81072536268134	-0.582187899276787
4.8175587793897	-0.297576096496665
4.82439219609805	-0.0893647896621559
4.8312256128064	-0.142314669891905
4.83805902951476	-0.46248325458369
4.84489244622311	-0.906762348654116
4.85172586293147	-1.3249155667025
4.85855927963982	-1.59965488203518
4.86539269634817	-1.68060350539436
4.87222611305653	-1.59221575613798
4.87905952976488	-1.42691581120164
4.88589294647324	-1.28262219884203
4.89272636318159	-1.19183515583558
4.89955977988994	-1.158376121589
4.9063931965983	-1.17476315809571
4.91322661330665	-1.22923412357196
4.92006003001501	-1.31138485658601
4.92689344672336	-1.40619448080066
4.93372686343172	-1.493593672626
4.94056028014007	-1.5535990215583
4.94739369684843	-1.56626228533619
4.95422711355678	-1.51692924949027
4.96106053026513	-1.42555245656775
4.96789394697349	-1.33402682254284
4.97472736368184	-1.28924157984659
4.9815607803902	-1.31730473960952
4.98839419709855	-1.41261874313021
4.9952276138069	-1.54506579294586
5.00206103051526	-1.68097017743393
5.00889444722361	-1.79582836752037
5.01572786393197	-1.86628584498525
5.02256128064032	-1.87660604040842
5.02939469734867	-1.83704908952625
5.03622811405703	-1.76281078022115
5.04306153076538	-1.66583965762182
5.04989494747374	-1.55699930503448
5.05672836418209	-1.4471525933244
5.06356178089045	-1.34716234852196
5.0703951975988	-1.26398197068253
5.07722861430715	-1.18606969674577
5.08406203101551	-1.0975587410465
5.09089544772386	-0.994255548241665
5.09772886443222	-0.882207674934707
5.10456228114057	-0.774623153184389
5.11139569784893	-0.685898059545993
5.11822911455728	-0.630204314416831
5.12506253126563	-0.610519517773737
5.13189594797399	-0.611569813534385
5.13872936468234	-0.616549355450335
5.1455627813907	-0.615099563237575
5.15239619809905	-0.602406556203113
5.1592296148074	-0.57383838997975
5.16606303151576	-0.527097386764772
5.17289644822411	-0.471672470607963
5.17972986493247	-0.422321050198239
5.18656328164082	-0.393318512001387
5.19339669834917	-0.397642536731412
5.20023011505753	-0.444375249323712
5.20706353176588	-0.537581603493718
5.21389694847424	-0.678137428519597
5.22073036518259	-0.862023235518223
5.22756378189095	-1.07166759508238
5.2343971985993	-1.28030123896007
5.24123061530765	-1.45993581344536
5.24806403201601	-1.58258299177293
5.25489744872436	-1.62039763804339
5.26173086543272	-1.56333011122085
5.26856428214107	-1.44354818267757
5.27539769884943	-1.30606661588139
5.28223111555778	-1.19478246890756
5.28906453226613	-1.12413893454671
5.29589794897449	-1.06729976042865
5.30273136568284	-0.991936446845615
5.3095647823912	-0.867270168696395
5.31639819909955	-0.676682933119127
5.3232316158079	-0.441082984394959
5.33006503251626	-0.207894242357788
5.33689844922461	-0.0198507167206159
5.34373186593297	0.10337057209749
5.35056528264132	0.177715199629817
5.35739869934967	0.241777747087738
5.36423211605803	0.319419572612715
5.37106553276638	0.385990418349994
5.37789894947474	0.394918073851811
5.38473236618309	0.313930969365777
5.39156578289145	0.149345848780933
5.3983991995998	-0.0686137209290325
5.40523261630815	-0.309233119629181
5.41206603301651	-0.541797761621824
5.41889944972486	-0.735673558516664
5.42573286643322	-0.866249724736893
5.43256628314157	-0.921297041076366
5.43939969984993	-0.909341163100319
5.44623311655828	-0.853530503712544
5.45306653326663	-0.776214076779781
5.45989994997499	-0.691259132334344
5.46673336668334	-0.607496083044138
5.4735667833917	-0.532803941744389
5.48040020010005	-0.476297718056544
5.4872336168084	-0.451356556427625
5.49406703351676	-0.46872123637157
5.50090045022511	-0.529743003143394
5.50773386693347	-0.614128508909224
5.51456728364182	-0.68630144419585
5.52140070035018	-0.712866762098843
5.52823411705853	-0.683692816761786
5.53506753376688	-0.614332851359256
5.54190095047524	-0.531489974102873
5.54873436718359	-0.459657731312886
5.55556778389195	-0.407953693215069
5.5624012006003	-0.374700575877728
5.56923461730865	-0.357870439875505
5.57606803401701	-0.362574954684696
5.58290145072536	-0.396252261310366
5.58973486743372	-0.471097822593835
5.59656828414207	-0.598376138570887
5.60340170085043	-0.764660778135526
5.61023511755878	-0.941043650234418
5.61706853426713	-1.0885688305556
5.62390195097549	-1.15923417045428
5.63073536768384	-1.11186016380186
5.6375687843922	-0.931322693107835
5.64440220110055	-0.652386994765405
5.6512356178089	-0.357571572434687
5.65806903451726	-0.13497612301778
5.66490245122561	-0.0311786712646275
5.67173586793397	-0.0472370587511346
5.67856928464232	-0.15244789806126
5.68540270135068	-0.295392259384329
5.69223611805903	-0.432566274639797
5.69906953476738	-0.539345346196149
5.70590295147574	-0.622514015976722
5.71273636818409	-0.701214170551312
5.71956978489245	-0.79418632955835
5.7264032016008	-0.909510134822563
5.73323661830915	-1.04359648296505
5.74007003501751	-1.18205500674371
5.74690345172586	-1.31345906712575
5.75373686843422	-1.43276514821936
5.76057028514257	-1.53959349643119
5.76740370185093	-1.62287239840782
5.77423711855928	-1.66196552043185
5.78107053526763	-1.63233936028307
5.78790395197599	-1.49423127193156
5.79473736868434	-1.20744103222569
5.8015707853927	-0.7697783708018
5.80840420210105	-0.258753581698922
5.8152376188094	0.211178740154343
5.82207103551776	0.528960168989758
5.82890445222611	0.627898631765125
5.83573786893447	0.528851188867031
5.84257128564282	0.314218415178351
5.84940470235118	0.055607957337404
5.85623811905953	-0.209445872250773
5.86307153576788	-0.450968786075462
5.86990495247624	-0.66043365231238
5.87673836918459	-0.841300430357767
5.88357178589295	-0.994393602161704
5.8904052026013	-1.11019364409569
5.89723861930966	-1.17215229729664
5.90407203601801	-1.16564923442451
5.91090545272636	-1.10510994979922
5.91773886943472	-1.03024500399041
5.92457228614307	-0.981215979671727
5.93140570285143	-0.997956263768975
5.93823911955978	-1.10475080991407
5.94507253626813	-1.2485233561
5.95190595297649	-1.33547789803198
5.95873936968484	-1.34929125527325
5.9655727863932	-1.30991826371215
5.97240620310155	-1.24054945739229
5.97923961980991	-1.19479090037628
5.98607303651826	-1.22871647180239
5.99290645322661	-1.3325227081412
5.99973986993497	-1.42424227282852
6.00657328664332	-1.42103487198481
6.01340670335168	-1.31011689110013
6.02024012006003	-1.15389686400141
6.02707353676838	-1.04057101666204
6.03390695347674	-1.02527459610174
6.04074037018509	-1.13690476055291
6.04757378689345	-1.32501170025807
6.0544072036018	-1.51754770445789
6.06124062031016	-1.64663984913852
6.06807403701851	-1.68970816508619
6.07490745372686	-1.65617701509713
6.08174087043522	-1.58900109039129
6.08857428714357	-1.53685734693745
6.09540770385193	-1.5255236368245
6.10224112056028	-1.544703833439
6.10907453726863	-1.57712686598732
6.11590795397699	-1.60632840897468
6.12274137068534	-1.61653851247079
6.1295747873937	-1.6019538101122
6.13640820410205	-1.58820254296042
6.14324162081041	-1.60555312598698
6.15007503751876	-1.65928509402366
6.15690845422711	-1.72807720803189
6.16374187093547	-1.78892777795305
6.17057528764382	-1.82160106016592
6.17740870435218	-1.80573520078935
6.18424212106053	-1.71965827744368
6.19107553776889	-1.5472289157433
6.19790895447724	-1.28643771505556
6.20474237118559	-0.958236924768393
6.21157578789395	-0.612932115435207
6.2184092046023	-0.305795656242629
6.22524262131066	-0.0866470994924312
6.23207603801901	0.0400249796601704
6.23890945472736	0.0921999179217707
6.24574287143572	0.0922176987118294
6.25257628814407	0.0950789401411403
6.25940970485243	0.15252507764995
6.26624312156078	0.242374771015967
6.27307653826913	0.284169532271962
6.27990995497749	0.224123673239975
6.28674337168584	0.0675351837012722
6.2935767883942	-0.134998100484273
6.30041020510255	-0.326961186931822
6.30724362181091	-0.4519576782586
6.31407703851926	-0.469345152413064
6.32091045522761	-0.390854577980313
6.32774387193597	-0.24626173114643
6.33457728864432	-0.0655637534356292
6.34141070535268	0.120748862233973
6.34824412206103	0.279313971467046
6.35507753876939	0.383716013446116
6.36191095547774	0.423903950447239
6.36874437218609	0.402239590171722
6.37557778889445	0.342696410323125
6.3824112056028	0.274637896693216
6.38924462231116	0.225753060053543
6.39607803901951	0.204399980140611
6.40291145572786	0.199090026088736
6.40974487243622	0.196948906653613
6.41657828914457	0.185102296480793
6.42341170585293	0.151929280635226
6.43024512256128	0.101314243098207
6.43707853926963	0.0476074897390534
6.44391195597799	0.0053558371841517
6.45074537268634	-0.011093043828492
6.4575787893947	0.00427630964416741
6.46441220610305	0.0452736504065209
6.47124562281141	0.0965884995741783
6.47807903951976	0.13830095675639
6.48491245622811	0.16473488350238
6.49174587293647	0.187429971755008
6.49857928964482	0.219084352296303
6.50541270635318	0.27098720863027
6.51224612306153	0.344802054482642
6.51907953976989	0.423954193654367
6.52591295647824	0.487271596418242
6.53274637318659	0.524506563619857
6.53957978989495	0.534213270708022
6.5464132066033	0.533615341410879
6.55324662331166	0.545082269222317
6.56008004002001	0.570309426259567
6.56691345672836	0.591285289156436
6.57374687343672	0.58765090667235
6.58058029014507	0.539047338865865
6.58741370685343	0.430496299334333
6.59424712356178	0.276092567789256
6.60108054027013	0.109589220284027
6.60791395697849	-0.0322744480279292
6.61474737368684	-0.112758930307711
6.6215807903952	-0.103222371696563
6.62841420710355	-0.0281374427626078
6.63524762381191	0.0665830995797689
6.64208104052026	0.134965510258096
6.64891445722861	0.13149417569932
6.65574787393697	0.0275291666416396
6.66258129064532	-0.17193761490459
6.66941470735368	-0.409431231842076
6.67624812406203	-0.613899905220606
6.68308154077039	-0.71973457636493
6.68991495747874	-0.715190809918295
6.69674837418709	-0.639066643629144
6.70358179089545	-0.536731384812853
6.7104152076038	-0.452460780653174
6.71724862431216	-0.420405406345361
6.72408204102051	-0.454535340221993
6.73091545772886	-0.535934753278696
6.73774887443722	-0.630500726399585
6.74458229114557	-0.70163839358034
6.75141570785393	-0.723580389389428
6.75824912456228	-0.677674509070238
6.76508254127064	-0.563062104691461
6.77191595797899	-0.402259632818487
6.77874937468734	-0.227744465567171
6.7855827913957	-0.0732579595624184
6.79241620810405	0.0274583866460316
6.79924962481241	0.0438537913181626
6.80608304152076	-0.0252730919560024
6.81291645822911	-0.164565766415244
6.81974987493747	-0.347822207018046
6.82658329164582	-0.541297379257089
6.83341670835418	-0.717684835799948
6.84025012506253	-0.858262592295896
6.84708354177089	-0.948092499099764
6.85391695847924	-0.979246212030228
6.8607503751876	-0.954184164200559
6.86758379189595	-0.883664016752212
6.8744172086043	-0.779901352891558
6.88125062531266	-0.668491609394776
6.88808404202101	-0.585140689053327
6.89491745872936	-0.565803524387854
6.90175087543772	-0.635500540008328
6.90858429214607	-0.779648400304945
6.91541770885443	-0.974700393223167
6.92225112556278	-1.19710980677521
6.92908454227114	-1.42332997009239
6.93591795897949	-1.62978226908004
6.94275137568784	-1.79062070513856
6.9495847923962	-1.87694660064202
6.95641820910455	-1.87791468375063
6.96325162581291	-1.81285440680786
6.97008504252126	-1.71115618286566
6.97691845922962	-1.60206071957679
6.98375187593797	-1.50760728889397
6.99058529264632	-1.43556352011239
6.99741870935468	-1.38695855299858
7.00425212606303	-1.36046822725878
7.01108554277139	-1.35104109039404
7.01791895947974	-1.35246509011066
7.02475237618809	-1.35817174585654
7.03158579289645	-1.36080576490963
7.0384192096048	-1.35310446327261
7.04525262631316	-1.3317117968765
7.05208604302151	-1.30290955131371
7.05891945972987	-1.27525011347569
7.06575287643822	-1.26008805422022
7.07258629314657	-1.26941362686587
7.07941970985493	-1.31426390164035
7.08625312656328	-1.37956873001679
7.09308654327164	-1.4215900839986
7.09991995997999	-1.39512326801227
7.10675337668834	-1.25496353733143
7.1135867933967	-0.955906148181814
7.12042021010505	-0.45504694858062
7.12725362681341	0.222365146831816
7.13408704352176	0.927553061223689
7.14092046023012	1.48571110842493
7.14775387693847	1.79671647899837
7.15458729364682	1.88776198530142
7.16142071035518	1.84275230155538
7.16825412706353	1.7438245872262
7.17508754377189	1.63935310317022
7.18192096048024	1.53944763931948
7.18875437718859	1.44553136444292
7.19558779389695	1.33374151882202
7.2024212106053	1.17983983847861
7.20925462731366	0.992920672724408
7.21608804402201	0.790887272191919
7.22292146073037	0.591643025953566
7.22975487743872	0.413286176932831
7.23658829414707	0.288981792690253
7.24342171085543	0.278891802090632
7.25025512756378	0.425165417339742
7.25708854427214	0.716803811314756
7.26392196098049	1.09986644304689
7.27075537768884	1.47854877635405
7.2775887943972	1.76278303165442
7.28442221110555	1.88577951942155
7.29125562781391	1.81479311074018
7.29808904452226	1.55467012641415
7.30492246123062	1.14805475836976
7.31175587793897	0.650620589257186
7.31858929464732	0.118187280990803
7.32542271135568	-0.393425497943395
7.33225612806403	-0.828014885143587
7.33908954477239	-1.12325699740215
7.34592296148074	-1.21222534390036
7.35275637818909	-1.05862172252689
7.35958979489745	-0.720470279392506
7.3664232116058	-0.298106035770612
7.37325662831416	0.107966281202423
7.38009004502251	0.414745646122027
7.38692346173087	0.565308360266974
7.39375687843922	0.532766698340522
7.40059029514757	0.344206111967794
7.40742371185593	0.0804749940754571
7.41425712856428	-0.140025653399191
7.42109054527264	-0.197102102798451
7.42792396198099	0.00794781195039095
7.43475737868935	0.432896604009674
7.4415907953977	0.923543397491043
7.44842421210605	1.31104890558993
7.45525762881441	1.51253813157995
7.46209104552276	1.57201900381222
7.46892446223112	1.55300716641681
7.47575787893947	1.50995603052302
7.48259129564782	1.49052700941847
7.48942471235618	1.52919308125313
7.49625812906453	1.57854887190813
7.50309154577289	1.55418892498589
7.50992496248124	1.42178980220918
7.51675837918959	1.25099213007327
7.52359179589795	1.15197647463659
7.5304252126063	1.18268939343087
7.53725862931466	1.29010574423929
7.54409204602301	1.39469245999877
7.55092546273137	1.41796944151971
7.55775887943972	1.32086892027489
7.56459229614807	1.14711207729184
7.57142571285643	0.961922275459955
7.57825912956478	0.823178740823827
7.58509254627314	0.761157402130931
7.59192596298149	0.78367602537107
7.59875937968985	0.837310772661636
7.6055927963982	0.860562819088266
7.61242621310655	0.823325109275997
7.61925962981491	0.739682287300295
7.62609304652326	0.657714776544066
7.63292646323162	0.615768744869901
7.63975987993997	0.622003040175964
7.64659329664832	0.657851885420481
7.65342671335668	0.665877494357844
7.66026013006503	0.589910969077271
7.66709354677339	0.397369215997874
7.67392696348174	0.104635540391051
7.68076038019009	-0.216970564586574
7.68759379689845	-0.470155516328386
7.6944272136068	-0.556990318489364
7.70126063031516	-0.424193762461895
7.70809404702351	-0.14511245004955
7.71492746373187	0.149717952623295
7.72176088044022	0.305222458696149
7.72859429714857	0.22520382302057
7.73542771385693	-0.0636356001667852
7.74226113056528	-0.455889551953
7.74909454727364	-0.826866114811799
7.75592796398199	-1.0812264559598
7.76276138069035	-1.20085565938252
7.7695947973987	-1.23966566339063
7.77642821410705	-1.25991851309261
7.78326163081541	-1.28971879641783
7.79009504752376	-1.34072824298957
7.79692846423212	-1.42450417132802
7.80376188094047	-1.54401220251279
7.81059529764883	-1.659253666278
7.81742871435718	-1.71983586544637
7.82426213106553	-1.71537389997377
7.83109554777389	-1.64903023762534
7.83792896448224	-1.52397750107899
7.84476238119059	-1.34338830638437
7.85159579789895	-1.11043519855744
7.8584292146073	-0.828785670297655
7.86526263131566	-0.513132405711467
7.87209604802401	-0.190094071264651
7.87892946473237	0.113002065852165
7.88576288144072	0.371294669751552
7.89259629814908	0.580106520985087
7.89942971485743	0.745257888892277
7.90626313156578	0.873423190583503
7.91309654827414	0.967832551623518
7.91992996498249	1.03123799877675
7.92676338169085	1.07079877182585
7.9335967983992	1.10232741931763
7.94043021510755	1.15267410083993
7.94726363181591	1.24329840195881
7.95409704852426	1.36161899961261
7.96093046523262	1.44060802656722
7.96776388194097	1.41010725385689
7.97459729864932	1.24596739565755
7.98143071535768	0.988290698439635
7.98826413206603	0.688861062649691
7.99509754877439	0.402096000039475
8.00193096548274	0.201590963834166
8.0087643821911	0.149503542706081
8.01559779889945	0.296551851225648
8.0224312156078	0.611892543229955
8.02926463231616	0.993032263917953
8.03609804902451	1.33505532031969
8.04293146573287	1.53853824235352
8.04976488244122	1.55276912213569
8.05659829914958	1.40593254278667
8.06343171585793	1.18000546444935
8.07026513256628	0.953596633709879
8.07709854927464	0.77327857490061
8.08393196598299	0.622783632899279
8.09076538269135	0.474060906584531
8.0975987993997	0.319212413043814
8.10443221610806	0.181004440100976
8.11126563281641	0.088384205174836
8.11809904952476	0.0651197537817595
8.12493246623312	0.11171034280905
8.13176588294147	0.183379608169466
8.13859929964982	0.217008135040617
8.14543271635818	0.167396526926608
8.15226613306653	0.0152050979752978
8.15909954977489	-0.250170995495791
8.16593296648324	-0.5885160944718
8.1727663831916	-0.93319859700759
8.17959979989995	-1.22425571377609
8.1864332166083	-1.40628840677786
8.19326663331666	-1.45244952201413
8.20010005002501	-1.38011680470813
8.20693346673337	-1.22953927941209
8.21376688344172	-1.04172621622904
8.22060030015007	-0.857861943207105
8.22743371685843	-0.724425839803195
8.23426713356678	-0.693194254893959
8.24110055027514	-0.783891629311018
8.24793396698349	-0.939341745794625
8.25476738369185	-1.08139892338735
8.2616008004002	-1.12319667061592
8.26843421710856	-1.00626881730274
8.27526763381691	-0.735564608935685
8.28210105052526	-0.359178220292005
8.28893446723362	0.0496172023813194
8.29576788394197	0.368066795913594
8.30260130065033	0.461732629931529
8.30943471735868	0.255401686978075
8.31626813406703	-0.150586777765586
8.32310155077539	-0.604022399841766
8.32993496748374	-0.963605457422143
8.3367683841921	-1.19119134756143
8.34360180090045	-1.30254647066328
8.3504352176088	-1.3167476813116
8.35726863431716	-1.27050988036342
8.36410205102551	-1.19883691612661
8.37093546773387	-1.13481175108693
8.37776888444222	-1.11151725098009
8.38460230115058	-1.16203638373332
8.39143571785893	-1.31416635649901
8.39826913456728	-1.53310494255209
8.40510255127564	-1.74316819882135
8.41193596798399	-1.8776254296313
8.41876938469235	-1.90688102624347
8.4256028014007	-1.83433386367171
8.43243621810906	-1.69593443126362
8.43926963481741	-1.53108732117996
8.44610305152576	-1.37919441284615
8.45293646823412	-1.27144983363259
8.45976988494247	-1.19703768039773
8.46660330165083	-1.12667360751115
8.47343671835918	-1.030733044622
8.48027013506753	-0.879874075572108
8.48710355177589	-0.664877805684148
8.49393696848424	-0.430760284749146
8.5007703851926	-0.241992777797203
8.50760380190095	-0.149012127479241
8.51443721860931	-0.172938655542186
8.52127063531766	-0.302010903457658
8.52810405202601	-0.509505354837065
8.53493746873437	-0.760511554779145
8.54177088544272	-1.01982329419961
8.54860430215108	-1.25223434957723
8.55543771885943	-1.42253849954077
8.56227113556779	-1.50056062093731
8.56910455227614	-1.5034627803698
8.57593796898449	-1.47384276856227
8.58277138569285	-1.43674943651697
8.5896048024012	-1.39475450488861
8.59643821910956	-1.34892797867174
8.60327163581791	-1.30033985558185
8.61010505252626	-1.25006021675625
8.61693846923462	-1.19915906866893
8.62377188594297	-1.14870641135748
8.63060530265133	-1.0997723489001
8.63743871935968	-1.05296957878348
8.64427213606803	-0.996643031156984
8.65110555277639	-0.906280631250481
8.65793896948474	-0.76987819088746
8.6647723861931	-0.590063676461565
8.67160580290145	-0.370227807847821
8.67843921960981	-0.1137613061956
8.68527263631816	0.174612157821952
8.69210605302651	0.472059219784615
8.69893946973487	0.742689109424309
8.70577288644322	0.951517524640099
8.71260630315158	1.07962717152221
8.71943971985993	1.13919041020717
8.72627313656828	1.15778532339399
8.73310655327664	1.16297274572304
8.73993996998499	1.17274343967555
8.74677338669335	1.19254451531782
8.7536068034017	1.22145517989312
8.76044022011006	1.2565895681344
8.76727363681841	1.29501728629969
8.77410705352676	1.33402419901899
8.78094047023512	1.37072900288545
8.78777388694347	1.40090669210927
8.79460730365183	1.41860838330577
8.80144072036018	1.4172616500973
8.80827413706854	1.39032596285528
8.81510755377689	1.33423324277646
8.82194097048524	1.2515437713509
8.8287743871936	1.15211482230896
8.83560780390195	1.04904874724451
8.84244122061031	0.955468339317841
8.84927463731866	0.884496433261847
8.85610805402701	0.849255988532235
8.86294147073537	0.862469519751308
8.86977488744372	0.922926978612762
8.87660830415208	1.00532632508955
8.88344172086043	1.0771719093466
8.89027513756879	1.11106228704022
8.89710855427714	1.09678682493529
8.90394197098549	1.04653042083991
8.91077538769385	0.976184256351381
8.9176088044022	0.90163958355195
8.92444222111055	0.838787720949345
8.93127563781891	0.803439674581802
8.93810905452726	0.802736108884679
8.94494247123562	0.82586571476408
8.95177588794397	0.854353866858625
8.95860930465233	0.868392434207291
8.96544272136068	0.848172348812086
8.97227613806903	0.77874102824151
8.97910955477739	0.677281887558801
8.98594297148574	0.57809868628712
8.9927763881941	0.507761204151899
8.99960980490245	0.464382103189552
9.00644322161081	0.434499948540642
9.01327663831916	0.404617349670084
9.02011005502751	0.361236832522794
9.02694347173587	0.292247704011933
9.03377688844422	0.195758509736983
9.04061030515258	0.0843904327604852
9.04744372186093	-0.0252322077714462
9.05427713856928	-0.125321890596446
9.06111055527764	-0.212765703784877
9.06794397198599	-0.283063532744745
9.07477738869435	-0.317872275895299
9.0816108054027	-0.285164563019962
9.08844422211106	-0.150077151246185
9.09527763881941	0.0942672798379309
9.10211105552776	0.422150403942112
9.10894447223612	0.781704401412736
9.11577788894447	1.10098774607588
9.12261130565283	1.31874080409367
9.12944472236118	1.40443989742903
9.13627813906954	1.36974505827575
9.14311155577789	1.26966873977583
9.14994497248624	1.16157820276012
9.1567783891946	1.10016344612603
9.16361180590295	1.10754933083163
9.17044522261131	1.16057582782934
9.17727863931966	1.23181301497499
9.18411205602801	1.29383124387869
9.19094547273637	1.32010482569976
9.19777888944472	1.2921936659161
9.20461230615308	1.20046251642561
9.21144572286143	1.07376919939191
9.21827913956979	0.986064373222913
9.22511255627814	0.988860944339008
9.23194597298649	1.05977881313122
9.23877938969485	1.12196214525665
9.2456128064032	1.09309503985258
9.25244622311155	0.959759854394457
9.25927963981991	0.770836021192707
9.26611305652826	0.591016460437726
9.27294647323662	0.495635507953026
9.27977988994497	0.529316176115133
9.28661330665333	0.636529496433318
9.29344672336168	0.703215615579922
9.30028014007004	0.629022294470832
9.30711355677839	0.442264667626229
9.31394697348674	0.246201902782264
9.3207803901951	0.14555110005674
9.32761380690345	0.223420746226066
9.33444722361181	0.466264535872063
9.34128064032016	0.75430363084638
9.34811405702852	0.949925210824215
9.35494747373687	0.951057271652992
9.36178089044522	0.745472954416549
9.36861430715358	0.360273951106068
9.37544772386193	-0.090317625889577
9.38228114057029	-0.464237359434631
9.38911455727864	-0.626833508152914
9.39594797398699	-0.568734043696624
9.40278139069535	-0.442929141699205
9.4096148074037	-0.406421506130895
9.41644822411206	-0.502839164557426
9.42328164082041	-0.652192911042669
9.43011505752876	-0.717495983595341
9.43694847423712	-0.614525762344021
9.44378189094547	-0.416637320482011
9.45061530765383	-0.234689989301618
9.45744872436218	-0.17521197226235
9.46428214107054	-0.286843272143042
9.47111555777889	-0.560285948452968
9.47794897448724	-0.907497222452998
9.4847823911956	-1.18949456897161
9.49161580790395	-1.30499270910661
9.49844922461231	-1.28587100032171
9.50528264132066	-1.19361361924406
9.51211605802902	-1.08977053757698
9.51894947473737	-1.03423743233217
9.52578289144572	-1.05907483376037
9.53261630815408	-1.14474180500172
9.53944972486243	-1.2272716679254
9.54628314157079	-1.23833349183866
9.55311655827914	-1.14356871010903
9.55994997498749	-0.948241029035511
9.56678339169585	-0.686701215771425
9.5736168084042	-0.398702788731317
9.58045022511256	-0.130197176182363
9.58728364182091	0.0725149257952699
9.59411705852927	0.192198791428075
9.60095047523762	0.284913175698435
9.60778389194597	0.406770239623451
9.61461730865433	0.5666540898201
9.62145072536268	0.736879098580843
9.62828414207104	0.860123275290351
9.63511755877939	0.915327005574404
9.64195097548775	0.951893259759484
9.6487843921961	1.01108599174222
9.65561780890445	1.06924876133527
9.66245122561281	1.05844621060951
9.66928464232116	0.946668854117375
9.67611805902952	0.794669944677174
9.68295147573787	0.690361023114874
9.68978489244622	0.680246328226623
9.69661830915458	0.736323662167107
9.70345172586293	0.812127049769176
9.71028514257129	0.863654035171274
9.71711855927964	0.865759639515764
9.72395197598799	0.82124085467496
9.73078539269635	0.755421308157374
9.7376188094047	0.697728034667968
9.74445222611306	0.680529036422982
9.75128564282141	0.724887295416438
9.75811905952976	0.816577804364845
9.76495247623812	0.91803676973984
9.77178589294647	0.994234262521579
9.77861930965483	1.02042254478944
9.78545272636318	0.986153265154136
9.79228614307154	0.908544806234556
9.79911955977989	0.814733302925877
9.80595297648824	0.731043919007013
9.8127863931966	0.670953352108551
9.81961980990495	0.622048740801532
9.82645322661331	0.570836949154812
9.83328664332166	0.505173349626405
9.84012006003002	0.420108408902023
9.84695347673837	0.328997371473032
9.85378689344672	0.246853776568891
9.86062031015508	0.183535978410583
9.86745372686343	0.120933101275883
9.87428714357179	0.0310002591264579
9.88112056028014	-0.108320321523624
9.88795397698849	-0.289727174475961
9.89478739369685	-0.483550200759518
9.9016208104052	-0.658380108151213
9.90845422711356	-0.789598275573745
9.91528764382191	-0.867612448134046
9.92212106053027	-0.88816773353128
9.92895447723862	-0.875982388559454
9.93578789394697	-0.880826789578586
9.94262131065533	-0.926093699956889
9.94945472736368	-1.00072600915886
9.95628814407204	-1.07272360824078
9.96312156078039	-1.11032212515163
9.96995497748875	-1.08555312715303
9.9767883941971	-0.989295528304928
9.98362181090545	-0.83092555111328
9.99045522761381	-0.620979917241287
9.99728864432216	-0.375036271604093
10.0041220610305	-0.112966176047461
10.0109554777389	0.145142257838422
10.0177888944472	0.379201246805273
10.0246223111556	0.570253567174858
10.0314557278639	0.706786663791294
10.0382891445723	0.786125035683568
10.0451225612806	0.811346710338673
10.051955977989	0.786304904696051
10.0587893946973	0.718940409649069
10.0656228114057	0.622609896638975
10.0724562281141	0.525203672524831
10.0792896448224	0.461837636508675
10.0861230615308	0.458596124858895
10.0929564782391	0.525391819801814
10.0997898949475	0.648060411877998
10.1066233116558	0.796162578847093
10.1134567283642	0.936996678992385
10.1202901450725	1.02630908315023
10.1271235617809	1.02151714383192
10.1339569784892	0.903650972471167
10.1407903951976	0.685577490284306
10.147623811906	0.415699150492929
10.1544572286143	0.155821654923085
10.1612906453227	-0.0320702170038374
10.168124062031	-0.102504107016809
10.1749574787394	-0.0437209901620159
10.1817908954477	0.123899856502757
10.1886243121561	0.312565658287039
10.1954577288644	0.417814009126816
10.2022911455728	0.354695179940027
10.2091245622811	0.0985803473233522
10.2159579789895	-0.297258283908145
10.2227913956979	-0.734406642731691
10.2296248124062	-1.10850762006648
10.2364582291146	-1.34403238235713
10.2432916458229	-1.42969774279655
10.2501250625313	-1.36511170284156
10.2569584792396	-1.17911534698808
10.263791895948	-0.958162413676808
10.2706253126563	-0.807672899204753
10.2774587293647	-0.786426827306657
10.284292146073	-0.849293628961347
10.2911255627814	-0.88361091396323
10.2979589794897	-0.803031181807131
10.3047923961981	-0.591082708826833
10.3116258129065	-0.286303714516353
10.3184592296148	0.0358925418315448
10.3252926463232	0.300950347154759
10.3321260630315	0.479254571255656
10.3389594797399	0.56866390074934
10.3457928964482	0.591006501316849
10.3526263131566	0.589057124297034
10.3594597298649	0.595748969500015
10.3662931465733	0.640784970860442
10.3731265632816	0.739905496134162
10.37995997999	0.864309557071978
10.3867933966983	0.984871689549536
10.3936268134067	1.09763568221583
10.4004602301151	1.22195719040018
10.4072936468234	1.38413030975665
10.4141270635318	1.57338724305042
10.4209604802401	1.75317502352341
10.4277938969485	1.87860752603924
10.4346273136568	1.90708804032934
10.4414607303652	1.84021742708511
10.4482941470735	1.72423903435212
10.4551275637819	1.62019468830852
10.4619609804902	1.56142365191831
10.4687943971986	1.54405248985506
10.475627813907	1.5364287061553
10.4824612306153	1.50501518250163
10.4892946473237	1.41989542287471
10.496128064032	1.27814082415904
10.5029614807404	1.11505978136799
10.5097948974487	0.96897939245741
10.5166283141571	0.868710438955041
10.5234617308654	0.827887616956999
10.5302951475738	0.837475892135702
10.5371285642821	0.86709248321018
10.5439619809905	0.885695212909972
10.5507953976989	0.876617801419807
10.5576288144072	0.841639639853244
10.5644622311156	0.795274252019301
10.5712956478239	0.754649034208378
10.5781290645323	0.737041018146049
10.5849624812406	0.740736723351129
10.591795897949	0.72703178918009
10.5986293146573	0.647494006722527
10.6054627313657	0.476423406195186
10.612296148074	0.232813169553772
10.6191295647824	-0.0534496196851894
10.6259629814907	-0.342442502637513
10.6327963981991	-0.601403504236445
10.6396298149075	-0.802285907327706
10.6464632316158	-0.928953315062359
10.6532966483242	-0.993225849588399
10.6601300650325	-1.02667734820625
10.6669634817409	-1.05906903784854
10.6737968984492	-1.11262431209179
10.6806303151576	-1.19430023292461
10.6874637318659	-1.30048803171511
10.6942971485743	-1.42083060300969
10.7011305652826	-1.53945688797743
10.707963981991	-1.63981380676996
10.7147973986993	-1.70773418292007
10.7216308154077	-1.73093747184725
10.7284642321161	-1.71046243716535
10.7352976488244	-1.6604052061744
10.7421310655328	-1.59922649734553
10.7489644822411	-1.54530705988398
10.7557978989495	-1.50901301447286
10.7626313156578	-1.4882450432894
10.7694647323662	-1.47799826848347
10.7762981490745	-1.46965548328097
10.7831315657829	-1.45919437855623
10.7899649824912	-1.44942841418999
10.7967983991996	-1.44194622231963
10.803631815908	-1.43137429590712
10.8104652326163	-1.40534745993094
10.8172986493247	-1.34892306541129
10.824132066033	-1.25385480037194
10.8309654827414	-1.12852662808882
10.8377988994497	-0.99052275996937
10.8446323161581	-0.855262692051722
10.8514657328664	-0.727159150127681
10.8582991495748	-0.607738334344082
10.8651325662831	-0.498526388108346
10.8719659829915	-0.399490981627522
10.8787993996999	-0.301192908071101
10.8856328164082	-0.191959232919631
10.8924662331166	-0.0644764463673242
10.8992996498249	0.0836339482208254
10.9061330665333	0.252233954847976
10.9129664832416	0.440941588984445
10.91979989995	0.653295899535279
10.9266333166583	0.901869361914842
10.9334667333667	1.19062287099614
10.940300150075	1.49260896732359
10.9471335667834	1.7725783755213
10.9539669834917	1.99542229448516
10.9608004002001	2.13031856882991
10.9676338169085	2.1513080069629
10.9744672336168	2.03477850729788
10.9813006503252	1.80543466406877
10.9881340670335	1.55144603977378
10.9949674837419	1.36498634555624
11.0018009004502	1.29312489898519
11.0086343171586	1.33427747184982
11.0154677338669	1.42325647071004
11.0223011505753	1.4519778191855
11.0291345672836	1.32399666274098
11.035967983992	1.03424896934933
11.0428014007004	0.631360779709861
11.0496348174087	0.165771547525461
11.0564682341171	-0.312079040279609
11.0633016508254	-0.744941182386266
11.0701350675338	-1.05284168972599
11.0769684842421	-1.18396913491272
11.0838019009505	-1.16623719252716
11.0906353176588	-1.07350970225042
11.0974687343672	-0.983931008939797
11.1043021510755	-0.933956543521084
11.1111355677839	-0.902969404422466
11.1179689844922	-0.837960378905615
11.1248024012006	-0.686513441898347
11.131635817909	-0.428977695482788
11.1384692346173	-0.0907754285850861
11.1453026513257	0.29123416517731
11.152136068034	0.676418440180497
11.1589694847424	1.01614132186478
11.1658029014507	1.27947146781691
11.1726363181591	1.45108681847399
11.1794697348674	1.51616537318521
11.1863031515758	1.4730904259987
11.1931365682841	1.35806269733554
11.1999699849925	1.21681368589901
11.2068034017009	1.09525482898819
11.2136368184092	1.03716998604505
11.2204702351176	1.04992038712571
11.2273036518259	1.10097051067181
11.2341370685343	1.15494437556985
11.2409704852426	1.17712394482714
11.247803901951	1.1487672777187
11.2546373186593	1.08304142929487
11.2614707353677	1.01941962825146
11.268304152076	0.989918889858578
11.2751375687844	0.988134816086716
11.2819709854927	0.994223512595201
11.2888044022011	0.988294920039474
11.2956378189095	0.959756739330731
11.3024712356178	0.918527154640155
11.3093046523262	0.877401172338538
11.3161380690345	0.85299321489612
11.3229714857429	0.861995191704569
11.3298049024512	0.907171577962356
11.3366383191596	0.977508258422611
11.3434717358679	1.05977323905978
11.3503051525763	1.13398023193731
11.3571385692846	1.17858298138438
11.363971985993	1.18107889956326
11.3708054027014	1.14510382741082
11.3776388194097	1.08845319744398
11.3844722361181	1.0337383394866
11.3913056528264	1.00297218554549
11.3981390695348	1.00542142707401
11.4049724862431	1.03772948847595
11.4118059029515	1.08295009403626
11.4186393196598	1.11885271303424
11.4254727363682	1.12319344046936
11.4323061530765	1.07373546081215
11.4391395697849	0.957440820924794
11.4459729864932	0.788454616478947
11.4528064032016	0.587620950643396
11.45963981991	0.389952047974716
11.4664732366183	0.236407746772167
11.4733066533267	0.150530319215556
11.480140070035	0.141742734480572
11.4869734867434	0.21906369513704
11.4938069034517	0.384238443116125
11.5006403201601	0.585609113330867
11.5074737368684	0.728451485343296
11.5143071535768	0.698452660986288
11.5211405702851	0.423717179981031
11.5279739869935	-0.0180656399239632
11.5348074037019	-0.489692562050538
11.5416408204102	-0.86405272140068
11.5484742371186	-1.08938975416243
11.5553076538269	-1.16401681493002
11.5621410705353	-1.11418656440645
11.5689744872436	-1.0005785080689
11.575807903952	-0.892618512068369
11.5826413206603	-0.833734325884023
11.5894747373687	-0.831321254304616
11.596308154077	-0.872447981463705
11.6031415707854	-0.942209941557934
11.6099749874937	-1.02627782193978
11.6168084042021	-1.11173069328195
11.6236418209105	-1.19144423688615
11.6304752376188	-1.26231159230441
11.6373086543272	-1.32110725946038
11.6441420710355	-1.36187614343742
11.6509754877439	-1.38098621587323
11.6578089044522	-1.37747627757481
11.6646423211606	-1.35351692841247
11.6714757378689	-1.31807970141393
11.6783091545773	-1.28105534664692
11.6851425712856	-1.25237412028552
11.691975987994	-1.24197787885671
11.6988094047024	-1.258641700386
11.7056428214107	-1.29489730599589
11.7124762381191	-1.3312346687554
11.7193096548274	-1.34979353343854
11.7261430715358	-1.33887584867557
11.7329764882441	-1.30180796235595
11.7398099049525	-1.24504455424803
11.7466433216608	-1.18238082124142
11.7534767383692	-1.13618632103899
11.7603101550775	-1.12734736454597
11.7671435717859	-1.15669768312088
11.7739769884942	-1.2133653044551
11.7808104052026	-1.2863125981067
11.787643821911	-1.36031247030741
11.7944772386193	-1.41216958048427
11.8013106553277	-1.42620038414117
11.808144072036	-1.38919345020323
11.8149774887444	-1.30290245665342
11.8218109054527	-1.19471053454503
11.8286443221611	-1.09451622797639
11.8354777388694	-1.0310364169603
11.8423111555778	-1.00447895138809
11.8491445722861	-0.985781761979119
11.8559779889945	-0.944548939026167
11.8628114057029	-0.850384572254136
11.8696448224112	-0.674269318005017
11.8764782391196	-0.417612106908968
11.8833116558279	-0.111582703502685
11.8901450725363	0.211406340644498
11.8969784892446	0.518942314661618
11.903811905953	0.778612547625847
11.9106453226613	0.961169794653093
11.9174787393697	1.0586945767734
11.924312156078	1.07207408021082
11.9311455727864	1.00222338822423
11.9379789894947	0.854127405977445
11.9448124062031	0.660728853655628
11.9516458229115	0.476614983172165
11.9584792396198	0.356045532685752
11.9653126563282	0.322186580502207
11.9721460730365	0.352808676408798
11.9789794897449	0.408656816925473
11.9858129064532	0.451165177416114
11.9926463231616	0.463540694675836
11.9994797398699	0.458628502889498
12.0063131565783	0.452649581549453
12.0131465732866	0.457941867841762
12.019979989995	0.476109888569696
12.0268134067034	0.505652288489812
12.0336468234117	0.543437826136498
12.0404802401201	0.582042679984081
12.0473136568284	0.614531723977037
12.0541470735368	0.647582956080868
12.0609804902451	0.696560703642077
12.0678139069535	0.776801905532959
12.0746473236618	0.901427835445065
12.0814807403702	1.07104147557055
12.0883141570785	1.25580801317665
12.0951475737869	1.41402186080793
12.1019809904952	1.49710921186787
12.1088144072036	1.46275123829603
12.115647823912	1.31898733154312
12.1224812406203	1.1118466365679
12.1293146573287	0.888630046149786
12.136148074037	0.696451984845143
12.1429814907454	0.576513460392599
12.1498149074537	0.556084909831034
12.1566483241621	0.635060891964168
12.1634817408704	0.781622362968833
12.1703151575788	0.933163614480454
12.1771485742871	1.03484127611305
12.1839819909955	1.05749451349677
12.1908154077039	1.01338314813235
12.1976488244122	0.936080318193763
12.2044822411206	0.848966666203902
12.2113156578289	0.73185680788865
12.2181490745373	0.54140751315629
12.2249824912456	0.231140471902202
12.231815907954	-0.213362811918227
12.2386493246623	-0.755534042764822
12.2454827413707	-1.27650511806341
12.252316158079	-1.63786566415376
12.2591495747874	-1.79229534736375
12.2659829914957	-1.79635473930223
12.2728164082041	-1.72153269856913
12.2796498249125	-1.62721291129409
12.2864832416208	-1.56886997089782
12.2933166583292	-1.60105047275644
12.3001500750375	-1.72887453594352
12.3069834917459	-1.87864638404303
12.3138169084542	-1.98170733198262
12.3206503251626	-1.99621355218084
12.3274837418709	-1.92673994255247
12.3343171585793	-1.83457860505292
12.3411505752876	-1.78391426157899
12.347983991996	-1.7797553782046
12.3548174087044	-1.77699505333576
12.3616508254127	-1.7348898265491
12.3684842421211	-1.63149937137613
12.3753176588294	-1.51519848178238
12.3821510755378	-1.46725568671823
12.3889844922461	-1.540014868883
12.3958179089545	-1.70298685669586
12.4026513256628	-1.83212620729995
12.4094847423712	-1.78017407937139
12.4163181590795	-1.48407818345515
12.4231515757879	-1.01732282249095
12.4299849924962	-0.472310195056148
12.4368184092046	0.0585578327065558
12.443651825913	0.483810210144118
12.4504852426213	0.728909488111651
12.4573186593297	0.80463954622016
12.464152076038	0.769594698890124
12.4709854927464	0.70054354431737
12.4778189094547	0.660943038593688
12.4846523261631	0.655893944862993
12.4914857428714	0.674452782737434
12.4983191595798	0.705550681433612
12.5051525762881	0.735980715812347
12.5119859929965	0.756392353960026
12.5188194097049	0.766622173949213
12.5256528264132	0.780510877449949
12.5324862431216	0.813935429643113
12.5393196598299	0.878424142060834
12.5461530765383	0.970657674341026
12.5529864932466	1.0732009146289
12.559819909955	1.16658564118163
12.5666533266633	1.23416327392408
12.5734867433717	1.27098404544386
12.58032016008	1.28129375870738
12.5871535767884	1.27015966544539
12.5939869934967	1.24264875792926
12.6008204102051	1.20382786756356
12.6076538269135	1.15873858642721
12.6144872436218	1.10528655633625
12.6213206603302	1.02449092491332
12.6281540770385	0.894978130664511
12.6349874937469	0.708654265012586
12.6418209104552	0.491348434243011
12.6486543271636	0.295846062196322
12.6554877438719	0.184957294469148
12.6623211605803	0.191229971505172
12.6691545772886	0.307368941593744
12.675987993997	0.478858502079695
12.6828214107054	0.645541956667729
12.6896548274137	0.747679869376728
12.6964882441221	0.75823514957663
12.7033216608304	0.687494046981402
12.7101550775388	0.549740652124453
12.7169884942471	0.359259381956529
12.7238219109555	0.130338067449657
12.7306553276638	-0.118774946853979
12.7374887443722	-0.359335046156595
12.7443221610805	-0.567839824979599
12.7511555777889	-0.72798164791088
12.7579889944972	-0.836557441261918
12.7648224112056	-0.893667096715742
12.771655827914	-0.904821341311548
12.7784892446223	-0.879645771601423
12.7853226613307	-0.828103451543982
12.792156078039	-0.760157070491365
12.7989894947474	-0.685769860572184
12.8058229114557	-0.615118271010501
12.8126563281641	-0.562506261461906
12.8194897448724	-0.545919631545666
12.8263231615808	-0.574421348024638
12.8331565782891	-0.6371385127003
12.8399899949975	-0.720542557196071
12.8468234117059	-0.810650333163263
12.8536568284142	-0.884830119345352
12.8604902451226	-0.912698145776857
12.8673236618309	-0.86372902481539
12.8741570785393	-0.723549476987413
12.8809904952476	-0.513444557179112
12.887823911956	-0.28149592522248
12.8946573286643	-0.0828462679105655
12.9014907453727	0.0558778036558871
12.908324162081	0.144510406385849
12.9151575787894	0.200092767445765
12.9219909954977	0.25269803219606
12.9288244122061	0.330310439585787
12.9356578289145	0.442681222721678
12.9424912456228	0.571897328780328
12.9493246623312	0.693616162342762
12.9561580790395	0.793658430737616
12.9629914957479	0.861859708566771
12.9698249124562	0.889169086402637
12.9766583291646	0.867733206117928
12.9834917458729	0.790935025384565
12.9903251625813	0.657884483216384
12.9971585792896	0.469959256312096
13.003991995998	0.233354993632412
13.0108254127064	-0.0263029564035648
13.0176588294147	-0.278494675035758
13.0244922461231	-0.494254672577099
13.0313256628314	-0.660258930453508
13.0381590795398	-0.786299840401416
13.0449924962481	-0.895471839627577
13.0518259129565	-1.0175114699084
13.0586593296648	-1.16494033737153
13.0654927463732	-1.31640749216926
13.0723261630815	-1.44118510697228
13.0791595797899	-1.51126656900555
13.0859929964983	-1.51350873198337
13.0928264132066	-1.46652931074164
13.099659829915	-1.39325713608576
13.1064932466233	-1.31662183296908
13.1133266633317	-1.25955227251302
13.12016008004	-1.24360054132688
13.1269934967484	-1.2770147588448
13.1338269134567	-1.34987030768037
13.1406603301651	-1.43983407283332
13.1474937468734	-1.52255075389939
13.1543271635818	-1.58070745341051
13.1611605802901	-1.60984605661411
13.1679939969985	-1.61370778151491
13.1748274137069	-1.59757303369962
13.1816608304152	-1.56501133946634
13.1884942471236	-1.51417591119334
13.1953276638319	-1.44172069887795
13.2021610805403	-1.34082362867128
13.2089944972486	-1.2083227686186
13.215827913957	-1.05178356939922
13.2226613306653	-0.88116246956043
13.2294947473737	-0.709844974170842
13.236328164082	-0.550868205166451
13.2431615807904	-0.40867258665257
13.2499949974987	-0.282959514550927
13.2568284142071	-0.173306092646369
13.2636618309155	-0.0792895199468228
13.2704952476238	-0.000487074203959113
13.2773286643322	0.0635241273741891
13.2841620810405	0.113166618528635
13.2909954977489	0.14886343478987
13.2978289144572	0.17103702037551
13.3046623311656	0.180110396445218
13.3114957478739	0.176506165087913
13.3183291645823	0.160647232383249
13.3251625812906	0.132956172288693
13.331995997999	0.0938558963760308
13.3388294147074	0.0437691699564274
13.3456628314157	-0.0168814686725897
13.3524962481241	-0.0876730791952132
13.3593296648324	-0.168182810746588
13.3661630815408	-0.257988146327031
13.3729964982491	-0.356666051002885
13.3798299149575	-0.463793981396154
13.3866633316658	-0.578949075276391
13.3934967483742	-0.701708736519645
13.4003301650825	-0.831650010479656
13.4071635817909	-0.9683128560565
13.4139969984993	-1.11074466131961
13.4208304152076	-1.25764542149804
13.427663831916	-1.40770742597535
13.4344972486243	-1.55962326469357
13.4413306653327	-1.71206062907776
13.448164082041	-1.86154390308213
13.4549974987494	-2.0008112620331
13.4618309154577	-2.12220908990773
13.4686643321661	-2.21793807349856
13.4754977488744	-2.27996921771103
13.4823311655828	-2.30252439686078
13.4891645822911	-2.28777916099264
13.4959979989995	-2.25148766715855
13.5028314157079	-2.21856541214736
13.5096648324162	-2.20807173131253
13.5164982491246	-2.22707635582485
13.5233316658329	-2.25728277270374
13.5301650825413	-2.27458489776108
13.5369984992496	-2.27161024372381
13.543831915958	-2.2571762940337
13.5506653326663	-2.24136510356266
13.5574987493747	-2.22937994658894
13.564332166083	-2.22384657052116
13.5711655827914	-2.22722811541437
13.5779989994997	-2.24156809865015
13.5848324162081	-2.26804667588307
13.5916658329165	-2.30072057537837
13.5984992496248	-2.32600233082581
13.6053326663332	-2.32470456032939
13.6121660830415	-2.27938342018772
13.6189994997499	-2.18564802434215
13.6258329164582	-2.04966461556633
13.6326663331666	-1.88734500405086
13.6394997498749	-1.71588496585864
13.6463331665833	-1.54406011903929
13.6531665832916	-1.37223530441209
13.66	-1.2004103954721
13.67	0
14.0369696969697	0
14.4039393939394	0
14.7709090909091	0
15.1378787878788	0
15.5048484848485	0
15.8718181818182	0
16.2387878787879	0
16.6057575757576	0
16.9727272727273	0
17.339696969697	0
17.7066666666667	0
18.0736363636364	0
18.4406060606061	0
18.8075757575758	0
19.1745454545455	0
19.5415151515151	0
19.9084848484849	0
20.2754545454545	0
20.6424242424242	0
21.0093939393939	0
21.3763636363636	0
21.7433333333333	0
22.110303030303	0
22.4772727272727	0
22.8442424242424	0
23.2112121212121	0
23.5781818181818	0
23.9451515151515	0
24.3121212121212	0
24.6790909090909	0
25.0460606060606	0
25.4130303030303	0
25.78	0
26.1469696969697	0
26.5139393939394	0
26.8809090909091	0
27.2478787878788	0
27.6148484848485	0
27.9818181818182	0
28.3487878787879	0
28.7157575757576	0
29.0827272727273	0
29.449696969697	0
29.8166666666667	0
30.1836363636364	0
30.5506060606061	0
30.9175757575758	0
31.2845454545455	0
31.6515151515151	0
32.0184848484849	0
32.3854545454545	0
32.7524242424242	0
33.1193939393939	0
33.4863636363636	0
33.8533333333333	0
34.220303030303	0
34.5872727272727	0
34.9542424242424	0
35.3212121212121	0
35.6881818181818	0
36.0551515151515	0
36.4221212121212	0
36.7890909090909	0
37.1560606060606	0
37.5230303030303	0
37.89	0
38.2569696969697	0
38.6239393939394	0
38.9909090909091	0
39.3578787878788	0
39.7248484848485	0
40.0918181818182	0
40.4587878787879	0
40.8257575757576	0
41.1927272727273	0
41.559696969697	0
41.9266666666667	0
42.2936363636364	0
42.6606060606061	0
43.0275757575758	0
43.3945454545455	0
43.7615151515151	0
44.1284848484848	0
44.4954545454545	0
44.8624242424242	0
45.2293939393939	0
45.5963636363636	0
45.9633333333333	0
46.330303030303	0
46.6972727272727	0
47.0642424242424	0
47.4312121212121	0
47.7981818181818	0
48.1651515151515	0
48.5321212121212	0
48.8990909090909	0
49.2660606060606	0
49.6330303030303	0
50	0
