time	Kabschange
0	-0.434226117817084
0.00683341670835418	-0.401420531285689
0.0136668334167084	-0.266246761020423
0.0205002501250625	-0.0210091508365001
0.0273336668334167	0.18834814824865
0.0341670835417709	0.259345843796746
0.0410005002501251	0.0967356515225526
0.0478339169584792	-0.324435232675359
0.0546673336668334	-1.00280747848318
0.0615007503751876	-0.281168506717571
0.0683341670835418	0.735292759314983
0.075167583791896	1.61848298855857
0.0820010005002501	2.28609170262182
0.0888344172086043	2.41223034865903
0.0956678339169585	1.73161791825619
0.102501250625313	0.243801138035992
0.109334667333667	-0.771653228585264
0.116168084042021	0.123960654375806
0.123001500750375	0.0922668102698413
0.129834917458729	-0.883822428306184
0.136668334167084	-0.143530676067243
0.143501750875438	0.612782567464247
0.150335167583792	0.97615144762485
0.157168584292146	0.944728934516852
0.1640020010005	0.407860191176162
0.170835417708854	-0.562135786918092
0.177668834417209	-0.819601884770686
0.184502251125563	-0.540335207723093
0.191335667833917	-0.837184279517664
0.198169084542271	-0.713931154492855
0.205002501250625	-0.114013099098481
0.211835917958979	0.270282842983912
0.218669334667334	0.337877670165255
0.225502751375688	0.0414524100228422
0.232336168084042	-0.603624803375236
0.239169584792396	-0.781009286531343
0.24600300150075	-0.103026951121411
0.252836418209105	0.178753311558607
0.259669834917459	-0.0834499780735806
0.266503251625813	-0.8132435882413
0.273336668334167	-0.527240026363579
0.280170085042521	-0.111035917533491
0.287003501750875	-0.217815251783432
0.29383691845923	-0.847817317780661
0.300670335167584	-0.37540441951425
0.307503751875938	0.285403602496165
0.314337168584292	0.32159389070075
0.321170585292646	-0.0610673412957286
0.328004002001	-0.449408302515982
0.334837418709355	-0.663423202675355
0.341670835417709	-0.56641957713023
0.348504252126063	-0.313471257251212
0.355337668834417	-0.143895512842325
0.362171085542771	-0.320023377235329
0.369004502251126	-0.902665988432835
0.37583791895948	-0.656631497344556
0.382671335667834	-0.2495224448452
0.389504752376188	-0.0525959472925565
0.396338169084542	-0.0123077651778919
0.403171585792896	-0.0258562416380918
0.410005002501251	-0.0599151406328429
0.416838419209605	-0.1789769091734
0.423671835917959	-0.492392236969639
0.430505252626313	-0.980957795097723
0.437338669334667	-0.717447493206694
0.444172086043022	-0.305123621636807
0.451005502751376	-0.0426997905773985
0.45783891945973	-0.0576268604332619
0.464672336168084	-0.363769428299875
0.471505752876438	-0.945621418896789
0.478339169584792	-0.494391635579591
0.485172586293147	0.0172633793840187
0.492006003001501	-0.0706096428742503
0.498839419709855	-0.730263536913876
0.505672836418209	-0.565087722624838
0.512506253126563	0.221022379278946
0.519339669834918	0.625447444205914
0.526173086543272	0.608697284668426
0.533006503251626	0.169357359496007
0.53983991995998	-0.563678360554043
0.546673336668334	-0.852452144076428
0.553506753376688	-0.13714582395878
0.560340170085043	0.261049046175288
0.567173586793397	0.307834228012803
0.574007003501751	0.105340440121513
0.580840420210105	-0.181711262732623
0.587673836918459	-0.516292539368224
0.594507253626813	-0.722180283362254
0.601340670335168	-0.737273633743591
0.608174087043522	-0.563055222447318
0.615007503751876	-0.275694812219435
0.62184092046023	0.0402508908394535
0.628674337168584	0.147884832573982
0.635507753876939	-0.0925041555311193
0.642341170585293	-0.592147468634056
0.649174587293647	-1.04775453916248
0.656008004002001	-0.627899714172436
0.662841420710355	-0.429958134296171
0.669674837418709	-0.471176387156958
0.676508254127064	-0.730897160700784
0.683341670835418	-1.04848923236709
0.690175087543772	-0.962336759721506
0.697008504252126	-0.966753116513658
0.70384192096048	-0.35385079235518
0.710675337668834	0.567761911823495
0.717508754377189	1.3605164290746
0.724342171085543	1.37175361953517
0.731175587793897	0.445593237244333
0.738009004502251	-0.83346514813877
0.744842421210605	-0.859171919743018
0.75167583791896	-0.772764396803899
0.758509254627314	0.335855563698184
0.765342671335668	0.718141103010789
0.772176088044022	-0.00395750449147248
0.779009504752376	-0.87600126632985
0.78584292146073	0.0478195780294704
0.792676338169085	-0.0182367179282091
0.799509754877439	-1.00833047824612
0.806343171585793	0.8497580918858
0.813176588294147	2.09420132031862
0.820010005002501	1.92945970030883
0.826843421710855	0.42097172153578
0.83367683841921	-0.746322857670024
0.840510255127564	0.679807786559419
0.847343671835918	1.35335797322685
0.854177088544272	1.25774195770233
0.861010505252626	0.667680848373166
0.867843921960981	-0.164754079456813
0.874677338669335	-1.03631235488125
0.881510755377689	-0.588292668663921
0.888344172086043	-0.336951484553482
0.895177588794397	-0.328049921082973
0.902011005502751	-0.492899037906983
0.908844422211106	-0.787987424532399
0.91567783891946	-1.03046707545903
0.922511255627814	-0.776279918518825
0.929344672336168	-0.74554005345499
0.936178089044522	-0.934626824688892
0.943011505752877	-0.852466004551533
0.949844922461231	-0.414455695666143
0.956678339169585	-0.0390486052365767
0.963511755877939	0.230248385415411
0.970345172586293	0.330076155109752
0.977178589294647	0.245514391915113
0.984012006003002	-0.0581881627147976
0.990845422711356	-0.573936270320602
0.99767883941971	-0.98704247038548
1.00451225612806	-0.427178943529849
1.01134567283642	-0.0185499835782224
1.01817908954477	0.175279756947809
1.02501250625313	0.151075873474022
1.03184592296148	-0.0978833640839797
1.03867933966984	-0.571305014389903
1.04551275637819	-0.999115538690981
1.05234617308654	-0.869714921121562
1.0591795897949	-0.890676071007931
1.06601300650325	-0.213995585027535
1.07284642321161	0.347274770441944
1.07967983991996	0.472084987729982
1.08651325662831	0.0994543377084054
1.09334667333667	-0.75163690000272
1.10018009004502	-0.45316672844587
1.10701350675338	0.237041348242243
1.11384692346173	0.61759145445062
1.12068034017009	0.689710053398792
1.12751375687844	0.452049872827466
1.13434717358679	-0.0933266671080317
1.14118059029515	-0.767908713670609
1.1480140070035	-0.859210921981436
1.15484742371186	-0.633450337174668
1.16168084042021	-0.709461182338266
1.16851425712856	-0.945801462186453
1.17534767383692	-0.85744977818278
1.18218109054527	-0.456245337731468
1.18901450725363	-0.1736352262227
1.19584792396198	-0.0089155102381476
1.20268134067034	0.045309969195832
1.20951475737869	0.0837772730033325
1.21634817408704	0.209190609807821
1.2231815907954	0.421241823433286
1.23001500750375	0.695097443533972
1.23684842421211	0.744375276750639
1.24368184092046	0.4422719306923
1.25051525762881	-0.454393516141894
1.25734867433717	-0.300152028930223
1.26418209104552	1.28968968905821
1.27101550775388	2.51413971573883
1.27784892446223	3.21556302038647
1.28468234117059	3.39337628453071
1.29151575787894	3.04793238939106
1.29834917458729	2.20600385510831
1.30518259129565	1.19621769418467
1.312016008004	0.114466737455911
1.31884942471236	-1.02582333366291
1.32568284142071	-0.379740682305584
1.33251625812906	-0.238814868160688
1.33934967483742	-0.727203479224821
1.34618309154577	-0.586536675037372
1.35301650825413	-0.0820818419181948
1.35984992496248	0.00778832528145793
1.36668334167084	-0.12851933183259
1.37351675837919	-0.480134565103203
1.38035017508754	-0.893583758721244
1.3871835917959	-1.01113861132692
1.39401700850425	-0.728890748051983
1.40085042521261	-0.183306528021493
1.40768384192096	0.28912196792611
1.41451725862931	0.541823486702416
1.42135067533767	0.438521511582288
1.42818409204602	0.00152583040319571
1.43501750875438	-0.598259681863557
1.44185092546273	-0.978955950500713
1.44868434217109	-0.492826832355738
1.45551775887944	-0.168720437362167
1.46235117558779	-0.0077852744924901
1.46918459229615	0.0214823339039995
1.4760180090045	-0.0269884435942528
1.48285142571286	-0.112100611421695
1.48968484242121	-0.18191578296124
1.49651825912956	-0.22651161933927
1.50335167583792	-0.32324128972325
1.51018509254627	-0.596549528909494
1.51701850925463	-1.06264658065271
1.52385192596298	-0.517882268784007
1.53068534267134	-0.028638582872097
1.53751875937969	0.088292922195658
1.54435217608804	-0.242814168587373
1.5511855927964	-0.944097441257327
1.55801900950475	-0.34974756025485
1.56485242621311	-0.152540830501421
1.57168584292146	-0.911755483420914
1.57851925962982	-0.120643942758763
1.58535267633817	0.471777116906197
1.59218609304652	0.308930810239487
1.59901950975488	-0.316307015943151
1.60585292646323	-1.05194137310323
1.61268634317159	-0.753211969633532
1.61951975987994	-0.866051673159877
1.62635317658829	-0.983301287705638
1.63318659329665	-0.605136746833741
1.640020010005	0.096651765283084
1.64685342671336	0.517120603248803
1.65368684342171	0.418443514954482
1.66052026013007	-0.135742879398149
1.66735367683842	-0.900124626278226
1.67418709354677	-0.804502543965437
1.68102051025513	-0.878027506602608
1.68785392696348	-1.04003532708825
1.69468734367184	-0.954036020890941
1.70152076038019	-0.98428237048774
1.70835417708854	-0.997908922801623
1.7151875937969	-0.932545168162615
1.72202101050525	-0.77811597728512
1.72885442721361	-0.706383829285199
1.73568784392196	-0.824858088004863
1.74252126063032	-1.04655797240186
1.74935467733867	-1.04845926645983
1.75618809404702	-0.829514488130363
1.76302151075538	-0.670870078003059
1.76985492746373	-0.707552165748646
1.77668834417209	-0.96270969100802
1.78352176088044	-0.715163953915011
1.79035517758879	-0.106801331173398
1.79718859429715	0.308016724161208
1.8040220110055	0.249420351130435
1.81085542771386	-0.0432338809896871
1.81768884442221	-0.352541304871373
1.82452226113057	-0.674009117078601
1.83135567783892	-1.01575612510163
1.83818909454727	-0.728673779146853
1.84502251125563	-0.2229004188877
1.85185592796398	0.140346539552311
1.85868934467234	-0.0185329813247894
1.86552276138069	-0.615686444712825
1.87235617808904	-0.994950122659242
1.8791895947974	-0.756720295520313
1.88602301150575	-1.01414344341844
1.89285642821411	-0.57672760627883
1.89968984492246	0.0359654566766325
1.90652326163082	0.073106500416311
1.91335667833917	-0.546944162631006
1.92019009504752	-1.0413527541381
1.92702351175588	-0.967908885575625
1.93385692846423	-0.534687667618065
1.94069034517259	0.212487881425357
1.94752376188094	0.702888674626473
1.95435717858929	-0.304691939113286
1.96119059529765	-0.191500760846029
1.968024012006	0.580686773082589
1.97485742871436	-0.243750416556382
1.98169084542271	0.37692439278456
1.98852426213107	2.45699249471178
1.99535767883942	3.38356698346491
2.00219109554777	2.45639767457161
2.00902451225613	0.0899751855107493
2.01585792896448	0.484334313160179
2.02269134567284	2.81111834376159
2.02952476238119	3.60540128698147
2.03635817908954	2.56218844182224
2.0431915957979	0.0656575689698747
2.05002501250625	-0.111347554062359
2.05685842921461	0.725689999949945
2.06369184592296	0.730785878901472
2.07052526263132	0.444088913641218
2.07735867933967	-0.0699664013673671
2.08419209604802	-0.436183684805919
2.09102551275638	-0.579185199699769
2.09785892946473	-0.498313326496113
2.10469234617309	-0.194758890042791
2.11152576288144	0.332858937949214
2.11835917958979	0.971984999599151
2.12519259629815	1.3234552815864
2.1320260130065	1.22640199583182
2.13885942971486	0.680054987394647
2.14569284642321	-0.303368377999166
2.15252626313157	-0.53019709898673
2.15935967983992	1.0439961600205
2.16619309654827	2.63623537660128
2.17302651325663	3.6940180676255
2.17985992996498	3.91435401516439
2.18669334667334	3.32158022757391
2.19352676338169	2.15524443645864
2.20036018009005	0.867656294728345
2.2071935967984	-0.406930662578714
2.21402701350675	-0.854499230112899
2.22086043021511	-0.495731942068074
2.22769384692346	-0.553783412390794
2.23452726363182	-0.856333852165204
2.24136068034017	-0.775861625538378
2.24819409704852	-0.378484277573275
2.25502751375688	-0.614024000764586
2.26186093046523	-0.467022591309372
2.26869434717359	0.89708998127921
2.27552776388194	1.31129641996066
2.2823611805903	0.617290720768581
2.28919459729865	-0.795908531596983
2.296028014007	-0.221159061172561
2.30286143071536	-0.0436557113136361
2.30969484742371	-0.700074997288521
2.31652826413207	-0.728013491363425
2.32336168084042	-0.0202521088978576
2.33019509754877	-0.0690275732693759
2.33702851425713	-1.06870158435188
2.34386193096548	-0.749088812220496
2.35069534767384	-0.345230563724762
2.35752876438219	1.69968327060911
2.36436218109055	3.43314108059908
2.3711955977989	3.62283156838795
2.37802901450725	2.315548895719
2.38486243121561	-0.0653714586367601
2.39169584792396	0.44746454615433
2.39852926463232	2.37762387376026
2.40536268134067	3.67877717248745
2.41219609804902	4.35071878508739
2.41902951475738	4.30981982211586
2.42586293146573	3.45842198366768
2.43269634817409	1.7959284176346
2.43952976488244	-0.677053846899817
2.4463631815908	1.07925459710318
2.45319659829915	2.4026141905739
2.4600300150075	2.17046859365926
2.46686343171586	0.637594942460071
2.47369684842421	-0.792195006603523
2.48053026513257	0.248270753915925
2.48736368184092	0.229339258653752
2.49419709854927	-0.645931161896721
2.50103051525763	-0.275766937272225
2.50786393196598	0.211535954955284
2.51469734867434	-0.133826896660885
2.52153076538269	-0.928977379653267
2.52836418209105	-0.545874905246273
2.5351975987994	-0.24622116735722
2.54203101550775	-0.52553565711765
2.54886443221611	-0.926540613741745
2.55569784892446	-0.289892728833542
2.56253126563282	-0.236672315046528
2.56936468234117	-0.875306133632584
2.57619809904952	-0.441317088916271
2.58303151575788	0.0186736646544965
2.58986493246623	0.0241623486454435
2.59669834917459	-0.21731796423838
2.60353176588294	-0.55796046694965
2.6103651825913	-0.95443604824774
2.61719859929965	-0.880366424142964
2.624032016008	-0.643164769287468
2.63086543271636	-0.59043312438491
2.63769884942471	-0.852980594775615
2.64453226613307	-0.749389613876792
2.65136568284142	-0.0733768903764291
2.65819909954977	0.654748529962429
2.66503251625813	1.06710067527627
2.67186593296648	0.7218231513794
2.67869934967484	-0.209177930869435
2.68553276638319	-1.08297927511207
2.69236618309155	-0.637296656023554
2.6991995997999	-0.620363109523561
2.70603301650825	-0.950794217286223
2.71286643321661	-0.926898491207617
2.71969984992496	-0.912188906143029
2.72653326663332	-1.08312914363962
2.73336668334167	-0.874288977512268
2.74020010005003	-0.646101513263304
2.74703351675838	-0.41919626722817
2.75386693346673	-0.466639142322844
2.76070035017509	-0.771893037217348
2.76753376688344	-1.07496999780062
2.7743671835918	-0.934926460996222
2.78120060030015	-1.03707560551953
2.7880340170085	-0.803911280730909
2.79486743371686	-0.250671913492717
2.80170085042521	0.346125668531777
2.80853426713357	0.670594695232402
2.81536768384192	0.716524071019528
2.82220110055028	0.608478452639139
2.82903451725863	0.430952705877886
2.83586793396698	0.262769216127426
2.84270135067534	0.16077864439423
2.84953476738369	0.133570059324422
2.85636818409205	0.207301711791481
2.8632016008004	0.388486962045057
2.87003501750875	0.645850099126475
2.87686843421711	0.766706856471898
2.88370185092546	0.577055594450679
2.89053526763382	-0.0865440581358802
2.89736868434217	-0.906237348322688
2.90420210105053	0.59089912024712
2.91103551775888	1.68499076118089
2.91786893446723	2.31487247979362
2.92470235117559	2.48073825787693
2.93153576788394	2.14425185206319
2.9383691845923	1.33304140252043
2.94520260130065	0.256364826967496
2.952036018009	-0.793626842639258
2.95886943471736	-0.634905690064248
2.96570285142571	-0.374994855467932
2.97253626813407	-0.578849649211297
2.97936968484242	-0.921306631173363
2.98620310155078	-1.05524668152113
2.99303651825913	-1.06070615202099
2.99986993496748	-0.73624910460543
3.00670335167584	-0.334084200591819
3.01353676838419	-0.0625799297837084
3.02037018509255	-0.00229518733688899
3.0272036018009	-0.155163422956324
3.03403701850925	-0.496502657084344
3.04087043521761	-0.789396381007578
3.04770385192596	-0.838895948309835
3.05453726863432	-0.583853065673614
3.06137068534267	-0.268892849969035
3.06820410205103	-0.120930419968273
3.07503751875938	-0.295035988834225
3.08187093546773	-0.720017676224311
3.08870435217609	-1.08141177202568
3.09553776888444	-1.06741648631497
3.1023711855928	-0.699115102978755
3.10920460230115	-0.0576192958616785
3.1160380190095	0.547274840524117
3.12287143571786	0.732481874800759
3.12970485242621	0.33511303995457
3.13653826913457	-0.527885279666831
3.14337168584292	-0.658228768289614
3.15020510255128	0.125363916796163
3.15703851925963	0.560646492701845
3.16387193596798	0.637958334053475
3.17070535267634	0.519007170755629
3.17753876938469	0.422272132965657
3.18437218609305	0.363665434298442
3.1912056028014	0.0199858392771413
3.19803901950976	-0.712592442046679
3.20487243621811	-0.490786478685566
3.21170585292646	0.58056915166194
3.21853926963482	1.62147861406741
3.22537268634317	2.0220993559777
3.23220610305153	1.71408253266725
3.23903951975988	0.953444708240741
3.24587293646823	0.185413488676284
3.25270635317659	-0.456308131558095
3.25953976988494	-0.942419425817879
3.2663731865933	-1.06681963382988
3.27320660330165	-1.01862647966428
3.28004002001001	-0.838435607959554
3.28687343671836	-0.939257375633363
3.29370685342671	-0.762912241000795
3.30054027013507	-0.0643722032758306
3.30737368684342	0.644828829660359
3.31420710355178	1.339631033122
3.32104052026013	1.79421309951264
3.32787393696848	1.93436856983413
3.33470735367684	1.79076936516265
3.34154077038519	1.41151314731605
3.34837418709355	0.875151647216411
3.3552076038019	0.383957651589967
3.36204102051026	-0.0416379356700858
3.36887443721861	-0.330383382184694
3.37570785392696	-0.464637006045009
3.38254127063532	-0.444229893407521
3.38937468734367	-0.269331588293511
3.39620810405203	-0.0247158707235596
3.40304152076038	0.0452393902387269
3.40987493746873	-0.0750159818149093
3.41670835417709	-0.385417236090861
3.42354177088544	-0.885546745020457
3.4303751875938	-0.745805450919942
3.43720860430215	-0.389659285820363
3.44404202101051	-0.2425944646522
3.45087543771886	-0.261858246230956
3.45770885442721	-0.44532165171193
3.46454227113557	-0.778915439914462
3.47137568784392	-1.0066602042022
3.47820910455228	-0.935776359337827
3.48504252126063	-0.714738532116422
3.49187593796898	-0.56269153845267
3.49870935467734	-0.48915778539088
3.50554277138569	-0.494217565257544
3.51237618809405	-0.569189382905002
3.5192096048024	-0.638687290693526
3.52604302151076	-0.667410875724784
3.53287643821911	-0.698982573350668
3.53970985492746	-0.775999654253876
3.54654327163582	-0.898844718479775
3.55337668834417	-1.06712511199975
3.56021010505253	-0.863773339213273
3.56704352176088	-0.497458505856316
3.57387693846923	-0.190542894325923
3.58071035517759	-0.169514727264762
3.58754377188594	-0.363818497167659
3.5943771885943	-0.690681083755359
3.60121060530265	-1.07188469894158
3.60804402201101	-0.750409127705191
3.61487743871936	-0.645736909770816
3.62171085542771	-0.772792778510873
3.62854427213607	-1.04744844737339
3.63537768884442	-0.740939818352749
3.64221110555278	-0.864992878036184
3.64904452226113	-0.721330304688445
3.65587793896948	0.0367032385924299
3.66271135567784	0.30851550131005
3.66954477238619	-0.0270426238202108
3.67637818909455	-0.606226427041112
3.6832116058029	-1.06754363173469
3.69004502251126	-1.0191463131607
3.69687843921961	-0.76081224130059
3.70371185592796	-0.39803025126797
3.71054527263632	-0.263108743487231
3.71737868934467	-0.444342197796057
3.72421210605303	-0.918273289816461
3.73104552276138	-0.843934494816548
3.73787893946974	-0.729052185647217
3.74471235617809	-0.916581336351627
3.75154577288644	-0.781189919998925
3.7583791895948	-0.385723004467462
3.76521260630315	-0.358409030683134
3.77204602301151	-0.690468262798284
3.77887943971986	-1.07989455789676
3.78571285642821	-1.04843475111703
3.79254627313657	-0.816333752263801
3.79937968984492	-0.479969946915709
3.80621310655328	-0.192846955636329
3.81304652326163	-0.206943640982412
3.81987993996999	-0.718135255424204
3.82671335667834	-0.747869285899617
3.83354677338669	-0.35430456977051
3.84038019009505	-0.712796192225503
3.8472136068034	-0.277821260444529
3.85404702351176	0.793863291200163
3.86088044022011	1.27406651154609
3.86771385692846	1.16299978816136
3.87454727363682	0.460637026689884
3.88138069034517	-0.696586637523381
3.88821410705353	-0.365729972002535
3.89504752376188	0.427014186672374
3.90188094047024	0.89807066777572
3.90871435717859	1.04240216666929
3.91554777388694	0.856285738533055
3.9223811905953	0.422753840108477
3.92921460730365	-0.247662513604323
3.93604802401201	-1.08297858459648
3.94288144072036	-0.0901431756729531
3.94971485742871	1.02083432319271
3.95654827413707	1.93539084969273
3.96338169084542	2.24886501088694
3.97021510755378	1.63803979826742
3.97704852426213	0.0343985249486134
3.98388194097049	-0.00656504353581808
3.99071535767884	1.71852568384059
3.99754877438719	1.74896490822287
4.00438219109555	-0.0689920984216016
4.0112156078039	0.144446215400925
4.01804902451226	1.44935983452591
4.02488244122061	1.12307171478166
4.03171585792896	-0.880327892725745
4.03854927463732	1.20081782309722
4.04538269134567	2.40065046611273
4.05221610805403	1.95428548223752
4.05904952476238	0.451236099738541
4.06588294147074	-0.764559921368382
4.07271635817909	0.802347851660507
4.07954977488744	1.63533938591799
4.0863831915958	1.77241209939928
4.09321660830415	1.43130355103884
4.10005002501251	0.904787938331061
4.10688344172086	0.44774960217764
4.11371685842921	0.138958492193339
4.12055027513757	-0.0676121025983276
4.12738369184592	-0.278103919302989
4.13421710855428	-0.477497050991203
4.14105052526263	-0.659899886226218
4.14788394197099	-0.825082835506829
4.15471735867934	-0.966601191507173
4.16155077538769	-1.06847098587131
4.16838419209605	-1.01066191921124
4.1752176088044	-0.898211448894934
4.18205102551276	-0.770964509070109
4.18888444222111	-0.635162696366054
4.19571785892946	-0.504348675211305
4.20255127563782	-0.375087606396085
4.20938469234617	-0.240007688107814
4.21621810905453	-0.0971187200621167
4.22305152576288	0.113146639587479
4.22988494247124	0.447529854296939
4.23671835917959	0.900844165368346
4.24355177588794	1.30438757615007
4.2503851925963	1.51058880607592
4.25721860930465	1.45269449136929
4.26405202601301	1.12790028249312
4.27088544272136	0.728923211937841
4.27771885942972	0.40121278118214
4.28455227613807	0.170110489057902
4.29138569284642	-0.0751441529609467
4.29821910955478	-0.395593008810694
4.30505252626313	-0.792895662610886
4.31188594297149	-1.02617879807593
4.31871935967984	-0.781886995592844
4.32555277638819	-0.65068250185886
4.33238619309655	-0.619724157150134
4.3392196098049	-0.681291004560995
4.34605302651326	-0.835160076039798
4.35288644322161	-1.04007619976031
4.35971985992996	-1.03011196542541
4.36655327663832	-1.03518178317674
4.37338669334667	-1.05415962795961
4.38022011005503	-0.946630537230318
4.38705352676338	-0.924792119488904
4.39388694347174	-1.03980845384188
4.40072036018009	-0.910197356453842
4.40755377688844	-0.571738956151381
4.4143871935968	-0.196338156959242
4.42122061030515	-0.0890301007670072
4.42805402701351	-0.282694861832292
4.43488744372186	-0.777347987207492
4.44172086043022	-0.796715977532849
4.44855427713857	-0.445112104281103
4.45538769384692	-0.353087404975932
4.46222111055528	-0.5201985722214
4.46905452726363	-0.855533387394937
4.47588794397199	-1.06201316220724
4.48272136068034	-1.03536011675259
4.48955477738869	-0.80485663199675
4.49638819409705	-0.595630746373138
4.5032216108054	-0.621465361554673
4.51005502751376	-0.803959485556453
4.51688844422211	-1.07807113385229
4.52372186093047	-0.717078441789429
4.53055527763882	-0.547160160556082
4.53738869434717	-0.663875762422711
4.54422211105553	-0.894970304561811
4.55105552776388	-0.9868593032282
4.55788894447224	-0.627928512796679
4.56472236118059	-0.282251230137197
4.57155577788894	-0.124777701689734
4.5783891945973	-0.140090952043202
4.58522261130565	-0.260744181902242
4.59205602801401	-0.486645379161123
4.59888944472236	-0.817714512761437
4.60572286143072	-0.927132449986065
4.61255627813907	-0.647847370557226
4.61938969484742	-0.695175119722142
4.62622311155578	-0.941840519628171
4.63305652826413	-0.912938168354333
4.63988994497249	-0.785155801070358
4.64672336168084	-0.957920829145564
4.65355677838919	-0.97635423548023
4.66039019509755	-0.87247567707118
4.6672236118059	-0.981649700597193
4.67405702851426	-0.934365714611768
4.68089044522261	-0.846093832955797
4.68772386193097	-0.987686422103087
4.69455727863932	-0.237503960582392
4.70139069534767	0.0873615366525227
4.70822411205603	-0.425805933831978
4.71505752876438	-0.40983389267485
4.72189094547274	1.29227531113194
4.72872436218109	2.19275417640493
4.73555777888944	1.62976156969981
4.7423911955978	0.269066366471627
4.74922461230615	-1.04313988158112
4.75605802901451	-0.312481617160835
4.76289144572286	-0.164610094010823
4.76972486243122	-0.542767659713221
4.77655827913957	-0.736251038906935
4.78339169584792	0.430409553919788
4.79022511255628	0.863617396155226
4.79705852926463	0.229182138149754
4.80389194597299	-0.652073876260089
4.81072536268134	1.27957550251084
4.8175587793897	1.6371578108067
4.82439219609805	-0.116429910747558
4.8312256128064	0.908001933720722
4.83805902951476	2.83205983771636
4.84489244622311	3.29603296581365
4.85172586293147	2.3791997432274
4.85855927963982	0.658668109348952
4.86539269634817	-0.930495206642202
4.87222611305653	0.303493314327092
4.87905952976488	0.523017934342943
4.88589294647324	0.0512445723048196
4.89272636318159	-0.48907850019837
4.89955977988994	-1.02704926043112
4.9063931965983	-0.730786622756244
4.91322661330665	-0.413614544440922
4.92006003001501	-0.206178936816688
4.92689344672336	-0.179758921748253
4.93372686343172	-0.347397859595678
4.94056028014007	-0.706911398768477
4.94739369684843	-0.918545352986833
4.95422711355678	-0.356961705633024
4.96106053026513	-0.126822058442885
4.96789394697349	-0.371102916771456
4.97472736368184	-0.995859485618419
4.9815607803902	-0.468413676656533
4.98839419709855	0.0680922219881451
4.9952276138069	0.245421359209119
5.00206103051526	0.155263382818192
5.00889444722361	-0.159556322439991
5.01572786393197	-0.698547190114897
5.02256128064032	-0.922443119713808
5.02939469734867	-0.518562019005712
5.03622811405703	-0.247458882843177
5.04306153076538	-0.0809878412779546
5.04989494747374	-0.0190932446409312
5.05672836418209	-0.0615698687382394
5.06356178089045	-0.208726427560393
5.0703951975988	-0.341287111702947
5.07722861430715	-0.308591106818722
5.08406203101551	-0.161450768712304
5.09089544772386	-0.0351216685290181
5.09772886443222	-0.008852457551299
5.10456228114057	-0.121023904897585
5.11139569784893	-0.371780945051633
5.11822911455728	-0.744182492918496
5.12506253126563	-1.02636031307807
5.13189594797399	-1.03361374999534
5.13872936468234	-1.06314449779643
5.1455627813907	-1.02789203473982
5.15239619809905	-0.897381024529386
5.1592296148074	-0.722758010548295
5.16606303151576	-0.57355717772691
5.17289644822411	-0.560637945959287
5.17972986493247	-0.689892175858313
5.18656328164082	-0.950114141634856
5.19339669834917	-0.852666799698359
5.20023011505753	-0.418646156232405
5.20706353176588	0.0357734735531268
5.21389694847424	0.488746304268867
5.22073036518259	0.843533784194944
5.22756378189095	0.968474563587187
5.2343971985993	0.824104131837048
5.24123061530765	0.410494188980879
5.24806403201601	-0.272415507670266
5.25489744872436	-0.968750591099152
5.26173086543272	-0.167104808790477
5.26856428214107	0.222015777058365
5.27539769884943	0.173482615396695
5.28223111555778	-0.238587685120503
5.28906453226613	-0.527102003990535
5.29589794897449	-0.504263298545106
5.30273136568284	-0.172366369984851
5.3095647823912	0.429116782350769
5.31639819909955	1.02684866170866
5.3232316158079	1.24595285004043
5.33006503251626	0.988840955849094
5.33689844922461	0.414551608823692
5.34373186593297	-0.192496226428814
5.35056528264132	-0.485656931111216
5.35739869934967	-0.411536799410265
5.36423211605803	-0.318009413597604
5.37106553276638	-0.661855833282014
5.37789894947474	-0.779711368655541
5.38473236618309	0.139743158884155
5.39156578289145	0.800942998198665
5.3983991995998	1.16665822313727
5.40523261630815	1.236943357657
5.41206603301651	1.01172960319592
5.41889944972486	0.498609899677686
5.42573286643322	-0.184828373770822
5.43256628314157	-0.913611610375527
5.43939969984993	-0.723428456994553
5.44623311655828	-0.417385786712904
5.45306653326663	-0.291916642994109
5.45989994997499	-0.264127570776195
5.46673336668334	-0.313615244656186
5.4735667833917	-0.438777139366569
5.48040020010005	-0.673946165854385
5.4872336168084	-1.04204833000635
5.49406703351676	-0.700742966769726
5.50090045022511	-0.337203334240978
5.50773386693347	-0.275658387073159
5.51456728364182	-0.572122869162236
5.52140070035018	-1.06816338315404
5.52823411705853	-0.573235468392472
5.53506753376688	-0.31265248410323
5.54190095047524	-0.313609644236371
5.54873436718359	-0.491477782746423
5.55556778389195	-0.6853077671452
5.5624012006003	-0.846120910364473
5.56923461730865	-1.01836223618508
5.57606803401701	-0.916166502157201
5.58290145072536	-0.59430062827029
5.58973486743372	-0.118862415023444
5.59656828414207	0.36709418004091
5.60340170085043	0.608753044018486
5.61023511755878	0.545422876209941
5.61706853426713	0.0386440615590721
5.62390195097549	-0.932362357742722
5.63073536768384	0.00232219908168542
5.6375687843922	1.23400691313559
5.64440220110055	1.82436158722489
5.6512356178089	1.51785851977411
5.65806903451726	0.507288289688609
5.66490245122561	-0.691501920011518
5.67173586793397	-0.429607236277976
5.67856928464232	0.1881024488487
5.68540270135068	0.313923193220935
5.69223611805903	0.102773262630304
5.69906953476738	-0.20467365525924
5.70590295147574	-0.340850524791946
5.71273636818409	-0.290649071442551
5.71956978489245	-0.0860877579271832
5.7264032016008	0.126346041083134
5.73323661830915	0.249069610292318
5.74007003501751	0.219887694387956
5.74690345172586	0.122399831504343
5.75373686843422	-0.000253915958839894
5.76057028514257	-0.141719659829384
5.76740370185093	-0.466335883255316
5.77423711855928	-0.991868081891485
5.78107053526763	-0.351716739625151
5.78790395197599	0.902327586327935
5.79473736868434	2.44925460353247
5.8015707853927	3.65580862372429
5.80840420210105	3.81497436881793
5.8152376188094	2.86523582398643
5.82207103551776	0.969292544795738
5.82890445222611	-0.979148894185913
5.83573786893447	0.563072345242887
5.84257128564282	1.26526998005965
5.84940470235118	1.48217975737714
5.85623811905953	1.38922186811047
5.86307153576788	1.07583171655095
5.86990495247624	0.783361078745714
5.87673836918459	0.525126205202582
5.88357178589295	0.228208653525977
5.8904052026013	-0.205154704298375
5.89723861930966	-0.807785116596845
5.90407203601801	-0.709146697662567
5.91090545272636	-0.371975521971291
5.91773886943472	-0.428429958404739
5.92457228614307	-0.869115176131955
5.93140570285143	-0.485518709309014
5.93823911955978	0.275997309327521
5.94507253626813	0.131881220292493
5.95190595297649	-0.634252166162657
5.95873936968484	-0.932756118238564
5.9655727863932	-0.519262184726724
5.97240620310155	-0.416119666927925
5.97923961980991	-0.979773136437896
5.98607303651826	-0.338001232962288
5.99290645322661	0.0172815186739702
5.99973986993497	-0.583834837191003
6.00657328664332	-0.512984514438495
6.01340670335168	0.349721236895245
6.02024012006003	0.318632885901811
6.02707353676838	-0.392322669287188
6.03390695347674	-0.609218017967369
6.04074037018509	0.46686930112041
6.04757378689345	0.862156252606859
6.0544072036018	0.539148472657322
6.06124062031016	-0.251828725525327
6.06807403701851	-1.08095343112768
6.07490745372686	-0.52516601109016
6.08174087043522	-0.440752992664068
6.08857428714357	-0.778082713473764
6.09540770385193	-1.02327078941064
6.10224112056028	-0.812153322406423
6.10907453726863	-0.766494039704838
6.11590795397699	-0.873974405441147
6.12274137068534	-1.0527837520563
6.1295747873937	-0.895298288230163
6.13640820410205	-1.06849274417737
6.14324162081041	-0.725172462901597
6.15007503751876	-0.458222551301011
6.15690845422711	-0.431670580638799
6.16374187093547	-0.606815339720828
6.17057528764382	-0.973246375677841
6.17740870435218	-0.631216445920832
6.18424212106053	0.135455203456777
6.19107553776889	1.00758516467997
6.19790895447724	1.80953527483166
6.20474237118559	2.23991401813297
6.21157578789395	2.138582852862
6.2184092046023	1.50553281855597
6.22524262131066	0.546750096465394
6.23207603801901	-0.257216360253672
6.23890945472736	-0.886633084918786
6.24574287143572	-0.991519940898265
6.25257628814407	-0.834835732319167
6.25940970485243	-0.275113275357845
6.26624312156078	-0.31921999481447
6.27307653826913	-1.0303798691432
6.27990995497749	0.0157858478789167
6.28674337168584	0.729612239456842
6.2935767883942	0.899832983896161
6.30041020510255	0.526249591752227
6.30724362181091	-0.379516780455791
6.31407703851926	-0.747444266988148
6.32091045522761	0.0327386558799992
6.32774387193597	0.524395973142435
6.33457728864432	0.72744959951215
6.34141070535268	0.62356419367904
6.34824412206103	0.20896657276734
6.35507753876939	-0.388225170621557
6.36191095547774	-1.01968690922497
6.36874437218609	-0.650331061980661
6.37557778889445	-0.428014635408438
6.3824112056028	-0.485910405289784
6.38924462231116	-0.764545611403394
6.39607803901951	-0.98082627834064
6.40291145572786	-1.07323656449918
6.40974487243622	-1.04186098227991
6.41657828914457	-0.88646835503456
6.42341170585293	-0.663027146071368
6.43024512256128	-0.563283172359141
6.43707853926963	-0.603517835949469
6.44391195597799	-0.783676764454457
6.45074537268634	-1.08786329320687
6.4575787893947	-0.802819348680953
6.46441220610305	-0.612258770928147
6.47124562281141	-0.61040153373797
6.47807903951976	-0.775398538157545
6.48491245622811	-0.872453086265442
6.49174587293647	-0.847345304277457
6.49857928964482	-0.700360026440221
6.50541270635318	-0.472389023400845
6.51224612306153	-0.316544656932948
6.51907953976989	-0.374048950880506
6.52591295647824	-0.595822389019934
6.53274637318659	-0.871775974219055
6.53957978989495	-1.08692620250477
6.5464132066033	-1.0593758962905
6.55324662331166	-0.890567079549763
6.56008004002001	-0.833529439829063
6.56691345672836	-0.972379247354705
6.57374687343672	-0.869766253779794
6.58058029014507	-0.339233166629824
6.58741370685343	0.221118931596449
6.59424712356178	0.514135136904314
6.60108054027013	0.45377983316034
6.60791395697849	0.0400680905843887
6.61474737368684	-0.727209770153298
6.6215807903952	-0.607898653887434
6.62841420710355	-0.197902834360618
6.63524762381191	-0.230140200805686
6.64208104052026	-0.70469416907593
6.64891445722861	-0.587693299944047
6.65574787393697	0.420443586134677
6.66258129064532	1.12735802452866
6.66941470735368	1.15145492855123
6.67624812406203	0.491940863120682
6.68308154077039	-0.643142375525887
6.68991495747874	-0.627643199854121
6.69674837418709	-0.157286749155025
6.70358179089545	-0.123308732704859
6.7104152076038	-0.48576445763577
6.71724862431216	-1.06988558139598
6.72408204102051	-0.482961681319544
6.73091545772886	-0.182305335848677
6.73774887443722	-0.236291412804512
6.74458229114557	-0.608341775667543
6.75141570785393	-0.998383722336344
6.75824912456228	-0.2965695347494
6.76508254127064	0.284479941686115
6.77191595797899	0.578638701275318
6.77874937468734	0.548233686529372
6.7855827913957	0.193263278347874
6.79241620810405	-0.486373285958997
6.79924962481241	-0.811818911871471
6.80608304152076	-0.0586170310495212
6.81291645822911	0.517331632033244
6.81974987493747	0.77678257625683
6.82658329164582	0.723963201901003
6.83341670835418	0.464479330582741
6.84025012506253	0.0387231726846186
6.84708354177089	-0.500271194403755
6.85391695847924	-1.07462874988798
6.8607503751876	-0.610507222285128
6.86758379189595	-0.227526411389653
6.8744172086043	0.00307100897546282
6.88125062531266	-0.0939650485525681
6.88808404202101	-0.536792395948575
6.89491745872936	-0.851491818582336
6.90175087543772	-0.0220440194237437
6.90858429214607	0.580934509842682
6.91541770885443	0.957378548505429
6.92225112556278	1.10732545331719
6.92908454227114	1.0307467174426
6.93591795897949	0.724626719988339
6.94275137568784	0.145209607210747
6.9495847923962	-0.681024030321615
6.95641820910455	-0.733894550001927
6.96325162581291	-0.23872141637894
6.97008504252126	-0.0289256640361442
6.97691845922962	-0.083871617941045
6.98375187593797	-0.285301465089027
6.99058529264632	-0.506852498732492
6.99741870935468	-0.733063678433824
7.00425212606303	-0.925161488139685
7.01108554277139	-1.06020991009689
7.01791895947974	-1.04314260569406
7.02475237618809	-1.03641931983543
7.03158579289645	-1.07554752682447
7.0384192096048	-0.94319614972294
7.04525262631316	-0.834521133120479
7.05208604302151	-0.800636978956221
7.05891945972987	-0.863224377254536
7.06575287643822	-1.04113364207383
7.07258629314657	-0.84247506911025
7.07941970985493	-0.493143399675424
7.08625312656328	-0.499657580285016
7.09308654327164	-0.941118402894008
7.09991995997999	-0.35940363127051
7.10675337668834	0.951881484938992
7.1135867933967	2.69789702414855
7.12042021010505	4.73902472988155
7.12725362681341	5.84706514901479
7.13408704352176	5.2590941559395
7.14092046023012	3.13001876337589
7.14775387693847	0.72107206294599
7.15458729364682	-1.00657196751889
7.16142071035518	-0.279386332517483
7.16825412706353	-0.0814253607568493
7.17508754377189	-0.0952983920660198
7.18192096048024	-0.169258119221387
7.18875437718859	-0.150477195651234
7.19558779389695	0.17605352987184
7.2024212106053	0.579685418918131
7.20925462731366	0.81125626838631
7.21608804402201	0.870492121896062
7.22292146073037	0.757585552114288
7.22975487743872	0.454465810290256
7.23658829414707	-0.340907258602236
7.24342171085543	-0.442905959770536
7.25025512756378	1.05181045745037
7.25708854427214	2.30289797129749
7.26392196098049	2.73292613058748
7.27075537768884	2.22458378689894
7.2775887943972	0.958807429603375
7.28442221110555	-0.813125827375337
7.29125562781391	0.541147368337578
7.29808904452226	2.20752215770922
7.30492246123062	3.34973909977378
7.31175587793897	3.95494902072517
7.31858929464732	4.02316364437973
7.32542271135568	3.55435857704011
7.33225612806403	2.52991337661688
7.33908954477239	0.865150921190734
7.34592296148074	-0.770564159702865
7.35275637818909	1.43433370460484
7.35958979489745	2.73248046239674
7.3664232116058	3.0546407137673
7.37325662831416	2.44175053076361
7.38009004502251	1.19716095531694
7.38692346173087	-0.540644499885474
7.39375687843922	0.0393208074056526
7.40059029514757	1.27177980600956
7.40742371185593	1.43352233859483
7.41425712856428	0.439522656589859
7.42109054527264	-0.466012708401232
7.42792396198099	2.11533508178487
7.43475737868935	3.62008493036607
7.4415907953977	3.35922963255825
7.44842421210605	1.73882921607495
7.45525762881441	0.064059227845906
7.46209104552276	-0.993622757023336
7.46892446223112	-0.712942938758519
7.47575787893947	-0.711730924158213
7.48259129564782	-1.00936035196132
7.48942471235618	-0.530676336637453
7.49625812906453	-0.83628151451686
7.50309154577289	-0.290995048561828
7.50992496248124	0.542240648922298
7.51675837918959	0.384438527355984
7.52359179589795	-0.776762498509617
7.5304252126063	-0.29715447968509
7.53725862931466	0.0593606313098395
7.54409204602301	-0.352202592906668
7.55092546273137	-0.721822258573569
7.55775887943972	0.318665152860391
7.56459229614807	0.742961075434821
7.57142571285643	0.538757749616283
7.57825912956478	-0.0843982487245589
7.58509254627314	-0.936657882228366
7.59192596298149	-0.612718187426212
7.59875937968985	-0.639254294483446
7.6055927963982	-1.04599679695278
7.61242621310655	-0.4358248753568
7.61925962981491	-0.211778940927166
7.62609304652326	-0.463638606757382
7.63292646323162	-0.911946581604501
7.63975987993997	-0.806636572483863
7.64659329664832	-0.778888022155149
7.65342671335668	-0.83501408044886
7.66026013006503	0.172061404383935
7.66709354677339	1.31569553050472
7.67392696348174	2.02011937494611
7.68076038019009	1.83370433146857
7.68759379689845	0.703698848537822
7.6944272136068	-0.827330635789899
7.70126063031516	1.05516426172627
7.70809404702351	1.91989747413802
7.71492746373187	1.32165414414264
7.72176088044022	-0.666825570318
7.72859429714857	0.830053808531081
7.73542771385693	2.37710147850552
7.74226113056528	2.77916445116504
7.74909454727364	2.03127033865497
7.75592796398199	0.657354500899534
7.76276138069035	-0.432770083023686
7.7695947973987	-0.890521524099274
7.77642821410705	-0.86671138449213
7.78326163081541	-0.718199183001134
7.79009504752376	-0.458537334309631
7.79692846423212	-0.0879097568328551
7.80376188094047	0.132623912650057
7.81059529764883	-0.1853314516574
7.81742871435718	-0.823432249708057
7.82426213106553	-0.742727640157293
7.83109554777389	-0.162599341987688
7.83792896448224	0.38687010283786
7.84476238119059	0.905904015996731
7.85159579789895	1.39439414247303
7.8584292146073	1.82514369968577
7.86526263131566	2.02758846539239
7.87209604802401	1.96724096166524
7.87892946473237	1.64390007156593
7.88576288144072	1.15034038432266
7.89259629814908	0.698982383348097
7.89942971485743	0.315487524753546
7.90626313156578	-0.0220963502938497
7.91309654827414	-0.333947843607451
7.91992996498249	-0.614020770053365
7.92676338169085	-0.777445560406499
7.9335967983992	-0.743840095758246
7.94043021510755	-0.428952327576861
7.94726363181591	-0.0191079273352116
7.95409704852426	-0.00374158223250637
7.96093046523262	-0.775819392477906
7.96776388194097	-0.125321607222208
7.97459729864932	1.02366214137652
7.98143071535768	1.67442583594343
7.98826413206603	1.82701489840498
7.99509754877439	1.37691342527671
8.00193096548274	0.214928876886184
8.0087643821911	-0.698743820037478
8.01559779889945	1.29226839162309
8.0224312156078	2.43013609021014
8.02926463231616	2.55832343369375
8.03609804902451	1.67787332194481
8.04293146573287	-0.0280781022832772
8.04976488244122	-0.351494263297923
8.05659829914958	0.849388766654088
8.06343171585793	1.19998697787427
8.07026513256628	0.883444929432876
8.07709854927464	0.455079839561239
8.08393196598299	0.311423917737759
8.09076538269135	0.388531097110119
8.0975987993997	0.367642964470518
8.10443221610806	0.068334063519319
8.11126563281641	-0.508409374196858
8.11809904952476	-0.947586005931655
8.12493246623312	-0.418915159475074
8.13176588294147	-0.481359705445951
8.13859929964982	-1.04885636842985
8.14543271635818	-0.145501190079316
8.15226613306653	0.924854549631144
8.15909954977489	1.92168651031324
8.16593296648324	2.30082956194019
8.1727663831916	2.06193639567419
8.17959979989995	1.26913293661496
8.1864332166083	0.019272518417841
8.19326663331666	-0.900396655910346
8.20010005002501	0.0495977736740599
8.20693346673337	0.605054129943457
8.21376688344172	0.766074393678193
8.22060030015007	0.5211331121386
8.22743371685843	-0.215387699348439
8.23426713356678	-0.764799909523215
8.24110055027514	0.218475744702753
8.24793396698349	0.472469103253249
8.25476738369185	-0.0638623212138544
8.2616008004002	-0.774372516364897
8.26843421710856	0.844553507219021
8.27526763381691	2.10652616398382
8.28210105052526	2.85562477651965
8.28893446723362	2.62535001208009
8.29576788394197	1.10875760607383
8.30260130065033	-0.508881211717063
8.30943471735868	2.09869837778709
8.31626813406703	3.29071813250578
8.32310155077539	3.01154677296037
8.32993496748374	1.71213009518006
8.3367683841921	0.5159109440457
8.34360180090045	-0.52416446604424
8.3504352176088	-0.871985136284172
8.35726863431716	-0.468161535196773
8.36410205102551	-0.382584267690606
8.37093546773387	-0.615363498666428
8.37776888444222	-1.01044295876458
8.38460230115058	-0.141213693851539
8.39143571785893	0.815629510455975
8.39826913456728	1.09753878344212
8.40510255127564	0.649216683770645
8.41193596798399	-0.27437549308461
8.41876938469235	-0.833680872094232
8.4256028014007	-0.0105527001929557
8.43243621810906	0.433433224267913
8.43926963481741	0.498321543339644
8.44610305152576	0.18506476688721
8.45293646823412	-0.258064421163736
8.45976988494247	-0.439459186240889
8.46660330165083	-0.335969367472081
8.47343671835918	0.0525941252816243
8.48027013506753	0.703080174775874
8.48710355177589	1.17372905943991
8.49393696848424	1.04904974106281
8.5007703851926	0.321127239894495
8.50760380190095	-0.755412867834915
8.51443721860931	-0.322581545877956
8.52127063531766	0.585595081246713
8.52810405202601	1.17342107783793
8.53493746873437	1.42281975814561
8.54177088544272	1.33331955397525
8.54860430215108	0.905257995115275
8.55543771885943	0.138287025964215
8.56227113556779	-0.767416627103792
8.56910455227614	-0.892864821811818
8.57593796898449	-0.758570666331111
8.58277138569285	-0.706336129533982
8.5896048024012	-0.664265567090871
8.59643821910956	-0.632606155320611
8.60327163581791	-0.611080473405737
8.61010505252626	-0.599990587924432
8.61693846923462	-0.599172228950587
8.62377188594297	-0.608661096157965
8.63060530265133	-0.62839940380335
8.63743871935968	-0.63022628771863
8.64427213606803	-0.421767920353946
8.65110555277639	0.00414380004341765
8.65793896948474	0.438112384519665
8.6647723861931	0.839520587807001
8.67160580290145	1.208101745446
8.67843921960981	1.54416300392952
8.68527263631816	1.78613500867949
8.69210605302651	1.70216913680974
8.69893946973487	1.27008095506405
8.70577288644322	0.539063139169129
8.71260630315158	-0.226892235773257
8.71943971985993	-0.759249084288426
8.72627313656828	-1.01508299993712
8.73310655327664	-1.03211537817953
8.73993996998499	-0.948445745987971
8.74677338669335	-0.849631761176784
8.7536068034017	-0.775655223377138
8.76044022011006	-0.729895975516027
8.76727363681841	-0.712191580434173
8.77410705352676	-0.718260501842924
8.78094047023512	-0.758938900034588
8.78777388694347	-0.847624675601687
8.79460730365183	-0.999203893874822
8.80144072036018	-0.962767278015481
8.80827413706854	-0.688056172217888
8.81510755377689	-0.413170387909867
8.82194097048524	-0.191448833900721
8.8287743871936	-0.0932841760934031
8.83560780390195	-0.121505113754637
8.84244122061031	-0.275912276661659
8.84927463731866	-0.556588316323132
8.85610805402701	-0.963362835786604
8.86294147073537	-0.706161238755014
8.86977488744372	-0.350732117016875
8.87660830415208	-0.294026098777316
8.88344172086043	-0.545156174897457
8.89027513756879	-1.00176668084337
8.89710855427714	-0.752487581428151
8.90394197098549	-0.482860141947924
8.91077538769385	-0.366038715663208
8.9176088044022	-0.402166681483032
8.92444222111055	-0.590971099426751
8.93127563781891	-0.923807153002711
8.93810905452726	-0.955129863720738
8.94494247123562	-0.808289268964756
8.95177588794397	-0.852045333092783
8.95860930465233	-1.08640496445273
8.96544272136068	-0.665578843975987
8.97227613806903	-0.209968059801026
8.97910955477739	-0.0727272915420348
8.98594297148574	-0.244392138722815
8.9927763881941	-0.562881808038606
8.99960980490245	-0.757630581524006
9.00644322161081	-0.822568706972564
9.01327663831916	-0.757663721207254
9.02011005502751	-0.562814445173769
9.02694347173587	-0.285130639301924
9.03377688844422	-0.0597549301763154
9.04061030515258	-0.00376364826324188
9.04744372186093	-0.0743417940996094
9.05427713856928	-0.18156800151781
9.06111055527764	-0.317500629641839
9.06794397198599	-0.541229788791904
9.07477738869435	-1.0176566782258
9.0816108054027	-0.325946144572156
9.08844422211106	0.76474811352732
9.09527763881941	1.71491675486855
9.10211105552776	2.33141833968355
9.10894447223612	2.29329517749922
9.11577788894447	1.56091232378046
9.12261130565283	0.408709241219441
9.12944472236118	-0.92356561541056
9.13627813906954	-0.3480963839512
9.14311155577789	0.00482767185694444
9.14994497248624	-0.190953128261695
9.1567783891946	-0.851876407179493
9.16361180590295	-0.753818228900055
9.17044522261131	-0.446723228375163
9.17727863931966	-0.403348753035515
9.18411205602801	-0.624045129020014
9.19094547273637	-1.07438110373437
9.19777888944472	-0.515900327288646
9.20461230615308	0.0616052518152762
9.21144572286143	0.0646311980651932
9.21827913956979	-0.64683437212724
9.22511255627814	-0.637125596651836
9.23194597298649	-0.306028003489474
9.23877938969485	-0.810629839976403
9.2456128064032	-0.239405562552769
9.25244622311155	0.546786361347647
9.25927963981991	0.805505088673608
9.26611305652826	0.355632810872327
9.27294647323662	-0.791724515024577
9.27977988994497	-0.241755255326129
9.28661330665333	-0.0620878683761226
9.29344672336168	-1.02141602217944
9.30028014007004	0.325592425943238
9.30711355677839	0.921995163767122
9.31394697348674	0.504652701404886
9.3207803901951	-0.891180272398243
9.32761380690345	0.590671488195022
9.33444722361181	1.6899424941661
9.34128064032016	1.4502168285464
9.34811405702852	-0.0571143829638894
9.35494747373687	-0.0918739513159126
9.36178089044522	1.85701918820597
9.36861430715358	3.15940413350838
9.37544772386193	3.10554137431535
9.38228114057029	1.68415641143227
9.38911455727864	-0.769035919014638
9.39594797398699	0.0899527088082188
9.40278139069535	-0.123037567405918
9.4096148074037	-0.737580071732563
9.41644822411206	0.275978766683564
9.42328164082041	0.179971482074035
9.43011505752876	-0.892597643306085
9.43694847423712	0.535828064594618
9.44378189094547	0.916822199293516
9.45061530765383	0.229061839764792
9.45744872436218	-0.843069494619013
9.46428214107054	0.80729637965898
9.47111555777889	2.11508670678386
9.47794897448724	2.16341717130797
9.4847823911956	0.867055997855911
9.49161580790395	-0.723449446118778
9.49844922461231	-0.454160410449784
9.50528264132066	-0.04619889217029
9.51211605802902	-0.2330775638219
9.51894947473737	-0.927331531564842
9.52578289144572	-0.489798035864235
9.53261630815408	-0.149755106791725
9.53944972486243	-0.564190493087038
9.54628314157079	-0.726487683461972
9.55311655827914	0.359085492676009
9.55994997498749	1.16606478114939
9.56678339169585	1.62722934172027
9.5736168084042	1.6628623971766
9.58045022511256	1.25216103211357
9.58728364182091	0.409843390998809
9.59411705852927	-0.174968399758948
9.60095047523762	-0.11682400001608
9.60778389194597	0.281802458277769
9.61461730865433	0.57955764094049
9.62145072536268	0.414726134458544
9.62828414207104	-0.279599395391089
9.63511755877939	-0.740019422150996
9.64195097548775	-0.656338244986971
9.6487843921961	-0.42509948412483
9.65561780890445	-0.747889892162972
9.66245122561281	-0.463698252682124
9.66928464232116	0.324823278025622
9.67611805902952	0.272720262037929
9.68295147573787	-0.531491382625513
9.68978489244622	-0.793041181578486
9.69661830915458	-0.37930487762499
9.70345172586293	-0.413499427754688
9.71028514257129	-0.813870001159942
9.71711855927964	-0.852195884543814
9.72395197598799	-0.512918790439156
9.73078539269635	-0.443417969799136
9.7376188094047	-0.676236527922118
9.74445222611306	-0.965004666322722
9.75128564282141	-0.385978260390606
9.75811905952976	-0.0924724707053229
9.76495247623812	-0.190410606813869
9.77178589294647	-0.559636319737095
9.77861930965483	-1.04407652645639
9.78545272636318	-0.506437417125571
9.79228614307154	-0.221307126171182
9.79911955977989	-0.192909598319155
9.80595297648824	-0.404829355596015
9.8127863931966	-0.589078103126898
9.81961980990495	-0.626343829308445
9.82645322661331	-0.545524257922633
9.83328664332166	-0.352353958599625
9.84012006003002	-0.216002497547025
9.84695347673837	-0.231440891072158
9.85378689344672	-0.38851287469546
9.86062031015508	-0.527770005624572
9.86745372686343	-0.399700190893618
9.87428714357179	-0.00525872164848359
9.88112056028014	0.496356932442301
9.88795397698849	0.766954328140149
9.89478739369685	0.735028702659694
9.9016208104052	0.405530373385962
9.90845422711356	-0.0698149471987054
9.91528764382191	-0.618210859266057
9.92212106053027	-1.0562362793174
9.92895447723862	-0.978266605756509
9.93578789394697	-0.852216161010662
9.94262131065533	-0.466097273452261
9.94945472736368	-0.329067732928207
9.95628814407204	-0.514243186462901
9.96312156078039	-0.984901928546772
9.96995497748875	-0.493846368583611
9.9767883941971	0.152708139445967
9.98362181090545	0.701354450286269
9.99045522761381	1.13567456371215
9.99728864432216	1.38753987736295
10.0041220610305	1.44580056556382
10.0109554777389	1.31118567491243
10.0177888944472	0.983282281541143
10.0246223111556	0.499831235157835
10.0314557278639	-0.0534073678382452
10.0382891445723	-0.591096982529174
10.0451225612806	-1.08213273312268
10.051955977989	-0.626781910433915
10.0587893946973	-0.271325274439176
10.0656228114057	-0.099840035382035
10.0724562281141	-0.26180051443046
10.0792896448224	-0.742911175958261
10.0861230615308	-0.790165182348479
10.0929564782391	-0.129362411679093
10.0997898949475	0.263607930647904
10.1066233116558	0.35975730594735
10.1134567283642	0.0976659883026023
10.1202901450725	-0.634396539398841
10.1271235617809	-0.514731516025073
10.1339569784892	0.578487524129736
10.1407903951976	1.35694960460712
10.147623811906	1.55939614226617
10.1544572286143	1.1644302315173
10.1612906453227	0.187149040505481
10.168124062031	-1.02337475180182
10.1749574787394	0.0824957773027576
10.1817908954477	0.802287655895741
10.1886243121561	0.484184185071392
10.1954577288644	-0.784274846900349
10.2022911455728	0.483388054178111
10.2091245622811	2.18575911228759
10.2159579789895	3.08601554461916
10.2227913956979	2.98058983052409
10.2296248124062	1.89185724874707
10.2364582291146	0.459836870585694
10.2432916458229	-0.991563888024151
10.2501250625313	0.205030700965429
10.2569584792396	1.04817369183999
10.263791895948	0.848951245764836
10.2706253126563	-0.258738239936097
10.2774587293647	-0.740157226295421
10.284292146073	-0.429337331198804
10.2911255627814	-0.932790065276815
10.2979589794897	0.328419806267772
10.3047923961981	1.50666682273045
10.3116258129065	2.05411836190461
10.3184592296148	1.84188514290199
10.3252926463232	1.05044828192682
10.3321260630315	0.19888054874655
10.3389594797399	-0.620096115544713
10.3457928964482	-1.05307890400612
10.3526263131566	-1.06359530741172
10.3594597298649	-0.887154326694836
10.3662931465733	-0.382331854682947
10.3731265632816	0.0523241297289722
10.37995997999	0.115464562110033
10.3867933966983	0.0271781348775893
10.3936268134067	-0.00296469283069055
10.4004602301151	0.268133090539265
10.4072936468234	0.655515160538305
10.4141270635318	0.749559098318957
10.4209604802401	0.458006154298911
10.4277938969485	-0.29974760403915
10.4346273136568	-0.855140928051104
10.4414607303652	-0.117222775817528
10.4482941470735	0.0623852752149007
10.4551275637819	-0.279616503435208
10.4619609804902	-0.766597655098137
10.4687943971986	-1.02211822836671
10.475627813907	-0.954201488285596
10.4824612306153	-0.568026728670431
10.4892946473237	0.0381002783702846
10.496128064032	0.447235061462934
10.5029614807404	0.449379107428309
10.5097948974487	0.139847895614391
10.5166283141571	-0.412859865868419
10.5234617308654	-0.969034690614507
10.5302951475738	-0.838560263956521
10.5371285642821	-0.823477137577201
10.5439619809905	-1.02208432170376
10.5507953976989	-0.854878582212419
10.5576288144072	-0.671520526266281
10.5644622311156	-0.641531269604384
10.5712956478239	-0.782038751555899
10.5781290645323	-1.06297196983774
10.5849624812406	-1.05954232650785
10.591795897949	-0.717316489846158
10.5986293146573	0.130941256673633
10.6054627313657	0.945287899073605
10.612296148074	1.52190909353533
10.6191295647824	1.74149484369874
10.6259629814907	1.5930887469573
10.6327963981991	1.16694339199198
10.6396298149075	0.492904070999495
10.6464632316158	-0.213833861802991
10.6532966483242	-0.672242681041312
10.6601300650325	-0.81098423096032
10.6669634817409	-0.70574576333132
10.6737968984492	-0.43411426721462
10.6806303151576	-0.17581962930094
10.6874637318659	0.022588231984224
10.6942971485743	0.0903242272099701
10.7011305652826	-0.0118957877406826
10.707963981991	-0.256643528861349
10.7147973986993	-0.635675376555651
10.7216308154077	-1.08578374714798
10.7284642321161	-0.720185106404711
10.7352976488244	-0.523265343146872
10.7421310655328	-0.506234853675516
10.7489644822411	-0.652781150380919
10.7557978989495	-0.819748986292688
10.7626313156578	-0.951270027083202
10.7694647323662	-1.01320801763536
10.7762981490745	-0.996486026749387
10.7831315657829	-0.985202338262153
10.7899649824912	-1.00774470884549
10.7967983991996	-1.01557127517974
10.803631815908	-0.937321230909292
10.8104652326163	-0.712764365222345
10.8172986493247	-0.365468905072937
10.824132066033	-0.000872046996281592
10.8309654827414	0.207000376947912
10.8377988994497	0.242339924098581
10.8446323161581	0.180995323666947
10.8514657328664	0.104696709705386
10.8582991495748	0.0138573803222992
10.8651325662831	-0.091628899123318
10.8719659829915	-0.159963998740463
10.8787993996999	-0.106729513628474
10.8856328164082	0.0438915977264437
10.8924662331166	0.236567339668847
10.8992996498249	0.435832145587047
10.9061330665333	0.630885414347641
10.9129664832416	0.8255305070867
10.91979989995	1.10590277491723
10.9266333166583	1.51437502788508
10.9334667333667	1.8095565602557
10.940300150075	1.76742681047855
10.9471335667834	1.3861038530468
10.9539669834917	0.674990854205239
10.9608004002001	-0.297383914099587
10.9676338169085	-0.65999577969745
10.9744672336168	0.696709285054025
10.9813006503252	1.38786513853515
10.9881340670335	1.17086298824183
10.9949674837419	0.167575503377311
11.0018009004502	-0.967501853401333
11.0086343171586	-0.304731503411134
11.0154677338669	-0.331626779627985
11.0223011505753	-0.710104248196036
11.0291345672836	0.993094844839244
11.035967983992	2.32430373001304
11.0428014007004	3.16992355438134
11.0496348174087	3.53047854671382
11.0564682341171	3.40554028707395
11.0633016508254	2.60875136032149
11.0701350675338	1.03565968565042
11.0769684842421	-0.647055445888316
11.0838019009505	-0.430843416890152
11.0906353176588	-0.0950544725541828
11.0974687343672	-0.414103228831372
11.1043021510755	-0.766894170973694
11.1111355677839	-0.724158448113504
11.1179689844922	-0.106130551414437
11.1248024012006	0.883326085899825
11.131635817909	1.83668534432443
11.1384692346173	2.43501386388502
11.1453026513257	2.67704622571808
11.152136068034	2.4752657699357
11.1589694847424	1.83850965676684
11.1658029014507	1.02769345911876
11.1726363181591	0.0736388004223769
11.1794697348674	-1.01599469767291
11.1863031515758	-0.255265258789509
11.1931365682841	0.217901144980879
11.1999699849925	0.249327607799928
11.2068034017009	-0.160974496276418
11.2136368184092	-0.913526300267685
11.2204702351176	-0.72478711686197
11.2273036518259	-0.526309422352599
11.2341370685343	-0.668526134878663
11.2409704852426	-1.06438483214494
11.247803901951	-0.580639059339133
11.2546373186593	-0.40015837833417
11.2614707353677	-0.616266261594643
11.268304152076	-0.969429968750888
11.2751375687844	-1.03569344374695
11.2819709854927	-1.05588086930706
11.2888044022011	-0.915632073102498
11.2956378189095	-0.732334562301933
11.3024712356178	-0.671152025221042
11.3093046523262	-0.741279347335763
11.3161380690345	-0.991622087110253
11.3229714857429	-0.812436756007787
11.3298049024512	-0.513767582184694
11.3366383191596	-0.328323280358268
11.3434717358679	-0.300722175955933
11.3503051525763	-0.483568835404032
11.3571385692846	-0.855864560759146
11.363971985993	-0.907548849076951
11.3708054027014	-0.607088287976242
11.3776388194097	-0.516449709547848
11.3844722361181	-0.644366772957839
11.3913056528264	-0.953415027414673
11.3981390695348	-0.908616907674217
11.4049724862431	-0.679819217911304
11.4118059029515	-0.662393100468345
11.4186393196598	-0.85917502895843
11.4254727363682	-0.906945982305478
11.4323061530765	-0.284356057666564
11.4391395697849	0.314604657102126
11.4459729864932	0.7293353561076
11.4528064032016	0.895731644854762
11.45963981991	0.663287217504012
11.4664732366183	0.0795469896696895
11.4733066533267	-0.618811772384476
11.480140070035	-0.773102669000214
11.4869734867434	0.0986783063361064
11.4938069034517	0.797183826239399
11.5006403201601	0.748259479327263
11.5074737368684	-0.361697301314348
11.5143071535768	0.383604090638996
11.5211405702851	2.55200669059865
11.5279739869935	3.54765520067546
11.5348074037019	3.11962504101197
11.5416408204102	1.84199171572961
11.5484742371186	0.327528358443102
11.5553076538269	-1.03668555542695
11.5621410705353	-0.180506138552893
11.5689744872436	0.0706375761202042
11.575807903952	-0.242555274539721
11.5826413206603	-0.806124823551552
11.5894747373687	-0.87747739935856
11.596308154077	-0.532037782418626
11.6031415707854	-0.325500300228014
11.6099749874937	-0.256775927262436
11.6168084042021	-0.286310954983938
11.6236418209105	-0.360721545262302
11.6304752376188	-0.457188099414219
11.6373086543272	-0.598795626278397
11.6441420710355	-0.798709617156104
11.6509754877439	-1.01206534092721
11.6578089044522	-0.944791909174568
11.6646423211606	-0.786773389684661
11.6714757378689	-0.72426419781311
11.6783091545773	-0.756196001380954
11.6851425712856	-0.884395766763682
11.691975987994	-1.0684067317453
11.6988094047024	-0.803363340472459
11.7056428214107	-0.708041087206658
11.7124762381191	-0.797537164221348
11.7193096548274	-1.04787142251992
11.7261430715358	-0.847666152943153
11.7329764882441	-0.625977533164983
11.7398099049525	-0.479683973145729
11.7466433216608	-0.528177535220129
11.7534767383692	-0.796345087263988
11.7603101550775	-0.973255449239746
11.7671435717859	-0.656957153549933
11.7739769884942	-0.447031863840061
11.7808104052026	-0.346116665379162
11.787643821911	-0.450827578587173
11.7944772386193	-0.750072646602267
11.8013106553277	-0.998596361806144
11.808144072036	-0.459467834585888
11.8149774887444	-0.105069124879048
11.8218109054527	-0.0380465701353233
11.8286443221611	-0.258740777593638
11.8354777388694	-0.69786519396081
11.8423111555778	-0.919334718424439
11.8491445722861	-0.848820282509947
11.8559779889945	-0.486075431048502
11.8628114057029	0.16968490153535
11.8696448224112	1.0391265141681
11.8764782391196	1.67005457105957
11.8833116558279	1.98920455883753
11.8901450725363	1.9964243762091
11.8969784892446	1.69173835509852
11.903811905953	1.07550488805981
11.9106453226613	0.257443534126027
11.9174787393697	-0.556388771537425
11.924312156078	-0.815425412598145
11.9311455727864	-0.0189246903527542
11.9379789894947	0.63165257896421
11.9448124062031	0.82007770115622
11.9516458229115	0.452974253996444
11.9584792396198	-0.348954203460462
11.9653126563282	-1.04251377126042
11.9721460730365	-0.608821740084762
11.9789794897449	-0.557336704051668
11.9858129064532	-0.833698082825695
11.9926463231616	-1.07888019899523
11.9994797398699	-1.01077974897138
12.0063131565783	-1.07311266019934
12.0131465732866	-0.973282292166054
12.019979989995	-0.856615471515186
12.0268134067034	-0.755065394919019
12.0336468234117	-0.708025875315115
12.0404802401201	-0.739305843138038
12.0473136568284	-0.797330385491817
12.0541470735368	-0.718678048026471
12.0609804902451	-0.490929222096811
12.0678139069535	-0.121087586047053
12.0746473236618	0.349606869420699
12.0814807403702	0.681671813966886
12.0883141570785	0.630681385643941
12.0951475737869	0.154833120134243
12.1019809904952	-0.802155497167311
12.1088144072036	-0.161942402737156
12.115647823912	0.675464403129465
12.1224812406203	1.05746355753479
12.1293146573287	0.98470339656368
12.136148074037	0.468672020714031
12.1429814907454	-0.391560178505476
12.1498149074537	-0.792886340046371
12.1566483241621	0.0885293018573498
12.1634817408704	0.449777639539887
12.1703151575788	0.193963719173158
12.1771485742871	-0.469060021111187
12.1839819909955	-0.93279041692971
12.1908154077039	-0.451554315977531
12.1976488244122	-0.289709187934228
12.2044822411206	-0.162691738325855
12.2113156578289	0.313261345038745
12.2181490745373	1.25255274844547
12.2249824912456	2.55712322505691
12.231815907954	3.77629820776408
12.2386493246623	4.27118004854564
12.2454827413707	3.3344634789567
12.252316158079	1.34875535500237
12.2591495747874	-0.44054688049829
12.2659829914957	-0.640246556536955
12.2728164082041	-0.186103163511207
12.2796498249125	-0.265208788008551
12.2864832416208	-0.878087450320649
12.2933166583292	-0.228504373939482
12.3001500750375	0.38256938212043
12.3069834917459	0.206917664746764
12.3138169084542	-0.472055165169887
12.3206503251626	-0.768020861750497
12.3274837418709	-0.18087668959885
12.3343171585793	-0.332058080108033
12.3411505752876	-0.874578086144558
12.347983991996	-1.0366124034453
12.3548174087044	-0.9244630700736
12.3616508254127	-0.391411394595693
12.3684842421211	0.105930395264463
12.3753176588294	-0.187013806897892
12.3821510755378	-1.01670016403097
12.3889844922461	0.187115811889339
12.3958179089545	0.547972159469863
12.4026513256628	-0.491828855560312
12.4094847423712	0.642769977150445
12.4163181590795	2.7290814280252
12.4231515757879	3.92663207640387
12.4299849924962	4.23481879017931
12.4368184092046	3.65431787081902
12.443651825913	2.21056372966184
12.4504852426213	0.372560441650267
12.4573186593297	-1.00500755101846
12.464152076038	-0.459522451884208
12.4709854927464	-0.511083907296103
12.4778189094547	-0.891152846276534
12.4846523261631	-1.00612103040614
12.4914857428714	-0.831358815838033
12.4983191595798	-0.769198049319968
12.5051525762881	-0.834842027603405
12.5119859929965	-0.956014527142727
12.5188194097049	-0.998208718465525
12.5256528264132	-0.885592189573601
12.5324862431216	-0.627633375541673
12.5393196598299	-0.313211652006418
12.5461530765383	-0.120252646164847
12.5529864932466	-0.114780639840007
12.559819909955	-0.294502705844824
12.5666533266633	-0.590466390839648
12.5734867433717	-0.870174133252138
12.58032016008	-1.07633194132724
12.5871535767884	-0.89418413410821
12.5939869934967	-0.761088213101533
12.6008204102051	-0.676892202322807
12.6076538269135	-0.636762303977433
12.6144872436218	-0.476763009249965
12.6213206603302	-0.110980583518514
12.6281540770385	0.453612334270026
12.6349874937469	0.910696053912811
12.6418209104552	1.00246859189684
12.6486543271636	0.472584573886633
12.6554877438719	-0.553588939717078
12.6623211605803	-0.426963493333418
12.6691545772886	0.389929964900042
12.675987993997	0.63786595595298
12.6828214107054	0.2857826461014
12.6896548274137	-0.549942786643562
12.6964882441221	-0.776416992967978
12.7033216608304	-0.0626787069627374
12.7101550775388	0.513277516396808
12.7169884942471	0.951789046434176
12.7238219109555	1.25180435199433
12.7306553276638	1.31288984712944
12.7374887443722	1.10441598590141
12.7443221610805	0.697900923354103
12.7511555777889	0.205183731398686
12.7579889944972	-0.294121310416772
12.7648224112056	-0.774340851611069
12.771655827914	-1.00492177555352
12.7784892446223	-0.703192748041723
12.7853226613307	-0.497457074351506
12.792156078039	-0.387866105476516
12.7989894947474	-0.373443773988748
12.8058229114557	-0.466869007650125
12.8126563281641	-0.726499437499883
12.8194897448724	-1.02201500203819
12.8263231615808	-0.628013027512622
12.8331565782891	-0.36375487351867
12.8399899949975	-0.229930238936106
12.8468234117059	-0.250546169353481
12.8536568284142	-0.548362183112502
12.8604902451226	-1.0354140882844
12.8673236618309	-0.162802412207824
12.8741570785393	0.649955750425378
12.8809904952476	1.12758963024434
12.887823911956	1.06837521678814
12.8946573286643	0.526925969189255
12.9014907453727	-0.0142674190307039
12.908324162081	-0.436310752376106
12.9151575787894	-0.618833280955376
12.9219909954977	-0.500731734226835
12.9288244122061	-0.164666663676529
12.9356578289145	0.115668118850949
12.9424912456228	0.151741650447419
12.9493246623312	-0.00514135207505823
12.9561580790395	-0.262784919682933
12.9629914957479	-0.616275626658308
12.9698249124562	-1.04785042404965
12.9766583291646	-0.62307103491803
12.9834917458729	-0.076673352720156
12.9903251625813	0.457898447200075
12.9971585792896	0.979063473299368
13.003991995998	1.34755732335386
13.0108254127064	1.42288129921989
13.0176588294147	1.20461354576894
13.0244922461231	0.744646368037663
13.0313256628314	0.292419591041374
13.0381590795398	-0.00454699810108134
13.0449924962481	-0.0221510711495584
13.0518259129565	0.223312670443644
13.0586593296648	0.395165042271793
13.0654927463732	0.287399677915327
13.0723261630815	-0.107417858897302
13.0791595797899	-0.756225040098516
13.0859929964983	-0.836286359807857
13.0928264132066	-0.473161773272418
13.099659829915	-0.330434663568525
13.1064932466233	-0.408485132186104
13.1133266633317	-0.707083174258351
13.12016008004	-1.00105160677361
13.1269934967484	-0.549843097459045
13.1338269134567	-0.265574559554345
13.1406603301651	-0.220454009376554
13.1474937468734	-0.391011818642042
13.1543271635818	-0.673502366371052
13.1611605802901	-0.936200597366903
13.1679939969985	-1.0184616923336
13.1748274137069	-0.854856083830833
13.1816608304152	-0.691502935018841
13.1884942471236	-0.503204930471646
13.1953276638319	-0.266915977781573
13.2021610805403	0.0399813094166052
13.2089944972486	0.317178911060603
13.215827913957	0.502361862699961
13.2226613306653	0.58066905559767
13.2294947473737	0.516216195715987
13.236328164082	0.360388782122377
13.2431615807904	0.199752796221194
13.2499949974987	0.0429741021401549
13.2568284142071	-0.109220203917637
13.2636618309155	-0.258005676831663
13.2704952476238	-0.402342709614394
13.2773286643322	-0.542427215643545
13.2841620810405	-0.678018450696151
13.2909954977489	-0.810757960033686
13.2978289144572	-0.93883669114058
13.3046623311656	-1.0628504875946
13.3114957478739	-0.994285894031452
13.3183291645823	-0.878348621932596
13.3251625812906	-0.766387997620613
13.331995997999	-0.658837205325845
13.3388294147074	-0.554894237468556
13.3456628314157	-0.45571107475124
13.3524962481241	-0.359848327683189
13.3593296648324	-0.268294716147606
13.3661630815408	-0.180811367236288
13.3729964982491	-0.0977658935522142
13.3798299149575	-0.0181485188424319
13.3866633316658	0.05668709771368
13.3934967483742	0.127957484919706
13.4003301650825	0.195033044443481
13.4071635817909	0.255988683789309
13.4139969984993	0.305150197968974
13.4208304152076	0.342219350769709
13.427663831916	0.366225815368449
13.4344972486243	0.378252206385002
13.4413306653327	0.374506469618405
13.448164082041	0.3129689731434
13.4549974987494	0.177616033711029
13.4618309154577	-0.0311192660162936
13.4686643321661	-0.31698353992023
13.4754977488744	-0.678946463971371
13.4823311655828	-1.05975793739086
13.4891645822911	-0.803096966463606
13.4959979989995	-0.717402972230066
13.5028314157079	-0.854826478420995
13.5096648324162	-1.03842287203764
13.5164982491246	-0.809002808210612
13.5233316658329	-0.828184017870327
13.5301650825413	-1.02816218360584
13.5369984992496	-0.987467824930231
13.543831915958	-0.928344723078069
13.5506653326663	-0.950473304515749
13.5574987493747	-1.00001822930026
13.564332166083	-1.07485857463907
13.5711655827914	-1.00633774933714
13.5779989994997	-0.891585753467171
13.5848324162081	-0.786101134087444
13.5916658329165	-0.784883227622021
13.5984992496248	-0.93751108836043
13.6053326663332	-0.882601922193978
13.6121660830415	-0.416024009190095
13.6189994997499	0.0366404127792211
13.6258329164582	0.374672278679846
13.6326663331666	0.543741792434674
13.6394997498749	0.564572003709505
13.6463331665833	0.5644544258908
13.6531665832916	0.564615134101094
13.66	0.564936847866105
13.67	0
14.0369696969697	0
14.4039393939394	0
14.7709090909091	0
15.1378787878788	0
15.5048484848485	0
15.8718181818182	0
16.2387878787879	0
16.6057575757576	0
16.9727272727273	0
17.339696969697	0
17.7066666666667	0
18.0736363636364	0
18.4406060606061	0
18.8075757575758	0
19.1745454545455	0
19.5415151515151	0
19.9084848484849	0
20.2754545454545	0
20.6424242424242	0
21.0093939393939	0
21.3763636363636	0
21.7433333333333	0
22.110303030303	0
22.4772727272727	0
22.8442424242424	0
23.2112121212121	0
23.5781818181818	0
23.9451515151515	0
24.3121212121212	0
24.6790909090909	0
25.0460606060606	0
25.4130303030303	0
25.78	0
26.1469696969697	0
26.5139393939394	0
26.8809090909091	0
27.2478787878788	0
27.6148484848485	0
27.9818181818182	0
28.3487878787879	0
28.7157575757576	0
29.0827272727273	0
29.449696969697	0
29.8166666666667	0
30.1836363636364	0
30.5506060606061	0
30.9175757575758	0
31.2845454545455	0
31.6515151515151	0
32.0184848484849	0
32.3854545454545	0
32.7524242424242	0
33.1193939393939	0
33.4863636363636	0
33.8533333333333	0
34.220303030303	0
34.5872727272727	0
34.9542424242424	0
35.3212121212121	0
35.6881818181818	0
36.0551515151515	0
36.4221212121212	0
36.7890909090909	0
37.1560606060606	0
37.5230303030303	0
37.89	0
38.2569696969697	0
38.6239393939394	0
38.9909090909091	0
39.3578787878788	0
39.7248484848485	0
40.0918181818182	0
40.4587878787879	0
40.8257575757576	0
41.1927272727273	0
41.559696969697	0
41.9266666666667	0
42.2936363636364	0
42.6606060606061	0
43.0275757575758	0
43.3945454545455	0
43.7615151515151	0
44.1284848484848	0
44.4954545454545	0
44.8624242424242	0
45.2293939393939	0
45.5963636363636	0
45.9633333333333	0
46.330303030303	0
46.6972727272727	0
47.0642424242424	0
47.4312121212121	0
47.7981818181818	0
48.1651515151515	0
48.5321212121212	0
48.8990909090909	0
49.2660606060606	0
49.6330303030303	0
50	0
