time	LR04
0	-2.10396182187103
0.006835	-2.10396182187103
0.01367	-2.14893789820532
0.020505	-2.21289706506872
0.02734	-2.02861770271485
0.034175	-1.94666810531774
0.04101	-1.94229304830102
0.047845	-2.00930372552061
0.05468	-1.95013628777076
0.061515	-1.84400745369585
0.06835	-1.77699677647626
0.075185	-1.69727760030335
0.08202	-1.65807365801633
0.088855	-1.72508433523592
0.09569	-1.54106232917715
0.102525	-1.34365779577313
0.10936	-1.20963644133395
0.116195	-0.71119857303199
0.12303	-0.308791367987654
0.129865	-0.0742539977190927
0.1367	0.291657633667613
0.143535	0.651552029773627
0.15037	1.00789245799491
0.157205	1.44346185992224
0.16404	1.75030409405247
0.170875	1.97023343080864
0.17771	2.20477080107721
0.184545	2.21651115015847
0.19138	2.14643670752102
0.198215	2.19669471543571
0.20505	2.11079898818039
0.211885	1.99987842499193
0.21872	1.94962041707723
0.225555	1.91297778267954
0.23239	1.86189868563286
0.239225	1.77813533910837
0.24606	1.78349080105881
0.252895	1.68671257903922
0.25973	1.43542253946576
0.266565	1.55422310730898
0.2734	1.62157692625537
0.280235	1.62042495045825
0.28707	1.58691961184846
0.293905	1.46727344474991
0.30074	1.30294532279719
0.307575	1.30294532279719
0.31441	1.28132739400872
0.321245	1.24782205539892
0.32808	1.21431671678913
0.334915	1.21695155504849
0.34175	1.20796859484331
0.348585	1.12420524831882
0.35542	0.987303954386848
0.362255	0.891800258781094
0.36909	0.90855292808599
0.375925	0.838172108906747
0.38276	0.88293984919262
0.389595	1.11747721946118
0.39643	1.13137445939663
0.403265	1.09936423831075
0.4101	1.03308886479145
0.416935	1.01633619548656
0.42377	0.971862576680796
0.430605	0.913749074234694
0.43744	0.94725441284449
0.444275	0.802632430059489
0.45111	0.600313616925217
0.457945	0.650571624839909
0.46478	0.689113793796677
0.471615	0.742411057005894
0.47845	0.859679742140174
0.485285	0.899226826154003
0.49212	0.848429595525765
0.498955	0.647397563867
0.50579	0.602470507779395
0.512625	0.579283931096977
0.51946	0.545778592487182
0.526295	0.74371009354307
0.53313	0.815733090986289
0.539965	0.715217075156905
0.5468	0.598034175454324
0.553635	0.578769218506775
0.56047	0.650387798914836
0.567305	0.784409153354015
0.57414	0.898136125665243
0.580975	0.969975297183392
0.58781	0.869459281354006
0.594645	1.03079716825889
0.60148	1.22127759181852
0.608315	1.07050356807445
0.61515	1.1469383877194
0.621985	1.2198682597263
0.62882	1.10259957459202
0.635655	0.846726141953433
0.64249	0.738918364429525
0.649325	0.939950396088295
0.65616	1.09568771980931
0.662995	1.08496454084678
0.66983	0.867179839883114
0.676665	0.829091108208189
0.6835	0.85563557178859
0.690335	0.922977135673307
0.69717	0.671687096099849
0.704005	0.469478578520621
0.71084	0.320481538718906
0.717675	0.30372886941401
0.72451	0.320138396992107
0.731345	0.281118280630151
0.73818	-0.0539351054677945
0.745015	-0.241486569287947
0.75185	-0.289354840176704
0.758685	-0.105075477822836
0.76552	-0.0425624082366735
0.772355	-0.0379177398631864
0.77919	-0.0881757477778784
0.786025	-0.094131707750213
0.79286	-0.199280136891413
0.799695	-0.450570176464871
0.80653	-0.589824442237769
0.813365	-0.674359857647557
0.8202	-0.705414183923058
0.827035	-0.655156176008365
0.83387	-0.64283983902854
0.840705	-0.63540101659396
0.84754	-0.417616315630291
0.854375	-0.221277972591698
0.86121	-0.0340328853133344
0.868045	0.166999146345438
0.87488	0.140773314368494
0.881715	0.0403185738474689
0.88855	-0.00993943406722524
0.895385	-0.0469987405617447
0.90222	-0.0859453265536729
0.909055	-0.136203334468363
0.91589	-0.215334267681034
0.922725	-0.319134640038371
0.92956	-0.453155994477552
0.936395	-0.555828901161114
0.94323	-0.664261686830265
0.950065	-0.780733792955902
0.9569	-0.814239131565697
0.963735	-0.756199159489624
0.97057	-0.623574882080991
0.977405	-0.506306196946711
0.98424	-0.58649106546313
0.991075	-0.748000523231411
0.99791	-0.697742515316719
1.004745	-0.554444079192236
1.01158	-0.435998908137496
1.018415	-0.53651492396688
1.02525	-0.534088421755929
1.032085	-0.49036236171213
1.03892	-0.423351684492541
1.045755	-0.511502343095414
1.05259	-0.48911234542164
1.059425	-0.237822305848182
1.06626	-0.155308975614181
1.073095	-0.0655406488706755
1.07993	0.0517280362636051
1.086765	0.0695101307489053
1.0936	0.00685000042268656
1.100435	-0.120774211823985
1.10727	-0.15427955043378
1.114105	-0.157600672146749
1.12094	-0.166191470378445
1.127775	-0.333718163427421
1.13461	-0.523843190198581
1.141445	-0.717791796211239
1.14828	-0.885318489260215
1.155115	-1.09045596657892
1.16195	-1.26522540107573
1.168785	-1.33223607829532
1.17562	-1.4818948914273
1.182455	-1.67349052559903
1.18929	-1.9080278958676
1.196125	-1.97742831011312
1.20296	-2.0131763250088
1.209795	-2.02992899431369
1.21663	-2.16043314605316
1.223465	-2.29445450049234
1.2303	-2.41009326242431
1.237135	-2.12529788424106
1.24397	-2.13241807507219
1.250805	-2.32060680209925
1.25764	-2.28710146348946
1.264475	-2.04519880115634
1.27131	-1.65165200570048
1.278145	-1.08206124933397
1.28498	-0.695561114339202
1.291815	-0.564101067789356
1.29865	-0.949412461802
1.305485	-0.837303157631405
1.31232	-0.460607071973805
1.319155	0.1927470309172
1.32599	0.581832983924637
1.332825	0.989031918082525
1.33966	1.47485932792455
1.346495	1.75373551132048
1.35333	1.85854079873488
1.360165	1.79233895558561
1.367	1.75883361697581
1.373835	1.8287242336882
1.38067	1.96143429652853
1.387505	1.92792895791874
1.39434	2.03270973520979
1.401175	2.1363507917654
1.40801	1.85155541358215
1.414845	1.69738673775507
1.42168	1.63393002842021
1.428515	1.6841880363349
1.43535	1.74755896023806
1.442185	1.75030409405247
1.44902	1.61628273961329
1.455855	1.6401188345643
1.46269	1.70356328883749
1.469525	1.78732663536198
1.47636	1.62167496674874
1.483195	1.55486037051589
1.49003	1.62157692625537
1.496865	1.62157692625537
1.5037	1.53995821552339
1.510535	1.39836323297124
1.51737	1.36485789436145
1.524205	1.33135255575165
1.53104	1.31314153410785
1.537875	1.38015221132744
1.54471	1.22782179475109
1.551545	1.13557794554995
1.55838	1.58790001678217
1.565215	1.64397917899081
1.57205	1.57194392648592
1.578885	1.48818057996143
1.58572	1.43245681454127
1.592555	1.4197728257113
1.59939	1.47003083362599
1.606225	1.41348597907383
1.61306	1.38397579056894
1.619895	1.40072845987383
1.62673	1.46696706820812
1.633565	1.48155059159717
1.6404	1.45000606285481
1.647235	1.45000606285481
1.65407	1.2504936588433
1.660905	0.944276432858325
1.66774	0.82700774772404
1.674575	0.866726402601272
1.68141	0.966715450778781
1.688245	1.00022078938857
1.69508	1.00882384268195
1.701915	1.02290490854246
1.70875	1.07316291645716
1.715585	0.986531885501544
1.72242	0.863331750518275
1.729255	0.729310396079093
1.73609	0.565435711408215
1.742925	0.49827797344857
1.74976	0.565288650668161
1.756595	0.680792606921752
1.76343	0.79806129205603
1.770265	0.909484312773022
1.7771	0.875978974163228
1.783935	0.900342036766106
1.79077	0.942818080519419
1.797605	0.792044056775338
1.80444	0.815389949259486
1.811275	0.917033430762648
1.81811	0.950538769372443
1.824945	0.826480780072171
1.83178	0.703280645088896
1.838615	0.753538653003588
1.84545	1.01752493646868
1.852285	1.16220819456205
1.85912	0.961176162903273
1.865955	0.833123023498106
1.87279	0.804752555728653
1.879625	0.905268571558039
1.88646	0.799948571553439
1.893295	0.650375543853167
1.90013	0.464821655085461
1.906965	0.213531615512007
1.9138	-0.242663055208406
1.920635	-0.780022999378956
1.92747	-0.511980290500606
1.934305	-0.497176176001465
1.94114	-0.589285219524222
1.947975	-0.472016534389944
1.95481	-0.543377758502901
1.961645	-0.690119866957066
1.96848	-0.824141221396246
1.975315	-0.749728486927089
1.98215	-0.789606457606048
1.988985	-1.20842319022849
1.99582	-1.32767719535354
2.002655	-1.36865812158293
2.00949	-1.36865812158293
2.016325	-1.21363159143885
2.02316	-1.1390472861063
2.029995	-1.17255262471609
2.03683	-0.887990092704598
2.043665	-0.719973197188762
2.0505	-0.663992075473496
2.057335	-0.74775542199798
2.06417	-0.77019443991844
2.071005	-0.773147909781265
2.07784	-0.890416594915544
2.084675	-1.00768528004983
2.09151	-1.12495396518411
2.098345	-1.24222265031839
2.10518	-1.23252889653626
2.112015	-1.19214846832877
2.11885	-1.17539579902387
2.125685	-1.1168411143576
2.13252	-1.13012560120947
2.139355	-1.28089962495354
2.14619	-1.32547128425267
2.153025	-1.35156231055123
2.15986	-1.36831497985613
2.166695	-1.45070575947341
2.17353	-1.28355897333625
2.180365	-0.883284149022756
2.1872	-0.51472542431501
2.194035	-0.324183725447017
2.20087	-0.212393052879889
2.207705	0.206423679742551
2.21454	0.513964452388055
2.221375	0.734923214324625
2.22821	0.835439230154011
2.235045	0.799936316491766
2.24188	0.688525550836449
2.248715	0.504246188482578
2.25555	0.483204247592667
2.262385	0.435654608307371
2.26922	0.268127915258396
2.276055	0.249010019050904
2.28289	0.12859178306706
2.289725	-0.1562035951162
2.29656	0.282539867784044
2.303395	0.452051880823793
2.31023	0.319721724895276
2.317065	0.235958378370788
2.3239	0.00881081029013
2.330735	-0.313632117347881
2.33757	-0.53141681831155
2.344405	-0.749201519275211
2.35124	-0.942672177882686
2.358075	-1.02643552440717
2.36491	-1.278681458791
2.371745	-1.49861079554718
2.37858	-1.43160011832759
2.385415	-1.5105839908002
2.39225	-1.58924923166936
2.399085	-1.58924923166936
2.40592	-1.44414930147918
2.412755	-1.24961245250629
2.41959	-1.01507508223772
2.426425	-0.843528728960504
2.43326	-0.540166932344982
2.440095	-0.0913375536891173
2.44693	0.109694477969653
2.453765	0.393779062575955
2.4606	0.70440811076267
2.467435	0.587139425628385
2.47427	0.616392257838183
2.481105	0.709285625307915
2.48794	0.675780286698119
2.494775	0.82953229042836
2.50161	1.04039288154765
2.508445	1.17441423598683
2.51528	1.26961155505079
2.522115	1.27043264418278
2.52895	1.08615328182891
2.535785	1.12873962113726
2.54262	1.05196165976551
2.549455	0.716908273667562
2.55629	0.782693444720009
2.563125	0.929165941817399
2.56996	1.13019797347616
2.576795	1.06475594415053
2.58363	1.04223114079837
2.590465	1.05100576495514
2.5973	0.950489749125753
2.604135	0.971592965324023
2.61097	1.04120171561797
2.617805	0.92393303048368
2.62464	0.897645923198385
2.631475	0.896322376537867
2.63831	0.829311699318274
2.645145	0.837963772858334
2.65198	0.890881129155731
2.658815	0.99139714498512
2.66565	1.00882384268195
2.672485	0.905280826619717
2.67932	0.620485448436448
2.686155	0.878785383285993
2.69299	1.05051556248828
2.699825	1.03376289318338
2.70666	1.01701022387849
2.713495	0.957426114031811
2.72033	0.861763102624326
2.727165	0.861763102624326
2.734	0.802938806601279
2.740835	0.714702362566703
2.74767	0.714702362566703
2.754505	0.626367878038763
2.76134	0.564602367214563
2.768175	0.79913973748312
2.77501	0.702128669291785
2.781845	0.506954557111968
2.78868	0.372933202672793
2.795515	0.225394515209988
2.80235	0.166778555235351
2.809185	0.28404724036963
2.81602	-0.0413369020695121
2.822855	-0.342676613509267
2.82969	-0.526955975863133
2.836525	-0.551306783404342
2.84336	-0.576294854152467
2.850195	-0.609800192762261
2.85703	-0.643305531372054
2.863865	-0.591552405933442
2.8707	-0.463989468995131
2.877535	-0.246204768031473
2.88437	-0.124818382175569
2.891205	-0.0578077049559821
2.89804	0.0092029722636065
2.904875	0.040367594094153
2.91171	0.119988729773682
2.918545	0.38803143865203
2.92538	0.379158774001896
2.932215	0.382259304604778
2.93905	0.566538666958643
2.945885	0.563303330677382
2.95272	0.489797470771917
2.959555	0.355776116332742
2.96639	0.456684294135609
2.973225	0.415862683707948
2.98006	0.20087213680537
2.986895	0.301388152634761
2.99373	0.155062716277431
3.000565	-0.162122789903523
3.0074	-0.0951121126839304
3.014235	-0.0696215844072767
3.02107	-0.0853570835934386
3.027905	-0.185873099422827
3.03474	-0.135357735213033
3.041575	-0.0451114610643382
3.04841	-0.0451114610643382
3.055245	-0.0708225804510787
3.06208	-0.119622236026865
3.068915	-0.203385582551354
3.07575	-0.428082138297723
3.082585	-0.5779983077248
3.08942	-0.561245638419903
3.096255	-0.651810544172054
3.10309	-0.782621072453315
3.109925	-0.950147765502284
3.11676	-0.802866434334577
3.123595	-0.819508808084434
3.13043	-0.968064665665968
3.137265	-0.834043311226793
3.1441	-0.931152419911515
3.150935	-1.13202513576854
3.15777	-1.01475645063427
3.164605	-0.750757912107478
3.17144	-0.532176632135182
3.178275	-0.749961333098841
3.18511	-1.03036939920373
3.191945	-1.20796975294663
3.19878	-1.07394839850746
3.205615	-1.22893816346652
3.21245	-1.36865812158293
3.219285	-1.36865812158293
3.22612	-1.4586592944982
3.232955	-1.70403013928434
3.23979	-2.13959954121166
3.246625	-1.99060250140995
3.25346	-1.97572485654079
3.260295	-2.10468487050965
3.26713	-2.12143753981455
3.273965	-2.1187536813085
3.2808	-2.11180506134077
3.287635	-2.17881573856037
3.29447	-2.08148603876556
3.301305	-1.93558952956673
3.30814	-1.95234219887163
3.314975	-1.8349632181823
3.32181	-1.71623618070912
3.328645	-1.73298885001401
3.33548	-1.5616998530319
3.342315	-1.28150012297546
3.34915	-0.879436059657897
3.355985	-0.345348216953643
3.36282	0.0830764840192145
3.369655	0.33436652359269
3.37649	0.251608092125255
3.383325	0.403730172653181
3.39016	0.819801771461226
3.396995	1.12134981894937
3.40383	1.47922212987958
3.410665	1.84053811313949
3.4175	1.82378544383459
3.424335	1.78578249759137
3.43117	1.73265680524556
3.438005	1.66564612802597
3.44484	1.68167574869225
3.451675	1.67445751736775
3.45851	1.49017815501388
3.465345	1.25349614895282
3.47218	1.06098138515572
3.479015	0.993970707936127
3.48585	1.17071320736204
3.492685	1.33585016338508
3.49952	1.41961350990957
3.506355	1.37876738935856
3.51319	1.21904717059431
3.520025	0.935293472653135
3.52686	0.935293472653135
3.533695	0.871898038626625
3.54053	0.788404303458915
3.547365	1.10670502025195
3.5542	1.09558967931594
3.561035	0.933614529204144
3.56787	1.08438855294822
3.574705	1.16597049849519
3.58154	1.17093379847213
3.588375	1.02015977472806
3.59521	1.04816259064736
3.602045	1.08681505515917
3.60888	1.01980437793958
3.615715	1.00882384268195
3.62255	1.02757408703929
3.629385	1.07783209495398
3.63622	0.823184168482536
3.643055	0.7405605426935
3.64989	0.908087235742468
3.656725	0.680020538036443
3.66356	0.611269642059509
3.670395	0.693096688839904
3.67723	0.743354696754598
3.684065	0.743795878974769
3.6909	0.710290540364976
3.697735	0.676785201755181
3.70457	0.564871978571332
3.711405	0.496746090739627
3.71824	0.748036130313102
3.725075	0.651037317183427
3.73191	0.517518420272774
3.738745	0.601281766797264
3.74558	0.425188785639937
3.752415	0.27943933718116
3.75925	0.296192006486057
3.766085	0.283115855682601
3.77292	0.266363186377704
3.779755	0.249610517072805
3.78659	0.216705676484913
3.793425	0.216779206854941
3.80026	0.246460966223237
3.807095	0.179450289003651
3.81393	0.0546447409414218
3.820765	-0.0810065367000687
3.8276	0.0362621484342097
3.834435	0.0339581968399782
3.84127	-0.00192462373408354
3.848105	0.0985913920952983
3.85494	-0.0188366088407032
3.861775	-0.180713718459138
3.86861	-0.230971726373828
3.875445	-0.334612782929432
3.88228	-0.429528235574962
3.889115	-0.479786243489651
3.89595	-0.384209017513875
3.902785	-0.287418540432612
3.90962	-0.220407863213025
3.916455	-0.264146178318492
3.92329	-0.378914830871797
3.930125	-0.557985792015295
3.93696	-0.457469776185904
3.943795	-0.561588780146707
3.95063	-0.811101835777801
3.957465	-0.878112512997393
3.9643	-1.1664496040037
3.971135	-1.49624556864459
3.97797	-1.3789768835103
3.984805	-1.41481068383768
3.99164	-1.55552330194947
3.998475	-1.82356601082785
4.00531	-2.0395492177258
4.012145	-2.19326445627102
4.01898	-2.24352246418572
4.025815	-2.27952783537649
4.03265	-2.26756689518514
4.039485	-2.18380354866065
4.04632	-2.31690577347447
4.053155	-2.33621975066871
4.05999	-2.20219839622952
4.066825	-2.16854599687967
4.07366	-2.18886488913097
4.080495	-2.24495630640128
4.08733	-2.16119295987679
4.094165	-2.1999312098203
4.101	-2.26572863593441
4.107835	-2.03119126566585
4.11467	-1.93400862661111
4.121505	-1.88205942018575
4.12834	-1.76479073505147
4.135175	-1.69825800523707
4.14201	-1.66277960169817
4.148845	-1.66277960169817
4.15568	-1.52356210111029
4.162515	-1.38069259214431
4.16935	-1.28017657631493
4.176185	-0.997746425034273
4.18302	-0.785023064540913
4.189855	-0.684507048711532
4.19669	-0.747963758046394
4.203525	-0.711296613525358
4.21036	-0.576392894645838
4.217195	-0.425618870901766
4.22403	-0.284722426864886
4.230865	-0.188863334470665
4.2377	-0.356390027519632
4.244535	0.00961964436045766
4.25137	0.585779113782855
4.258205	0.920832499880794
4.26504	0.761761799385132
4.271875	0.711638597148837
4.27871	1.41525070795451
4.285545	1.80627296070608
4.29238	2.05457276523169
4.299215	2.17184145036597
4.30605	2.28911013550025
4.312885	2.35688062654347
4.31972	2.35688062654347
4.326555	2.40507978409736
4.33339	2.43041099657228
4.340225	2.42710212992099
4.34706	2.3265861140916
4.353895	2.33108372172503
4.36073	2.37548381016077
4.367565	2.0906884319775
4.3744	1.87059977941961
4.381235	1.74383342148993
4.38807	1.87785477592912
4.394905	1.78345403587379
4.40174	1.72711751737004
4.408575	2.04541823416311
4.41541	2.12503936984263
4.422245	2.1087769030046
4.42908	2.02501355648011
4.435915	1.88325925812623
4.44275	1.85381034492969
4.449585	2.00458436867377
4.45642	1.87211940706687
4.463255	1.54582839006404
4.47009	1.03906933488714
4.476925	1.47463873681446
4.48376	1.63373394743346
4.490595	1.5754733842473
4.49743	1.6089787228571
4.504265	1.44386627695741
4.5111	1.24534653294129
4.517935	1.49663657251475
4.52477	1.37380408938163
4.531605	1.17162008192573
4.53844	1.23863075914532
4.545275	1.00827236490674
4.55211	0.896837089128075
4.558945	1.24864314453091
4.56578	1.3171121740894
4.572615	1.2761802681067
4.57945	1.14215891366752
4.586285	1.25461135956491
4.59312	1.27392533675915
4.599955	1.15665665162487
4.60679	1.20581170398913
4.613625	1.24718479219201
4.62046	1.27843519945425
4.627295	1.27843519945425
4.63413	1.10634962346349
4.640965	0.892511052358038
4.6478	1.1102957533217
4.654635	1.05542984221854
4.66147	0.903577373047375
4.668305	0.870072034437582
4.67514	0.786173882234707
4.681975	0.777632104249691
4.68881	0.995416805213349
4.695645	0.784286602737296
4.70248	0.543523661139634
4.709315	0.409502306700459
4.71615	0.50158684009987
4.722985	0.596906709780548
4.72982	0.663917387000136
4.736655	0.714616577135004
4.74349	0.7049963537229
4.750325	0.637189097494668
4.75716	0.553425750970178
4.763995	0.489245992996698
4.77083	0.434919304607082
4.777665	0.351155958082591
4.7845	0.2122448340365
4.791335	0.0774391556503456
4.79817	0.0774391556503456
4.805005	0.138775739316044
4.81184	0.127831969243436
4.818675	-0.140210739634938
4.82551	-0.246192512969791
4.832345	-0.393669925124255
4.83918	-0.695217972612398
4.846015	-0.701909236285018
4.85285	-0.717301593744385
4.859685	-0.80106494026887
4.86652	-0.868847686373759
4.873355	-0.944081509974908
4.88019	-1.02877624118642
4.887025	-1.1460449263207
4.89386	-1.25385270384462
4.900695	-1.35607217324633
4.90753	-1.47334085838061
4.914365	-1.34454016021347
4.9212	-1.09708595494319
4.928035	-0.946311931199116
4.93487	-0.77166504731901
4.941705	-0.633354421294823
4.94854	-0.633354421294823
4.955375	-0.633354421294823
4.96221	-0.71460548017666
4.969045	-0.965895519750113
4.97588	-0.799238936079813
4.982715	-0.704446034051013
4.98955	-0.82171471918529
4.996385	-0.688587984248127
5.00322	-0.656197856250441
5.010055	-0.756309455044665
5.01689	-0.806567462959359
5.023725	-0.774655282366853
5.03056	-0.668648998908656
5.037395	-0.501122305859674
5.04423	-0.48911234542164
5.051065	-0.520669129225678
5.0579	-0.269379089652204
5.064735	-0.285016548345005
5.07157	-0.29974713247412
5.078405	0.0855642615385416
5.08524	0.0470466027051029
5.092075	-0.0289347796580049
5.09891	0.105086574781181
5.105745	0.0138108754520805
5.11258	0.031556204752359
5.119415	0.299598913630731
5.12625	0.368496870347719
5.133085	0.282650163339092
5.13992	0.0313601237656381
5.146755	0.0284189089644708
5.15359	-0.0507732995565665
5.160425	-0.197380602332338
5.16726	-0.281143948856821
5.174095	-0.20431696723839
5.18093	-0.0701853172441516
5.187765	-0.254464679598019
5.1946	-0.325997474574396
5.201435	-0.353301751978428
5.20827	-0.420312429198016
5.215105	-0.474810688451034
5.22194	-0.487028984937495
5.228775	-0.403265638413011
5.23561	-0.525754979819339
5.242445	-0.579419894878687
5.24928	-0.428645871134616
5.256115	-0.337823609087365
5.26295	-0.297443180879873
5.269785	-0.314195850184773
5.27662	-0.379625624448745
5.283455	-0.353485577903497
5.29029	-0.242614034961723
5.297125	-0.276119373571517
5.30396	-0.338742738712717
5.310795	-0.395226317956508
5.31763	-0.244452294212437
5.324465	-0.0827345003957435
5.3313	0.103910088860717
5.338135	0.371952797739065
5.34497	0.469454068397275
5.351805	0.609137261328706
5.35864	1.04470666325602
5.365475	0.970342949033531
5.37231	0.899533202695787
5.379145	1.08381256504965
5.38598	1.01892201349924
5.392815	0.994301594601263
5.39965	1.07806494112575
5.406485	1.03466976774707
5.41332	0.968137037932672
5.420155	0.886273225967262
5.42699	0.886273225967262
5.433825	0.895648348145937
5.44066	0.905930344888295
5.447495	0.855672336973603
5.45433	0.922156046541319
5.461165	1.03904482476379
5.468	1.07255016337358
5.474835	1.10605550198338
5.48167	1.12318807820009
5.488505	1.08968273959029
5.49534	1.04308899511537
5.502175	0.982169083546505
5.50901	0.898405737022022
5.515845	0.986556395624895
5.52268	1.01843181103237
5.529515	0.91791579520299
5.53635	0.6461965678232
5.543185	0.462885355341373
5.55002	0.396757042562109
5.556855	0.631294412830705
5.56369	0.703035543855463
5.570525	0.628304177782848
5.57736	0.460777484733879
5.584195	0.313814785169634
5.59103	0.192416144252066
5.597865	0.142158136337365
5.6047	0.207097708134486
5.611535	0.271694138204789
5.61837	0.154425453070511
5.625205	0.164731959936213
5.63204	0.119988729773704
5.638875	-0.148053979104692
5.64571	-0.262148603266049
5.652545	-0.37710108174442
5.65938	-0.54462777479339
5.666215	-0.437959718004937
5.67305	-0.318889538804951
5.679885	-0.218373522975553
5.68672	-0.266094733124259
5.693555	-0.342492787584192
5.70039	-0.439185224172077
5.707225	-0.47269056278187
5.71406	-0.784826983554135
5.720895	-1.20843544529014
5.72773	-1.10791942946076
5.734565	-0.985025671019281
5.7414	-0.995123841836559
5.748235	-1.56471459820305
5.75507	-1.62481342063997
5.761905	-1.53089062798983
5.76874	-1.49738528938003
5.775575	-1.46387995077024
5.78241	-1.40083991353221
5.789245	-1.28357122839793
5.79608	-1.09179176830113
5.802915	-0.755010418507458
5.80975	-0.235677670055656
5.816585	-0.00686341358768556
5.82342	0.236068673925827
5.830255	0.49536126877076
5.83709	0.528866607380553
5.843925	0.562371945990353
5.85076	0.564210205241062
5.857595	0.312920165667609
5.86443	0.148494003221522
5.871265	0.0777332771304541
5.8781	0.211754631569629
5.884935	0.10386106861402
5.89177	-0.0364348774009383
5.898605	-0.00292953879114509
5.90544	-0.0227582285755792
5.912275	-0.0729917263669248
5.91911	-0.15675507289141
5.925945	-0.211375882761154
5.93278	-0.302516776411866
5.939615	-0.453290800155938
5.94645	-0.493401617006653
5.953285	-0.502752229061986
5.96012	-0.488940774558227
5.966955	-0.639714798302324
5.97379	-0.530387393131137
5.980625	-0.236596799681032
5.98746	-0.186338791766343
5.994295	-0.11502658790007
6.00113	-0.0589596807530914
6.007965	-0.14272302727759
6.0148	-0.226486373802074
6.021635	-0.330286746159409
6.02847	-0.497813439208377
6.035305	-0.665340132257346
6.04214	-0.772547411759363
6.048975	-0.747418407802014
6.05581	-0.722289403844669
6.062645	-0.706884791323634
6.06948	-0.706884791323634
6.076315	-0.706884791323634
6.08315	-0.8265554685455
6.089985	-1.08622184277145
6.09682	-1.34588821699735
6.103655	-1.45326093983191
6.11049	-1.42813193587457
6.117325	-1.40300293191722
6.12416	-1.38807013927054
6.130995	-1.37969380461809
6.13783	-1.37131746996564
6.144665	-1.29433730007631
6.1515	-1.18544494959448
6.158335	-1.07655259911265
6.16517	-0.954988514862502
6.172005	-0.829343495075776
6.17884	-0.703698475289049
6.185675	-0.487641738021066
6.19251	-0.253104367752509
6.199345	-0.0185669974839542
6.20618	0.170528604106833
6.213015	0.354807966460698
6.21985	0.539087328814563
6.226685	0.805291778442195
6.23352	1.07333448732054
6.240355	1.33920192275221
6.24719	1.56536295836836
6.254025	1.79152399398447
6.26086	2.00082206474063
6.267695	2.09296174591756
6.27453	2.1851014270945
6.281365	2.27054984459881
6.2882	2.32918418716596
6.295035	2.3878185297331
6.30187	2.42353590697459
6.308705	2.39840690301724
6.31554	2.3732778990599
6.322375	2.32195370077979
6.32921	2.22143768495039
6.336045	2.12092166912101
6.34288	2.08746535075791
6.349715	2.14609969332505
6.35655	2.20473403589219
6.363385	2.15136324231296
6.37022	1.98383654926396
6.377055	1.81630985621499
6.38389	1.84423914176428
6.390725	2.0201421694657
6.39756	2.19604519716711
6.404395	2.11880154345187
6.41123	1.90101684248818
6.418065	1.68323214152452
6.4249	1.57954206472223
6.431735	1.52090772215509
6.43857	1.46227337958795
6.445405	1.47650150618852
6.45224	1.51000684479832
6.459075	1.54351218340811
6.46591	1.56977478057007
6.472745	1.59490378452742
6.47958	1.62003278848476
6.486415	1.59013043800638
6.49325	1.55662509939658
6.500085	1.52436977707728
6.50692	1.59138045429687
6.513755	1.65839113151646
6.52059	1.71817132234988
6.527425	1.70141865304498
6.53426	1.68466598374008
6.541095	1.64375858788072
6.54793	1.47623189483175
6.554765	1.30870520178278
6.5616	1.18235551594994
6.568435	1.19073185060239
6.57527	1.19910818525484
6.582105	1.22038297231651
6.58894	1.2706409802312
6.595775	1.32089898814589
6.60261	1.40314270702311
6.609445	1.53716406146228
6.61628	1.67118541590148
6.623115	1.66014360533547
6.62995	1.47586424298161
6.636785	1.29158488062774
6.64362	1.16941417082487
6.650455	1.10240349360528
6.65729	1.03539281638568
6.664125	1.08465203677416
6.67096	1.21029705656089
6.677795	1.33594207634762
6.68463	1.24597154108654
6.691465	1.05331584408023
6.6983	0.860660147073881
6.705135	0.875672597621442
6.71197	0.959435944145928
6.718805	1.04319929067041
6.72564	1.01637296067157
6.732475	0.966114952756882
6.73931	0.915856944842183
6.746145	0.865598936927494
6.75298	0.815340929012802
6.759815	0.765082921098112
6.76665	0.649627985091214
6.773485	0.532359299956933
6.78032	0.415874938769612
6.787155	0.31535892294023
6.79399	0.214842907110849
6.800825	0.127470444924115
6.80766	0.135846779576563
6.814495	0.144223114229012
6.82133	0.131410447251487
6.828165	0.0308944314221073
6.835	-0.0696215844072745
6.841835	-0.120663916268943
6.84867	-0.0369005697444604
6.855505	0.0468627767800248
6.86234	0.0503309592330497
6.869175	-0.100443064511022
6.87601	-0.251217088255095
6.882845	-0.426397067317894
6.88968	-0.635805433629105
6.896515	-0.845213799940315
6.90335	-0.94788057909306
6.910185	-0.939504244440611
6.91702	-0.931127909788163
6.923855	-0.960546185330521
6.93069	-1.01918052789766
6.937525	-1.0778148704648
6.94436	-1.17385166125327
6.951195	-1.29112034638755
6.95803	-1.40838903152183
6.964865	-1.40045387908956
6.9717	-1.34181953652242
6.978535	-1.28318519395528
6.98537	-1.21796988327055
6.992205	-1.15095920605096
6.99904	-1.08394852883138
7.005875	-0.995338305415825
7.01271	-0.903198624238893
7.019545	-0.811058943061945
7.02638	-0.742375449924203
7.033215	-0.675364772704616
7.04005	-0.608292820176671
7.046885	-0.532905808304635
7.05372	-0.457518796432599
7.060555	-0.381451628637783
7.06739	-0.297688282113298
7.074225	-0.213924935588814
7.08106	-0.149647137121964
7.087895	-0.191528810384207
7.09473	-0.233410483646448
7.101565	-0.250359233938087
7.1084	-0.1833485567185
7.115235	-0.116337879498913
7.12207	-0.011275235789417
7.128905	0.181380461216897
7.13574	0.374036158223212
7.142575	0.595092960653191
7.14941	0.863135669531541
7.156245	1.13117837840989
7.16308	1.33127902538162
7.169915	1.4485477105159
7.17675	1.56581639565018
7.183585	1.58203596977237
7.19042	1.50664895790033
7.197255	1.4312619460283
7.20409	1.39597349594531
7.210925	1.38759716129286
7.21776	1.37922082664041
7.224595	1.25822047522715
7.23143	1.08231744752574
7.238265	0.906414419824317
7.2451	0.786762125194939
7.251935	0.68624610936556
7.25877	0.585730093536178
7.265605	0.457738229439344
7.27244	0.323716875000169
7.279275	0.189695520560994
7.28611	0.175479649022093
7.292945	0.175479649022093
7.29978	0.175479649022093
7.306615	0.0619855228826147
7.31345	-0.0552831622516638
7.320285	-0.163121577429743
7.32712	-0.0542292269479138
7.333955	0.0546631235339174
7.34079	0.154842125167338
7.347625	0.188347463777138
7.35446	0.221852802386931
7.361295	0.252184080023814
7.36813	0.268936749328711
7.374965	0.285689418633607
7.3818	0.275971154728139
7.388635	0.192207808203641
7.39547	0.108444461679158
7.402305	0.0698777825990507
7.40914	0.120135790513741
7.415975	0.17039379842843
7.42281	0.306743614585172
7.429645	0.566409988811117
7.43648	0.826076363037019
7.443315	1.03699210193382
7.45015	1.19614246033034
7.456985	1.35529281872686
7.46382	1.38804447104387
7.470655	1.32103379382427
7.47749	1.25402311660468
7.484325	1.23471526694129
7.49116	1.24309160159374
7.497995	1.25146793624618
7.50483	1.18289473866349
7.511665	1.08237872283409
7.5185	0.981862707004713
7.525335	1.00557012380817
7.53217	1.06420446637531
7.539005	1.12283880894245
7.54584	1.16000228346118
7.552675	1.19350762207098
7.55951	1.22701296068077
7.566345	0.972812343960334
7.57318	0.696393300429537
7.580015	0.420709560599008
7.58685	0.479343903166148
7.593685	0.537978245733296
7.60052	0.578131955299855
7.607355	0.393852592945988
7.61419	0.209573230592123
7.621025	0.0742834772699357
7.62786	0.216681166361558
7.634695	0.359078855453206
7.64153	0.437725713729843
7.648365	0.295328024638218
7.6552	0.152930335546596
7.662035	0.042953412106835
7.66887	0.00944807349704183
7.675705	-0.0240572651127579
7.68254	-0.0700137463807641
7.689375	-0.13702442360035
7.69621	-0.204035100819939
7.703045	-0.285972443155373
7.70988	-0.386488458984755
7.716715	-0.487004474814153
7.72355	-0.583169943750163
7.730385	-0.675309624927095
7.73722	-0.767449306104029
7.744055	-0.864558414788742
7.75089	-0.965074430618122
7.757725	-1.06559044644752
7.76456	-1.14375322978814
7.771395	-1.21076390700773
7.77823	-1.27777458422732
7.785065	-1.3447852614469
7.7919	-1.41179593866649
7.798735	-1.47880661588609
7.80557	-1.45025232219156
7.812405	-1.39999431427687
7.81924	-1.34973630636218
7.826075	-1.33670304827458
7.83291	-1.32832671362213
7.839745	-1.31995037896968
7.84658	-1.21480807735931
7.853415	-1.10591572687748
7.86025	-1.0003935183553
7.867085	-0.983640849050406
7.87392	-0.966888179745506
7.880755	-0.909424195567973
7.88759	-0.524112801555345
7.894425	-0.138801407542718
7.90126	0.192465164498745
7.908095	0.284604845675678
7.91493	0.376744526852625
7.921765	0.546752869890083
7.9286	0.940440598555159
7.935435	1.33412832722024
7.94227	1.57759350991647
7.949105	1.51895916734933
7.95594	1.46032482478218
7.962775	1.4288967191257
7.96961	1.43727305377815
7.976445	1.4456493884306
7.98328	1.45000606285481
7.990115	1.45000606285481
7.99695	1.45000606285481
8.003785	1.47319876706806
8.01062	1.51508044033031
8.017455	1.55696211359255
8.02429	1.47792309334242
8.031125	1.32714906959835
8.03796	1.17637504585425
8.044795	1.11962185525369
8.05163	1.10286918594879
8.058465	1.0861165166439
8.0653	1.05637348196725
8.072135	1.02286814335745
8.07897	0.989362804747653
8.085805	0.856260579933829
8.09264	0.705486556189757
8.099475	0.554712532445684
8.10631	0.597262106569018
8.113145	0.655896449136157
8.11998	0.714530791703307
8.126815	0.497554924809946
8.13365	0.279770223846286
8.140485	0.0750616736860815
8.14732	0.0415563350762883
8.154155	0.00805099646649289
8.16099	-0.0424398576199678
8.167825	-0.193213881364042
8.17466	-0.343987905108113
8.181495	-0.450790767574959
8.18833	-0.400532759660269
8.195165	-0.350274751745578
8.202	-0.32942889184241
8.208835	-0.3796868997571
8.21567	-0.429944907671791
8.222505	-0.45564377199686
8.22934	-0.438891102691963
8.236175	-0.422138433387066
8.24301	-0.342676613509254
8.249845	-0.183526255112734
8.25668	-0.0243758967162127
8.263515	-0.0159934345329257
8.27035	-0.150014788972101
8.277185	-0.284036143411277
8.28402	-0.294894128052204
8.290855	-0.219507116180168
8.29769	-0.144120104308132
8.304525	-0.102005584874132
8.31136	-0.0768765809167856
8.318195	-0.0517475769594396
8.32503	-0.119083013313327
8.331865	-0.219599029142709
8.3387	-0.320115044972091
8.345535	-0.42741423743663
8.35237	-0.53630658791846
8.359205	-0.64519893840029
8.36604	-0.532029571395114
8.372875	-0.38963188230349
8.37971	-0.247234193211866
8.386545	-0.217129634215906
8.39338	-0.192000630258562
8.400215	-0.173195238123679
8.40705	-0.349098265825125
8.413885	-0.525001293526541
8.42072	-0.694727770145537
8.427555	-0.811996455279816
8.43439	-0.929265140414094
8.441225	-1.0390276002746
8.44806	-1.11441461214665
8.454895	-1.18980162401869
8.46173	-1.23550687652242
8.468565	-1.19362520326018
8.4754	-1.15174352999794
8.482235	-1.15916396984
8.48907	-1.26805632032185
8.495905	-1.37694867080368
8.50274	-1.391820188142
8.509575	-1.26617516835528
8.51641	-1.14053014856855
8.523245	-1.08249017649247
8.53008	-1.09924284579737
8.536915	-1.11599551510226
8.54375	-1.20168290630917
8.550585	-1.34408059540079
8.55742	-1.48647828449242
8.564255	-1.56108709994832
8.57109	-1.59459243855812
8.577925	-1.62809777716792
8.58476	-1.62076925028838
8.591595	-1.59564024633103
8.59843	-1.57051124237369
8.605265	-1.41633643901579
8.6121	-1.22368074200945
8.618935	-1.03102504500313
8.62577	-1.07171797728325
8.632605	-1.15548132380773
8.63944	-1.23924467033222
8.646275	-0.876985047323651
8.65311	-0.474920984006059
8.659945	-0.0728569206885351
8.66678	0.146410642737369
8.673615	0.364195343701029
8.68045	0.578119700238179
8.687285	0.737270058634698
8.69412	0.896420417031245
8.700955	1.05205970025889
8.70779	1.18608105469806
8.714625	1.32010240913724
8.72146	1.42728517851591
8.728295	1.43566151316835
8.73513	1.4440378478208
8.741965	1.45241418247325
8.7488	1.4607905171257
8.755635	1.46916685177815
8.76247	1.44424618386923
8.769305	1.36048283734473
8.77614	1.27671949082024
8.782975	1.26222788039373
8.78981	1.33761489226577
8.796645	1.41300190413781
8.80348	1.33912226485138
8.810315	1.12133756388768
8.81715	0.903552862924022
8.823985	0.837161066318852
8.83082	0.879042739581095
8.837655	0.920924412843335
8.84449	0.935293472653135
8.851325	0.935293472653135
8.85816	0.935293472653135
8.864995	0.923050666043337
8.87183	0.906297996738441
8.878665	0.889545327433544
8.8855	0.845831522451419
8.892335	0.79557351453672
8.89917	0.745315506622028
8.906005	0.687698334173622
8.91284	0.629063991606483
8.919675	0.570429649039345
8.92651	0.639444028842211
8.933345	0.71483104071426
8.94018	0.788012141485428
8.947015	0.77963580683298
8.95385	0.771259472180531
8.960685	0.757846307181112
8.96752	0.699211964613972
8.974355	0.640577622046822
8.98119	0.586318336496399
8.988025	0.552812997886606
8.99486	0.519307659276811
9.001695	0.469184457040508
9.00853	0.368668441211129
9.015365	0.268152425381729
9.0222	0.19190143166186
9.029035	0.166772427704514
9.03587	0.141643423747168
9.042705	0.119829413971955
9.04954	0.103076744667058
9.056375	0.0863240753621591
9.06321	0.0262987832953043
9.070045	-0.0825935671865269
9.07688	-0.191485917668356
9.083715	-0.241192447807833
9.09055	-0.241192447807833
9.097385	-0.241192447807833
9.10422	-0.189476087554233
9.111055	-0.10571274102975
9.11789	-0.0219493945052646
9.124725	-0.0308343142170759
9.13156	-0.0810923221317657
9.138395	-0.131350330046464
9.14523	-0.12392376267355
9.152065	-0.0987947587162066
9.1589	-0.0736657547588627
9.165735	0.148255029518912
9.17257	0.407921403744815
9.179405	0.667587777970759
9.18624	0.79725245798572
9.193075	0.914521143119996
9.19991	1.03178982825427
9.206745	1.0663981224145
9.21358	1.0999034610243
9.220415	1.12527143868423
9.22725	1.02475542285485
9.234085	0.92423940702547
9.24092	0.831615650912512
9.247755	0.789733977650271
9.25459	0.747852304388029
9.261425	0.693746207108487
9.26826	0.593230191279105
9.275095	0.492714175449723
9.28193	0.382737252009969
9.288765	0.248715897570794
9.2956	0.114694543131619
9.302435	0.0194665864134624
9.30927	-0.00566241754388358
9.316105	-0.0307914215012274
9.32294	-0.0775383542470417
9.329775	-0.152925366119077
9.33661	-0.228312377991114
9.343445	-0.248815096167485
9.35028	-0.215309757557692
9.357115	-0.181804418947899
9.36395	-0.2451140675427
9.370785	-0.379135421981875
9.37762	-0.513156776421051
9.384455	-0.543445161342094
9.39129	-0.518316157384748
9.398125	-0.493187153427403
9.40496	-0.607863893018164
9.411795	-0.775390586067133
9.41863	-0.942917279116102
9.425465	-1.05686484253743
9.4323	-1.15738085836682
9.439135	-1.2578968741962
9.44597	-1.22671999730398
9.452805	-1.17646198938929
9.45964	-1.1262039814746
9.466475	-1.2425841746377
9.47331	-1.36822919442443
9.480145	-1.49191953187456
9.48698	-1.52542487048435
9.493815	-1.55893020909415
9.50065	-1.60040133779039
9.507485	-1.71767002292468
9.51432	-1.83493870805896
9.521155	-1.91965182186299
9.52799	-1.84426480999095
9.534825	-1.76887779811891
9.54166	-1.72400588980882
9.548495	-1.77426389772352
9.55533	-1.82452190563821
9.562165	-1.75273175436675
9.569	-1.41767836826881
9.575835	-1.08262498217088
9.58267	-0.737755291674095
9.589505	-0.377572901618753
9.59634	-0.0173905115634703
9.603175	0.276645183120064
9.61001	0.494429884083722
9.616845	0.712214585047383
9.62368	0.884900659060044
9.630515	1.01892201349924
9.63735	1.15294336793842
9.644185	1.06130001675917
9.65102	0.82676264649062
9.657855	0.592225276222063
9.66469	0.466892760507935
9.671525	0.391505748635899
9.67836	0.316118736763863
9.685195	0.221632211276844
9.69203	0.121116195447462
9.698865	0.0206001796180804
9.7057	-0.0729304510585785
9.712535	-0.165070132235511
9.71937	-0.257209813412444
9.726205	-0.349349494589377
9.73304	-0.44148917576631
9.739875	-0.533628856943243
9.74671	-0.617545391738635
9.753545	-0.701308738263119
9.76038	-0.782743623070024
9.767215	-0.824625296332266
9.77405	-0.866506969594509
9.780885	-0.89862748623543
9.78772	-0.865122147625632
9.794555	-0.831616809015839
9.80139	-0.765745852531695
9.808225	-0.57309015552538
9.81506	-0.380434458519065
9.821895	-0.20403510081995
9.82873	-0.0700137463807532
9.835565	0.0640076080584218
9.8424	0.17744045888953
9.849235	0.252827470761566
9.85607	0.328214482633602
9.862905	0.360880349518905
9.86974	0.335751345561555
9.876575	0.310622341604211
9.88341	0.256240505437069
9.890245	0.172477158912584
9.89708	0.0887138123881008
9.903915	0.0289397490855124
9.91075	-0.0129419241767367
9.917585	-0.0548235974389793
9.92442	-0.134622431512747
9.931255	-0.235138447342127
9.93809	-0.335654463171508
9.944925	-0.424099243254494
9.95176	-0.507862589778993
9.958595	-0.591625936303477
9.96543	-0.608844297951887
9.972265	-0.608844297951887
9.9791	-0.608844297951887
9.985935	-0.536110506931728
9.99277	-0.45234716040723
9.999605	-0.368583813882746
10.00644	-0.198005610477576
10.013275	-0.0221025827761609
10.02011	0.152721999498171
10.026945	0.26161434998
10.03378	0.370506700461849
10.040615	0.465079011380563
10.04745	0.414821003465871
10.054285	0.364562995551179
10.06112	0.322540389079713
10.067955	0.322540389079713
10.07479	0.322540389079713
10.081625	0.302625913863573
10.08846	0.21886256733909
10.095295	0.135099220814605
10.10213	0.0800494837863675
10.108965	0.0884258184388169
10.1158	0.0968021530912663
10.122635	0.056740356487231
10.12947	-0.0605283286470474
10.136305	-0.177797013781324
10.14314	-0.341242771293691
10.149975	-0.55902747225735
10.15681	-0.776812173221045
10.163645	-0.856120804827939
10.17048	-0.814239131565698
10.177315	-0.772357458303455
10.18415	-0.730475785041213
10.190985	-0.688594111778971
10.19782	-0.646712438516721
10.204655	-0.781677432704612
10.21149	-0.999462133668271
10.218325	-1.21724683463193
10.22516	-1.22635234545384
10.231995	-1.1677180028867
10.23883	-1.10908366031955
10.245665	-0.939369438762252
10.2525	-0.746713741755906
10.259335	-0.554058044749559
10.26617	-0.557998047076963
10.273005	-0.583127051034312
10.27984	-0.608256054991654
10.286675	-0.518861507629127
10.29351	-0.426721826452209
10.300345	-0.333736546019931
10.30718	-0.224844195538083
10.314015	-0.11595184505627
10.32085	0.00856570905670556
10.327685	0.243103079325223
10.33452	0.477640449593819
10.341355	0.660700433311376
10.34819	0.635571429354034
10.355025	0.610442425396684
10.36186	0.640020016740754
10.368695	0.8159230444422
10.37553	0.99182607214359
10.382365	1.04599957226235
10.3892	0.870096544560905
10.396035	0.694193516859517
10.40287	0.5569797188549
10.409705	0.47321637233043
10.41654	0.389453025805934
10.423375	0.409091762134478
10.43021	0.534736781921182
10.437045	0.66038180170793
10.44388	0.638622939710243
10.450715	0.504601585271046
10.45755	0.370580230831893
10.464385	0.360157300880283
10.47122	0.418791643447433
10.478055	0.477425986014561
10.48489	0.42819127574944
10.491725	0.33605159457252
10.49856	0.243911913395573
10.505395	0.28400434765379
10.51223	0.359391359525815
10.519065	0.434778371397861
10.5259	0.430630033022068
10.532735	0.413877363717167
10.53957	0.397124694412268
10.546405	0.294028988101046
10.55324	0.185136637619199
10.560075	0.078450198238234
10.56691	0.170589879415182
10.573745	0.262729560592099
10.58058	0.336388608768475
10.587415	0.210743588981728
10.59425	0.0850985691950217
10.601085	-0.0392167764003717
10.60792	-0.156485461534631
10.614755	-0.273754146668927
10.62159	-0.418302599083932
10.628425	-0.652839969352448
10.63526	-0.887377339621043
10.642095	-1.09624035568784
10.64893	-1.24701437943194
10.655765	-1.39778840317599
10.6626	-1.53900347881634
10.669435	-1.66464849860309
10.67627	-1.79029351838979
10.683105	-1.85505539179267
10.68994	-1.84667905714023
10.696775	-1.83830272248778
10.70361	-1.89186346952295
10.710445	-2.00075582000476
10.71728	-2.10964817048661
10.724115	-2.04707995312293
10.73095	-1.87117692542148
10.737785	-1.6952738977201
10.74462	-1.60429844740192
10.751455	-1.55404043948723
10.75829	-1.50378243157254
10.765125	-1.45352442365784
10.77196	-1.40326641574316
10.778795	-1.35300840782846
10.78563	-1.29585080019273
10.792465	-1.2372164576256
10.7993	-1.17858211505845
10.806135	-1.02220752813053
10.81297	-0.854680835081536
10.819805	-0.687154142032595
10.82664	-0.771885638429101
10.833475	-0.864025319606049
10.84031	-0.944767793428519
10.847145	-0.785617435031972
10.85398	-0.626467076635478
10.860815	-0.484296106184752
10.86765	-0.467543436879853
10.874485	-0.450790767574959
10.88132	-0.43080276198879
10.888155	-0.397297423379002
10.89499	-0.363792084769202
10.901825	-0.325813648649331
10.90866	-0.275555640734633
10.915495	-0.225297632819934
10.92233	-0.195027630491411
10.929165	-0.203403965143861
10.936	-0.211780299796308
10.942835	-0.206259394513314
10.94967	-0.181130390555963
10.956505	-0.156001386598622
10.96334	-0.0367289988810359
10.970175	0.181055702082587
10.97701	0.398840403046282
10.983845	0.395157757014028
10.99068	0.219254729312582
10.997515	0.0433517016111362
11.00435	-0.0472560968568423
11.011185	-0.0891377701190915
11.01802	-0.131019443381325
11.024855	-0.202650278851066
11.03169	-0.286413625375564
11.038525	-0.370176971900034
11.04536	-0.453940318424532
11.052195	-0.537703664949003
11.05903	-0.621467011473501
11.065865	-0.748355920019861
11.0727	-0.882377274459058
11.079535	-1.01639862889826
11.08637	-0.884999857656768
11.093205	-0.734225833912672
11.10004	-0.584383194855635
11.106875	-0.592759529508084
11.11371	-0.601135864160534
11.120545	-0.59014307384124
11.12738	-0.355605703572643
11.134215	-0.121068333304126
11.14105	0.0800127186013545
11.147885	0.096765387906249
11.15472	0.113518057211148
11.161555	0.137893374875703
11.16839	0.188151382790386
11.175225	0.238409390705087
11.18206	0.245750172646306
11.188895	0.153610491469358
11.19573	0.0614708102924085
11.202565	0.123358871733319
11.2094	0.441659588526411
11.216235	0.759960305319399
11.22307	0.886383521522301
11.229905	0.777491171040489
11.23674	0.668598820558643
11.243575	0.68676082195577
11.25041	0.820782176394921
11.257245	0.95480353083412
11.26408	0.94882306073845
11.270915	0.848307044909053
11.27775	0.747791029079654
11.284585	0.680988687908496
11.29142	0.630730679993798
11.298255	0.580472672079117
11.30509	0.399220309958088
11.311925	0.173059274342017
11.31876	-0.0531017612741292
11.325595	0.0224323113379739
11.33243	0.164830000429572
11.339265	0.307227689521221
11.3461	0.337491564318903
11.352935	0.354244233623804
11.35977	0.370996902928702
11.366605	0.193482334617491
11.37344	0.00920297226359561
11.380275	-0.167662077779024
11.38711	-0.167662077779024
11.393945	-0.167662077779024
11.40078	-0.172441551830894
11.407615	-0.214323225093144
11.41445	-0.256204898355379
11.421285	-0.287063143644139
11.42812	-0.270310474339245
11.434955	-0.253557805034345
11.44179	-0.269709976317354
11.448625	-0.378602326799166
11.45546	-0.487494677281014
11.462295	-0.514823464808397
11.46913	-0.380802110369201
11.475965	-0.246780755930004
11.4828	-0.236290423139241
11.489635	-0.403817116188236
11.49647	-0.571343809237177
11.503305	-0.686216629814705
11.51014	-0.744850972381834
11.516975	-0.803485314948983
11.52381	-0.824766229541488
11.530645	-0.816389894889041
11.53748	-0.808013560236591
11.544315	-0.789061107361669
11.55115	-0.76393210340432
11.557985	-0.738803099446969
11.56482	-0.796371251648692
11.571655	-0.888510932825641
11.57849	-0.980650614002558
11.585325	-1.05321283415933
11.59216	-1.12022351137891
11.598995	-1.18723418859851
11.60583	-1.19708725818237
11.612665	-1.19708725818237
11.6195	-1.19708725818237
11.626335	-1.15050576876913
11.63317	-1.10024776085443
11.640005	-1.05010617602563
11.64684	-1.15899852650744
11.653675	-1.26789087698929
11.66051	-1.3667830971472
11.667345	-1.34165409318985
11.67418	-1.31652508923251
11.681015	-1.2901521965155
11.68785	-1.2566468579057
11.694685	-1.22314151929592
11.70152	-1.17287125631954
11.708355	-1.06397890583773
11.71519	-0.955086555355882
11.722025	-0.871010704758771
11.72886	-0.84588170080143
11.735695	-0.82075269684408
11.74253	-0.811126345901143
11.749365	-0.827879015206042
11.7562	-0.844631684510936
11.763035	-0.831629064077512
11.76987	-0.781371056162813
11.776705	-0.731113048248131
11.78354	-0.793650627957641
11.790375	-0.961177321006582
11.79721	-1.12870401405558
11.804045	-1.07811511947573
11.81088	-0.877083087816998
11.817715	-0.676051056158202
11.82455	-0.714789306101714
11.831385	-0.873939664498261
11.83822	-1.03309002289476
11.845055	-1.00019743736856
11.85189	-0.899681421539164
11.858725	-0.7991654057098
11.86556	-0.848553304245813
11.872395	-0.932316650770284
11.87923	-1.01607999729478
11.886065	-0.743073988439435
11.8929	-0.424773271646448
11.899735	-0.106472554853354
11.90657	-0.0216675280868293
11.913405	0.0537194837852196
11.92024	0.130282981577698
11.927075	0.239175332059547
11.93391	0.348067682541393
11.940745	0.446004007888922
11.94758	0.454380342541371
11.954415	0.462756677193818
11.96125	0.49257936977134
11.968085	0.618224389558085
11.97492	0.743869409344791
11.981755	0.835102215958043
11.98859	0.826725881305596
11.995425	0.818349546653146
12.00226	0.751810689307941
12.009095	0.567531326954044
12.01593	0.383251964600149
12.022765	0.320959486124084
12.0296	0.438228171258382
12.036435	0.555496856392641
12.04327	0.544528576196693
12.050105	0.393754552452596
12.05694	0.24298052870855
12.063775	0.249500221517773
12.07061	0.383521575956926
12.077445	0.517542930396123
12.08428	0.504699625764438
12.091115	0.404183609935041
12.09795	0.303667594105641
12.104785	0.203151578276277
12.11162	0.10263556244688
12.118455	0.00211954661751556
12.12529	-0.00763548247298932
12.132125	0.00911718683191164
12.13896	0.0258698561368039
12.145795	-0.170431721716793
12.15263	-0.404969091985311
12.159465	-0.639506462253906
12.1663	-0.727350744314974
12.173135	-0.802737756187021
12.17997	-0.87812476805907
12.186805	-0.678305987505787
12.19364	-0.477273955846991
12.200475	-0.291959040781887
12.20731	-0.317088044739237
12.214145	-0.342217048696587
12.22098	-0.387762985398586
12.227815	-0.555289678447581
12.23465	-0.722816371496522
12.241485	-0.8739641746216
12.24832	-0.966103855798517
12.255155	-1.05824353697547
12.26199	-1.14306694633455
12.268825	-1.21007762355412
12.27566	-1.27708830077372
12.282495	-1.35938716742845
12.28933	-1.4682795179103
12.296165	-1.57717186839214
12.303	-1.64194599685667
12.309835	-1.65032233150912
12.31667	-1.65869866616157
12.323505	-1.69284739550912
12.33034	-1.75148173807627
12.337175	-1.8101160806434
12.34401	-1.81469334617769
12.350845	-1.7811880075679
12.35768	-1.7476826689581
12.364515	-1.75290945276098
12.37135	-1.77803845671833
12.378185	-1.80316746067568
12.38502	-1.82214442367395
12.391855	-1.83889709297885
12.39869	-1.85564976228374
12.405525	-1.76406768641286
12.41236	-1.64679900127856
12.419195	-1.5295303161443
12.42603	-1.23490637850049
12.432865	-0.916605661707504
12.4397	-0.59830494491441
12.446535	-0.384117104551366
12.45337	-0.174708738240122
12.460205	0.0349508568353905
12.46704	0.252735557799014
12.473875	0.470520258762711
12.48071	0.661331568987465
12.487545	0.619449895725216
12.49438	0.577568222462965
12.501215	0.534197559207647
12.50805	0.483939551292949
12.514885	0.433681543378265
12.52172	0.400286500323511
12.528555	0.417039169628403
12.53539	0.433791838933302
12.542225	0.401462986243954
12.54906	0.267441631804803
12.555895	0.133420277365606
12.56273	-0.0173292362550956
12.569565	-0.193232263956544
12.5764	-0.36913529165799
12.583235	-0.473677095246424
12.59007	-0.498806099203774
12.596905	-0.523935103161115
12.60374	-0.443646066620486
12.610575	-0.276119373571545
12.61741	-0.108592680522549
12.624245	-0.102336471539271
12.63108	-0.194476152716188
12.637915	-0.286615833893138
12.64475	-0.343828589306376
12.651585	-0.385710262568625
12.65842	-0.427591935830874
12.665255	-0.437273434551328
12.67209	-0.437273434551328
12.678925	-0.437273434551328
12.68576	-0.486685843210691
12.692595	-0.545320185777821
12.69943	-0.60395452834497
12.706265	-0.631877686363415
12.7131	-0.657006690320755
12.719935	-0.682135694278105
12.72677	-0.657484637725949
12.733605	-0.632355633768599
12.74044	-0.615854193227982
12.747275	-0.724746543709794
12.75411	-0.833638894191641
12.760945	-0.932108314721877
12.76778	-0.965613653331676
12.774615	-0.999118991941465
12.78145	-1.0450632181478
12.788285	-1.13720289932475
12.79512	-1.22934258050167
12.801955	-1.27356497054317
12.80879	-1.19817795867114
12.815625	-1.12279094679909
12.82246	-1.01725648321522
12.829295	-0.858106124818728
12.83613	-0.698955766422181
12.842965	-0.561607162739224
12.8498	-0.452714812257376
12.856635	-0.343822461775563
12.86347	-0.166890008893727
12.870305	0.0760236960273163
12.87714	0.318937400948281
12.883975	0.464423365581142
12.89081	0.539810377453165
12.897645	0.615197389325214
12.90448	0.525876372332693
12.911315	0.349973344631306
12.91815	0.17407031692986
12.924985	0.00427643747169725
12.93182	-0.163250255577299
12.938655	-0.330776948626239
12.94549	-0.188814314223986
12.952325	0.0289703867397117
12.95916	0.246755087703335
12.965995	0.236785595033611
12.97283	0.194903921771378
12.979665	0.153022248509128
12.9865	0.0872432049875128
12.993335	0.020232527767935
13.00017	-0.045319797112754
13.007005	-0.0536961317652012
13.01384	-0.0620724664176528
13.020675	-0.0770665343726797
13.02751	-0.152453546244729
13.034345	-0.227840558116776
13.04118	-0.300335375434334
13.048015	-0.358969718001483
13.05485	-0.417604060568613
13.061685	-0.48243333681069
13.06852	-0.566196683335188
13.075355	-0.649960029859658
13.08219	-0.747142668914418
13.089025	-0.872787688701123
13.09586	-0.99843270848787
13.102695	-1.06132568498585
13.10953	-1.02782034637605
13.116365	-0.994315007766251
13.1232	-0.968652908626201
13.130035	-0.951900239321302
13.13687	-0.935147570016407
13.143705	-0.981961905601413
13.15054	-1.08247792143081
13.157375	-1.18299393726018
13.16421	-1.14936604803366
13.171045	-1.03209736289941
13.17788	-0.914828677765108
13.184715	-0.751333900006021
13.19155	-0.567054537652186
13.198385	-0.38277517529829
13.20522	-0.345630083372087
13.212055	-0.354006418024536
13.21889	-0.362382752676983
13.225725	-0.32866295048794
13.23256	-0.286781277225691
13.239395	-0.244899603963456
13.24623	-0.233557544386508
13.253065	-0.225181209734061
13.2599	-0.216804875081611
13.266735	-0.14239826814328
13.27357	-0.067011256271257
13.280405	0.00241979562844864
13.28724	-0.022709208328893
13.294075	-0.0478382122862434
13.30091	-0.0740824268556856
13.307745	-0.107587765465485
13.31458	-0.141093104075285
13.321415	-0.138182526928317
13.32825	0.00421516216333135
13.335085	0.146612851254932
13.34192	0.249010019050904
13.348755	0.249010019050904
13.35559	0.249010019050904
13.362425	0.222263346952918
13.36926	0.146876335080893
13.376095	0.0714893232088444
13.38293	0.0607355065921222
13.389765	0.136122518464171
13.3966	0.21150953033622
13.403435	0.198494654841119
13.41027	0.0979786390117219
13.417105	-0.00253737681764465
13.42394	-0.136852852736952
13.430775	-0.296003211133499
13.43761	-0.455153569529993
13.444445	-0.521698554406076
13.45128	-0.53845122371097
13.458115	-0.55520389301587
13.46495	-0.675082906286148
13.471785	-0.834233264682695
13.47862	-0.993383623079242
13.485455	-1.0789974839161
13.49229	-1.1460081611357
13.499125	-1.21301883835527
13.50596	-1.29463754908726
13.512795	-1.37840089561176
13.51963	-1.46216424213623
13.526465	-1.53008179391952
13.5333	-1.59709247113909
13.540135	-1.66129061170508
13.54697	-1.58590359983306
13.553805	-1.51051658796101
13.56064	-1.43826687187686
13.567475	-1.39638519861463
13.57431	-1.35450352535238
13.581145	-1.308412238406
13.58798	-1.2414015611864
13.594815	-1.1743908839668
13.60165	-1.0891814401651
13.608485	-0.946783751073453
13.61532	-0.804386061981852
13.622155	-0.659347407100004
13.62899	-0.508573383355957
13.635825	-0.35779935961186
13.64266	-0.262442724746159
13.649495	-0.254066390093712
13.65633	-0.245690055441262
13.663165	-0.159739180408443
13.67	0
14.0369696969697	0
14.4039393939394	0
14.7709090909091	0
15.1378787878788	0
15.5048484848485	0
15.8718181818182	0
16.2387878787879	0
16.6057575757576	0
16.9727272727273	0
17.339696969697	0
17.7066666666667	0
18.0736363636364	0
18.4406060606061	0
18.8075757575758	0
19.1745454545455	0
19.5415151515151	0
19.9084848484849	0
20.2754545454545	0
20.6424242424242	0
21.0093939393939	0
21.3763636363636	0
21.7433333333333	0
22.110303030303	0
22.4772727272727	0
22.8442424242424	0
23.2112121212121	0
23.5781818181818	0
23.9451515151515	0
24.3121212121212	0
24.6790909090909	0
25.0460606060606	0
25.4130303030303	0
25.78	0
26.1469696969697	0
26.5139393939394	0
26.8809090909091	0
27.2478787878788	0
27.6148484848485	0
27.9818181818182	0
28.3487878787879	0
28.7157575757576	0
29.0827272727273	0
29.449696969697	0
29.8166666666667	0
30.1836363636364	0
30.5506060606061	0
30.9175757575758	0
31.2845454545455	0
31.6515151515151	0
32.0184848484849	0
32.3854545454545	0
32.7524242424242	0
33.1193939393939	0
33.4863636363636	0
33.8533333333333	0
34.220303030303	0
34.5872727272727	0
34.9542424242424	0
35.3212121212121	0
35.6881818181818	0
36.0551515151515	0
36.4221212121212	0
36.7890909090909	0
37.1560606060606	0
37.5230303030303	0
37.89	0
38.2569696969697	0
38.6239393939394	0
38.9909090909091	0
39.3578787878788	0
39.7248484848485	0
40.0918181818182	0
40.4587878787879	0
40.8257575757576	0
41.1927272727273	0
41.559696969697	0
41.9266666666667	0
42.2936363636364	0
42.6606060606061	0
43.0275757575758	0
43.3945454545455	0
43.7615151515151	0
44.1284848484848	0
44.4954545454545	0
44.8624242424242	0
45.2293939393939	0
45.5963636363636	0
45.9633333333333	0
46.330303030303	0
46.6972727272727	0
47.0642424242424	0
47.4312121212121	0
47.7981818181818	0
48.1651515151515	0
48.5321212121212	0
48.8990909090909	0
49.2660606060606	0
49.6330303030303	0
50	0
