time	LR04abschange
0	0.00771993010798263
0.006835	0.335259161279035
0.01367	0.473503921247415
0.020505	-1.33429844022421
0.02734	-0.589079753499874
0.034175	-0.0241415155399906
0.04101	0.495726610228782
0.047845	-0.423168191988435
0.05468	-0.765165558159416
0.061515	-0.480286750012809
0.06835	-0.572836663561695
0.075185	-0.277783612267
0.08202	0.495726610228782
0.088855	-1.33242423753904
0.09569	-1.42988277716813
0.102525	-0.968293430133609
0.10936	-3.62216443234138
0.116195	-2.92281908753036
0.12303	-1.7003034503148
0.129865	-2.65703929722318
0.1367	-2.61321865348885
0.143535	-2.58733680688405
0.15037	-3.16432349067719
0.157205	-2.22686515710208
0.16404	-1.59392013599439
0.170875	-1.70030345031481
0.17771	-0.0777794114347586
0.184545	0.518038546957059
0.19138	-0.358285079982631
0.198215	0.633257388221861
0.20505	0.815501287418396
0.211885	0.37372494019858
0.21872	0.27457069337813
0.225555	0.379704539241769
0.23239	0.617728280258984
0.239225	-0.0312813352930531
0.24606	0.712509387480685
0.252895	1.83774498056097
0.25973	-0.857447728467549
0.266565	-0.482785686926376
0.2734	0.0161092183178129
0.280235	0.251723270168371
0.28707	0.879045683220523
0.293905	1.20444296846566
0.30074	0.00771993010798263
0.307575	0.165152955662681
0.31441	0.251723270168386
0.321245	0.251723270168371
0.32808	-0.0114683354783195
0.334915	0.073138528595277
0.34175	0.617728280258969
0.348585	1.00470651087416
0.35542	0.703227621801726
0.362255	-0.114281739922211
0.36909	0.520269740629882
0.375925	-0.318302089365541
0.38276	-1.70030345031481
0.389595	-0.0934870148914709
0.39643	0.240835045044989
0.403265	0.490371745413985
0.4101	0.129721600138177
0.416935	0.33160000365561
0.42377	0.430932745969864
0.430605	-0.236283409952421
0.43744	1.06093259142942
0.444275	1.48111098389624
0.45111	-0.358285079982615
0.457945	-0.272964233933693
0.46478	-0.380418521217065
0.471615	-0.846291760103407
0.47845	-0.280282549180575
0.485285	0.377651841062766
0.49212	1.47173997047036
0.498955	0.334902170291396
0.50579	0.176576667267553
0.512625	0.251723270168386
0.51946	-1.43372043028541
0.526295	-0.516789078500262
0.53313	0.739729950289178
0.539965	0.861106886090989
0.5468	0.148017388255366
0.553635	-0.51384390285213
0.56047	-0.968293430133617
0.567305	-0.820499161245532
0.57414	-0.515450362296585
0.580975	0.739729950289194
0.58781	-1.1672266580029
0.594645	-1.37945780016224
0.60148	1.10573496037978
0.608315	-0.54891826738898
0.61515	-0.523393411771835
0.621985	0.861731620319372
0.62882	1.87112363790647
0.635655	0.792832359702472
0.64249	-1.45630011025442
0.649325	-1.12644043766361
0.65616	0.0858117086569321
0.662995	1.59374164050058
0.66983	0.285101927513888
0.676665	-0.185590689705785
0.6835	-0.482696439179451
0.690335	1.83774498056096
0.69717	1.48030775417402
0.704005	1.09279403707739
0.71084	0.129721600138177
0.717675	-0.11178280300866
0.72451	0.29188475627928
0.731345	2.44775333071196
0.73818	1.37356744886597
0.745015	0.356321629550536
0.75185	-1.33429844022419
0.758685	-0.447532826895723
0.76552	-0.0261049659720836
0.772355	0.37372494019858
0.77919	0.051094335107753
0.786025	0.773465598622335
0.79286	1.83774498056096
0.799695	1.02184207828149
0.80653	0.623350888314495
0.813365	0.233873720785762
0.8202	-0.358285079982623
0.827035	-0.0819740555396738
0.83387	-0.0464534522682517
0.840705	-1.57830178028463
0.84754	-1.42211822318668
0.854375	-1.35589639497716
0.86121	-1.45630011025444
0.868045	0.198710108502018
0.87488	0.739283711554598
0.881715	0.373724940198596
0.88855	0.277605116773171
0.895385	0.291349269797806
0.90222	0.373724940198565
0.909055	0.583992631925828
0.91589	0.763648346461886
0.922725	0.98373329034959
0.92956	0.755437553745883
0.936395	0.797383994795026
0.94323	0.855930516770035
0.950065	0.251723270168379
0.9569	-0.414957399272417
0.963735	-0.958119186985529
0.97057	-0.846291760103407
0.977405	0.591667938160365
0.98424	1.18391598667564
0.991075	-0.358285079982615
0.99791	-1.03585397454684
1.004745	-0.854859543807057
1.01158	0.739729950289178
1.018415	-0.00995112378080682
1.02525	-0.310716030877938
1.032085	-0.480286750012809
1.03892	0.649678973653867
1.045755	-0.15533570350225
1.05259	-1.82230512034499
1.059425	-0.593185149857903
1.06626	-0.646019816030428
1.073095	-0.846291760103407
1.07993	-0.121778550662913
1.086765	0.464043660074637
1.0936	0.937145966460935
1.100435	0.251723270168386
1.10727	0.0319060695214349
1.114105	0.0702826006940393
1.12094	1.22773663040999
1.127775	1.39230947571772
1.13461	1.42015477275459
1.141445	1.22773663040999
1.14828	1.50163796568625
1.155115	1.28048204883561
1.16195	0.49572661022879
1.168785	1.09761341541068
1.17562	1.40301920534728
1.182455	1.71574331053079
1.18929	0.513129920876827
1.196125	0.268055607853475
1.20296	0.129721600138192
1.209795	0.958119186985503
1.21663	0.98373329034959
1.223465	0.849861669979928
1.2303	-2.06630846040539
1.237135	0.059572871064493
1.24397	1.37820833170544
1.250805	-0.236283409952413
1.25764	-1.7539413462096
1.264475	-2.85829296651218
1.27131	-4.14033685091876
1.278145	-2.80697551203717
1.28498	-0.949640651028805
1.291815	2.8137583408026
1.29865	-0.808718458653014
1.305485	-2.73557731450672
1.31232	-4.75034520106985
1.319155	-2.82580678663573
1.32599	-2.95771495657343
1.332825	-3.53032850076783
1.33966	-2.02320179864632
1.346495	-0.755526801492818
1.35333	0.489836258932511
1.360165	0.251723270168386
1.367	-0.501259970537385
1.373835	-0.958743921213913
1.38067	0.251723270168371
1.387505	-0.755348305998967
1.39434	-0.747048265536031
1.401175	2.08174832062131
1.40801	1.13045658627475
1.414845	0.469844763623974
1.42168	-0.358285079982615
1.428515	-0.453780169179625
1.43535	-0.0122715652005387
1.442185	0.98373329034955
1.44902	-0.165866937637961
1.455855	-0.454315655661115
1.46269	-0.602288420043003
1.469525	1.21408172513226
1.47636	0.494298646278171
1.483195	-0.478144804086897
1.49003	0.00771993010798263
1.496865	0.602109924549198
1.5037	1.03888839794185
1.510535	0.251723270168402
1.51737	0.251723270168371
1.524205	0.140342082020845
1.53104	-0.480286750012809
1.537875	1.11706942423774
1.54471	0.679487721122774
1.551545	-3.28632516070732
1.55838	-0.400677759766363
1.565215	0.532318186463169
1.57205	0.617728280258953
1.578885	0.413529435321835
1.58572	0.100091348163026
1.592555	-0.358285079982615
1.59939	0.419509034364992
1.606225	0.222628504674725
1.61306	-0.114281739922211
1.619895	-0.474664141957307
1.62673	-0.0984848887185893
1.633565	0.237443630662293
1.6404	0.00771993010798263
1.647235	1.46067324985319
1.65407	2.23775338222539
1.660905	0.861731620319404
1.66774	-0.281532017637375
1.674575	-0.720452436955937
1.68141	-0.236283409952405
1.688245	-0.0549319882250155
1.69508	-0.0948257310951642
1.701915	-0.358285079982615
1.70875	0.63861225303665
1.715585	0.904927529825292
1.72242	0.983733290349598
1.729255	1.20114080182989
1.73609	0.496797583191723
1.742925	-0.480286750012825
1.74976	-0.833440084547933
1.756595	-0.846291760103391
1.76343	-0.803720584825872
1.770265	0.251723270168371
1.7771	-0.169704590755237
1.783935	-0.301612760692822
1.79077	1.10573496037981
1.797605	-0.162297027761461
1.80444	-0.73250088278924
1.811275	-0.236283409952421
1.81811	0.911174872109209
1.824945	0.904927529825339
1.83178	-0.358285079982615
1.838615	-1.91476578614693
1.84545	-1.04593896994805
1.852285	1.47173997047041
1.85912	0.940269637602855
1.865955	0.214328464211821
1.87279	-0.724290090073229
1.879625	0.774715067079118
1.88646	1.09698868118229
1.893295	1.35902006611916
1.90013	1.83774498056092
1.906965	3.32996730894791
1.9138	3.92105513675334
1.920635	-1.94430679037515
1.92747	-0.100091348163083
1.934305	0.678505995906799
1.94114	-0.846291760103391
1.947975	0.527409560382904
1.95481	1.07637245164538
1.961645	0.98373329034959
1.96848	-0.53419238914833
1.975315	0.298132098563198
1.98215	3.05776168086301
1.988985	0.876189755319238
1.99582	0.306164395785374
2.002655	0.00771993010798263
2.00949	-1.12126406834265
2.016325	-0.535441857605114
2.02316	0.251723270168386
2.029995	-2.06461275321404
2.03683	-1.21586668007056
2.043665	-0.399963777791022
2.0505	0.617728280258961
2.057335	0.17113255470587
2.06417	0.0292286371140484
2.071005	0.861731620319357
2.07784	0.861731620319388
2.084675	0.861731620319388
2.09151	0.861731620319357
2.098345	-0.0628750377002655
2.10518	-0.286351395970666
2.112015	-0.114281739922211
2.11885	-0.418705804642783
2.125685	0.104464487761792
2.13252	1.10573496037974
2.139355	0.332313985630919
2.14619	0.197728383285964
2.153025	0.129721600138185
2.15986	0.607732532604708
2.166695	-1.20953009003974
2.17353	-2.90728997956741
2.180365	-2.67631681055644
2.1872	-1.37990403889682
2.194035	-0.806398017233211
2.20087	-3.04232182064704
2.207705	-2.23195227867614
2.21454	-1.60141694673506
2.221375	-0.724290090073229
2.22821	0.266270652915225
2.235045	0.819071197294896
2.24188	1.34973830044018
2.248715	0.160958311557766
2.25555	0.354001188130772
2.262385	1.22773663040999
2.26922	0.146946415292418
2.276055	0.884668291276009
2.28289	2.08174832062141
2.289725	-3.18743865712771
2.29656	-1.22675490519392
2.303395	0.971417101275582
2.31023	0.617728280258984
2.317065	1.66192691914211
2.3239	2.35591739913844
2.330735	1.5937416405006
2.33757	1.59374164050054
2.344405	1.41667411062502
2.35124	0.617728280258984
2.358075	1.84470630482014
2.36491	1.60935999621043
2.371745	-0.480286750012817
2.37858	0.582921658962856
2.385415	0.580601217543148
2.39225	0.00771993010798263
2.399085	-1.04897339334302
2.40592	-1.40899880439048
2.412755	-1.70030345031484
2.41959	-1.24157003118151
2.426425	-2.20151879697869
2.43326	-3.2608895528372
2.440095	-1.45630011025442
2.44693	-2.06113209108439
2.453765	-2.25444271089824
2.4606	0.861731620319404
2.467435	-0.205314441773593
2.47427	-0.668777991493278
2.481105	0.251723270168386
2.48794	-1.11198230266368
2.494775	-1.52787680327873
2.50161	-0.968293430133633
2.508445	-0.685556567912906
2.51528	0.00174033106480976
2.522115	1.3497383004402
2.52895	-0.302415990415041
2.535785	0.566857064518513
2.54262	2.44775333071201
2.549455	-0.471361975321537
2.55629	-1.05896914099731
2.563125	-1.45630011025438
2.56996	0.484302898623871
2.576795	0.171757288934238
2.58363	-0.056181456681799
2.590465	0.73972995028921
2.5973	-0.145964690076381
2.604135	-0.499207272358414
2.61097	0.86173162031942
2.617805	0.199156347236535
2.62464	0.0173586867745965
2.631475	0.495726610228806
2.63831	-0.055288979212686
2.645145	-0.377651841062737
2.65198	-0.724290090073245
2.658815	-0.11919036600242
2.66565	0.761774143776655
2.672485	2.08174832062147
2.67932	-1.87335483157933
2.686155	-1.24290874738521
2.69299	0.129721600138192
2.699825	0.129721600138177
2.70666	0.44164247559941
2.713495	0.704387842511615
2.72033	0.00771993010798263
2.727165	0.436109115290818
2.734	0.650303707882283
2.740835	0.00771993010798263
2.74767	0.651017689857529
2.754505	0.457528574549974
2.76134	-1.70030345031477
2.768175	0.714205094671969
2.77501	1.42907954744599
2.781845	0.98373329034955
2.78868	1.08217355519469
2.795515	0.434591903593337
2.80235	-0.846291760103391
2.809185	2.37733685839742
2.81602	2.20223277895418
2.822855	1.34973830044014
2.82969	0.185055203224309
2.836525	0.189696086063788
2.84336	0.251723270168379
2.850195	0.251723270168371
2.85703	-0.369173305106021
2.863865	-0.921259867510382
2.8707	-1.57830178028456
2.877535	-0.876279003066284
2.88437	-0.480286750012793
2.891205	-0.480286750012809
2.89804	-0.219237090292031
2.904875	-0.572122681586378
2.91171	-1.94430679037514
2.918545	0.0723352988729944
2.92538	-0.0148597498610314
2.932215	-1.33429844022417
2.93905	0.0312813352929877
2.945885	0.543027916092699
2.95272	0.98373329034955
2.959555	-0.727146017974403
2.96639	0.3050041750755
2.973225	1.57339315420444
2.98006	-0.724290090073261
2.986895	1.0733380282503
2.99373	2.31763011571274
3.000565	-0.480286750012841
3.0074	-0.177915383471248
3.014235	0.122314037144369
3.02107	0.73972995028921
3.027905	-0.360159282667799
3.03474	-0.64950047816005
3.041575	0.00771993010798263
3.04841	0.194961703131652
3.055245	0.363104458315912
3.06208	0.617728280259
3.068915	1.64407736975953
3.07575	1.09948761809588
3.082585	-0.114281739922211
3.08942	0.667260779795739
3.096255	0.960350380658405
3.10309	1.22773663040994
3.109925	-1.06485949229358
3.11676	0.128918370415989
3.123595	1.08958111818846
3.13043	-0.968293430133585
3.137265	0.714919076647382
3.1441	1.47057974976043
3.150935	-0.846291760103383
3.15777	-1.914855033894
3.164605	-1.58410288383385
3.17144	1.59374164050053
3.178275	2.0497976272266
3.18511	1.30109827837245
3.191945	-0.968293430133585
3.19878	1.13643618531792
3.205615	1.02523349266411
3.21245	0.00771993010798263
3.219285	0.663155383437765
3.22612	1.79463831880194
3.232955	3.17976335089308
3.23979	-1.07735417686139
3.246625	-0.10062683464447
3.25346	0.946873970874467
3.260295	0.129721600138185
3.26713	-0.0118253264659901
3.273965	-0.0428835423917521
3.2808	0.495726610228806
3.287635	-0.701085675875823
3.29447	-1.0547744968924
3.301305	0.129721600138185
3.30814	-0.847094989825642
3.314975	-0.856912241986067
3.32181	0.129721600138192
3.328645	-1.23969582849633
3.33548	-2.03284055531292
3.342315	-2.92032015061697
3.34915	-3.88178612811148
3.355985	-3.11229205422681
3.36282	-1.82230512034512
3.369655	0.610409965012166
3.37649	-1.10011235232416
3.383325	-3.02233032533862
3.39016	-2.18831013043554
3.396995	-2.5984927752481
3.40383	-2.62357139213084
3.410665	0.129721600138177
3.4175	0.284477193285473
3.424335	0.394608912976262
3.43117	0.495726610228774
3.438005	-0.109016122854332
3.44484	0.0602868530398182
3.451675	1.34973830044013
3.45851	1.73136166624052
3.465345	1.40971278636582
3.47218	0.495726610228774
3.479015	-1.2794110758726
3.48585	-1.19489345954602
3.492685	-0.602288420043003
3.49952	0.305182670569319
3.506355	1.1708858156264
3.51319	2.0741622621337
3.520025	0.00771993010798263
3.52686	0.469398524889441
3.533695	0.61576482982686
3.54053	-2.31031180046574
3.547365	0.0886676365581382
3.5542	1.1873074010583
3.561035	-1.09029510016378
3.56787	-0.586402321092519
3.574705	-0.0284254073918313
3.58154	1.10573496037974
3.588375	-0.196211171588405
3.59521	-0.273767463655913
3.602045	0.495726610228774
3.60888	0.0876859113421313
3.615715	-0.12882912266905
3.62255	-0.358285079982615
3.629385	1.8621988632152
3.63622	0.609428239796032
3.643055	-1.21229677019397
3.64989	1.66862050016064
3.656725	0.508399790290414
3.66356	-0.588187276030745
3.670395	-0.358285079982631
3.67723	0.0045070112191219
3.684065	0.251723270168371
3.6909	0.251723270168386
3.697735	0.822730354918352
3.70457	0.503848155197955
3.711405	-1.82230512034512
3.71824	0.714115846925139
3.725075	0.980074132726173
3.73191	-0.602288420043035
3.738745	1.29012080550221
3.74558	1.06914338414543
3.752415	-0.114281739922211
3.75925	0.102947276064247
3.766085	0.129721600138177
3.77292	0.129721600138192
3.779755	0.247350130569636
3.78659	0.00718444362650848
3.793425	-0.208438112915528
3.80026	0.495726610228759
3.807095	0.916618984670892
3.81393	0.995603240689066
3.820765	-0.846291760103391
3.8276	0.0244985065276115
3.834435	0.269037333069537
3.84127	-0.724290090073197
3.848105	0.862891841029183
3.85494	1.1865934190831
3.861775	0.373724940198565
3.86861	0.762488125751988
3.875445	0.69894372994994
3.88228	0.373724940198565
3.889115	-0.688323248067195
3.89595	-0.697158775011669
3.902785	-0.480286750012801
3.90962	0.326245138840789
3.916455	0.843525079949133
3.92329	1.31180800800212
3.930125	-0.724290090073261
3.93696	0.765968787881681
3.943795	1.82480405725855
3.95063	0.495726610228798
3.957465	2.10754091947927
3.9643	2.40946604728624
3.971135	-0.846291760103463
3.97797	0.268680342081914
3.984805	1.03246256016408
3.99164	1.95974665059128
3.998475	1.58062222170429
4.00531	1.1271544196389
4.012145	0.373724940198604
4.01898	0.269929810538642
4.025815	-0.079385870879189
4.03265	-0.602288420043051
4.039485	0.977039709331124
4.04632	0.148374379243036
4.053155	-0.968293430133664
4.05999	-0.237354382915346
4.066825	0.155692694489887
4.07366	0.416206867729198
4.080495	-0.602288420042995
4.08733	0.289832058100254
4.094165	0.486891083284348
4.101	-1.70030345031476
4.107835	-0.700014702912843
4.11467	-0.370601269056655
4.121505	-0.846291760103383
4.12834	-0.476806087883196
4.135175	-0.250652297205432
4.14201	0.00771993010798263
4.148845	-1.00613447482473
4.15568	-1.03273030340491
4.162515	-0.724290090073197
4.16935	-2.04908364525112
4.176185	-1.54144246080958
4.18302	-0.724290090073189
4.189855	0.469844763623974
4.19669	-0.259309328656016
4.203525	-0.974719267911322
4.21036	-1.09029510016378
4.217195	-1.01836141615192
4.22403	-0.690375946246197
4.230865	1.22773663040993
4.2377	-2.65775327919858
4.244535	-4.18817364326408
4.25137	-2.43231347049595
4.258205	1.16615568503995
4.26504	0.372743214982463
4.271875	-5.11635021116024
4.27871	-2.83990793064831
4.285545	-1.80052867009815
4.29238	-0.846291760103391
4.299215	-0.846291760103455
4.30605	-0.485820110321402
4.312885	0.00771993010798263
4.31972	-0.343291458501228
4.326555	-0.176755162761374
4.33339	0.0318168217744935
4.340225	0.739729950289226
4.34706	-0.0250339930091353
4.353895	-0.315624656958234
4.36073	2.08174832062149
4.367565	1.61052021692018
4.3744	0.930898624177065
4.381235	-0.968293430133664
4.38807	0.695195324579566
4.394905	0.417991822667543
4.40174	-2.31031180046593
4.408575	-0.572122681586331
4.41541	0.126151690261629
4.422245	0.617728280259016
4.42908	1.04004861865172
4.435915	0.222182265940177
4.44275	-1.09029510016386
4.449585	0.97239882649162
4.45642	2.38394119166899
4.463255	3.6982035127114
4.47009	-3.16432349067711
4.476925	-1.15089432031784
4.48376	0.432003718932828
4.490595	-0.236283409952405
4.49743	1.21015482426803
4.504265	1.45344418235322
4.5111	-1.82230512034496
4.517935	0.902250097417842
4.52477	1.48012925868028
4.531605	-0.480286750012809
4.53844	1.68530982883331
4.545275	0.819249692788778
4.55211	-2.55431514052612
4.558945	-0.490907231895493
4.56578	0.305807404797735
4.572615	0.98373329034955
4.57945	-0.811217395566526
4.586285	-0.132934519027071
4.59312	0.861731620319357
4.599955	-0.350252782760424
4.60679	-0.29358046347063
4.613625	-0.219861824520415
4.62046	0.00771993010798263
4.627295	1.26093679226168
4.63413	1.56500386599453
4.640965	-1.57830178028456
4.6478	0.40728209303787
4.654635	1.1135887621081
4.66147	0.251723270168371
4.668305	0.618710005475039
4.67514	0.0699256097064321
4.681975	-1.57830178028456
4.68881	1.54528011392672
4.695645	1.76108116596258
4.70248	0.98373329034955
4.709315	-0.662887640196983
4.71615	-0.686449045382035
4.722985	-0.480286750012809
4.72982	-0.361497998871508
4.736655	0.0777794114347724
4.74349	0.501527713778112
4.750325	0.617728280259
4.75716	0.475110380691853
4.763995	0.4033551921737
4.77083	0.617728280259016
4.777665	1.01934314136787
4.7845	0.989445146152026
4.791335	0.00771993010798263
4.79817	-0.438965043192042
4.805005	0.0874181681012753
4.81184	1.95974665059129
4.818675	0.779534445412378
4.82551	1.08172731646025
4.832345	2.20374999065151
4.83918	0.0564491999225182
4.846015	0.119815100230849
4.85285	0.617728280258961
4.859685	0.501349218284285
4.86652	0.5556118484075
4.873355	0.624511109024361
4.88019	0.861731620319357
4.887025	0.792832359702512
4.89386	0.752135387110073
4.900695	0.861731620319357
4.90753	-0.930273889948683
4.914365	-1.79437057556115
4.9212	-1.09029510016378
4.928035	-1.26414971115059
4.93487	-0.999530141553151
4.941705	0.00771993010798263
4.94854	0.00771993010798263
4.955375	0.599432492141803
4.96221	1.83774498056092
4.969045	-1.20596018016319
4.97588	-0.682611392264735
4.982715	0.861731620319349
4.98955	-0.96177834460897
4.996385	-0.228161864983288
5.00322	0.736784774641039
5.010055	0.373724940198596
5.01689	-0.22468120285373
5.023725	-0.764273080690248
5.03056	-1.21229677019408
5.037395	-0.079742861866812
5.04423	0.23753287840925
5.051065	-1.82230512034511
5.0579	0.121600055169147
5.064735	0.11499572189759
5.07157	-2.79831848058676
5.078405	0.288225598655934
5.08524	0.561055960969191
5.092075	-0.968293430133664
5.09891	0.672437149116732
5.105745	-0.12151080742212
5.11258	-1.94430679037531
5.119415	-0.494030903037381
5.12625	0.632900397234143
5.133085	1.83774498056092
5.13992	0.0291393893672338
5.146755	0.584438870660456
5.15359	1.07539072642928
5.160425	0.617728280258953
5.16726	-0.55177419529017
5.174095	-0.969096659855947
5.18093	1.34973830044015
5.187765	0.528659028839831
5.1946	0.206563910230358
5.201435	0.495726610228767
5.20827	0.404604660630499
5.215105	0.0966999337803851
5.22194	-0.602288420042995
5.228775	0.89975116050437
5.23561	0.398535813840329
5.242445	-1.09029510016378
5.24928	-0.653695122264941
5.256115	-0.28635139597069
5.26295	0.1297216001382
5.269785	0.484213650877009
5.27662	-0.182645514057693
5.283455	-0.799704436214768
5.29029	0.251723270168379
5.297125	0.46377591683386
5.30396	0.419062795630388
5.310795	-1.09029510016378
5.31763	-1.16999333815717
5.324465	-1.35152325537841
5.3313	-1.94430679037514
5.338135	-0.702335144332646
5.34497	-1.00952588920771
5.351805	-3.16432349067711
5.35864	0.549275258376807
5.365475	0.523393411771833
5.37231	-1.33429844022418
5.379145	0.480286750012712
5.38598	0.187018653656386
5.392815	-0.602288420042987
5.39965	0.323746201927285
5.406485	0.492245948099153
5.41332	0.603894879487455
5.420155	0.00771993010798263
5.42699	-0.0605545962805495
5.433825	-0.0671589295520745
5.44066	0.37372494019858
5.447495	-0.476449096895549
5.45433	-0.843525079949111
5.461165	-0.236283409952405
5.468	-0.236283409952453
5.474835	-0.117048420076492
5.48167	0.251723270168371
5.488505	0.347039863871561
5.49534	0.45137048001295
5.502175	0.617728280258953
5.50901	-0.634239113437902
5.515845	-0.22441345961289
5.52268	0.739729950289163
5.529515	1.98652097466505
5.53635	1.34268772843406
5.543185	0.48930077245118
5.55002	-1.70030345031505
5.556855	-0.514736380321132
5.56369	0.551952690784035
5.570525	1.22773663040994
5.57736	1.07797891108978
5.584195	0.891808111029104
5.59103	0.373724940198644
5.597865	-0.465203880784576
5.6047	-0.462704943870882
5.611535	0.861731620319357
5.61837	-0.0673374250459098
5.625205	0.333563454087528
5.63204	1.95974665059145
5.638875	0.838616453868781
5.64571	0.844863796152786
5.652545	1.22773663040995
5.65938	-0.769092459023523
5.666215	-0.859411178899627
5.67305	-0.724290090073316
5.679885	0.355250656587627
5.68672	0.5640903843642
5.693555	0.711884653252285
5.70039	0.251723270168371
5.707225	2.28086004398423
5.71406	3.09265754990621
5.720895	-0.724290090073189
5.72773	-0.887256475936504
5.734565	0.0812600735642909
5.7414	4.15577671113464
5.748235	0.445390880970062
5.75507	-0.67627480223405
5.761905	-0.236283409952405
5.76874	-0.236283409952413
5.775575	-0.451370480012952
5.78241	-0.846291760103383
5.789245	-1.38891806133496
5.79608	-2.44489740281109
5.802915	-3.77433184082809
5.80975	-1.65862475250627
5.816585	-1.76143815695023
5.82342	-1.88058389907929
5.830255	-0.236283409952405
5.83709	-0.236283409952453
5.843925	-0.00566723192890269
5.85076	1.83774498056092
5.857595	1.20515695044092
5.86443	0.523036420784257
5.871265	-0.968293430133585
5.8781	0.793457093930872
5.884935	1.02942813676899
5.89177	-0.236283409952405
5.898605	0.152122784613355
5.90544	0.373546444704729
5.912275	0.617728280258969
5.91911	0.405497138099707
5.925945	0.67145542390067
5.93278	1.10573496037975
5.939615	0.29982780575453
5.94645	0.0758159610026874
5.953285	-0.0928622806631743
5.96012	1.10573496037993
5.966955	-0.788459220103851
5.97379	-2.13181630663956
5.980625	-0.358285079982599
5.98746	-0.511612709179292
5.994295	-0.400588512019501
6.00113	0.617728280259064
6.007965	0.617728280258961
6.0148	0.76364834646187
6.021635	1.22773663040994
6.02847	1.22773663040995
6.035305	0.788459220103809
6.04214	-0.17528257493734
6.048975	-0.175282574937308
6.05581	-0.10446448776177
6.062645	0.00771993010798263
6.06948	0.00771993010798263
6.076315	0.879224178714176
6.08315	1.89874581557634
6.089985	1.89874581557601
6.09682	0.789664064687011
6.103655	-0.175282574937308
6.11049	-0.175282574937316
6.117325	-0.101028449505627
6.12416	-0.0532809049071223
6.130995	-0.0532809049071144
6.13783	-0.552889792126613
6.144665	-0.785290925088286
6.1515	-0.785290925088294
6.158335	-0.87757309539657
6.16517	-0.907292595118488
6.172005	-0.907292595118488
6.17884	-1.56571784796983
6.185675	-1.70030345031477
6.19251	-1.70030345031475
6.199345	-1.36937280476127
6.20618	-1.33429844022417
6.213015	-1.33429844022417
6.21985	-1.9309196283382
6.226685	-1.94430679037515
6.23352	-1.92846531529811
6.240355	-1.63930261529993
6.24719	-1.63930261529968
6.254025	-1.51649771554722
6.26086	-0.663289255058092
6.267695	-0.663289255058092
6.27453	-0.614559985243565
6.281365	-0.419285914997768
6.2882	-0.419285914997704
6.295035	-0.252392628270211
6.30187	0.190722435153282
6.308705	0.190722435153266
6.31554	0.381489494179979
6.322375	0.739729950289289
6.32921	0.739729950289163
6.336045	0.251366279180684
6.34288	-0.419285914997704
6.349715	-0.419285914997704
6.35655	0.396393867914409
6.363385	1.22773663041014
6.37022	1.22773663040994
6.377055	-0.195675685107026
6.38389	-1.27329760520908
6.390725	-1.27329760520908
6.39756	0.57024847890105
6.404395	1.59374164050079
6.41123	1.59374164050054
6.418065	0.762845116739603
6.4249	0.43472577521367
6.431735	0.434725775213685
6.43857	-0.0958967040580966
6.445405	-0.236283409952453
6.45224	-0.236283409952405
6.459075	-0.183537991526766
6.46591	-0.175282574937316
6.472745	-0.175282574937316
6.47958	0.225484432575916
6.486415	0.251723270168418
6.49325	0.242619999983199
6.500085	-0.480286750012793
6.50692	-0.480286750012809
6.513755	-0.427630579334096
6.52059	0.129721600138177
6.527425	0.129721600138208
6.53426	0.305628909303931
6.541095	1.22773663040992
6.54793	1.22773663040994
6.554765	0.927864200782008
6.5616	-0.0532809049071064
6.568435	-0.0532809049071223
6.57527	-0.147214158533165
6.582105	-0.358285079982599
6.58894	-0.358285079982599
6.595775	-0.591221699425755
6.60261	-0.968293430133585
6.609445	-0.968293430133744
6.61628	0.088132150076775
6.623115	1.34973830044015
6.62995	1.34973830044013
6.636785	0.897430719084622
6.64362	0.495726610228759
6.650455	0.495726610228854
6.65729	-0.351011388609267
6.664125	-0.90729259511848
6.67096	-0.907292595118496
6.677795	0.662932264070372
6.68463	1.41073913545524
6.691465	1.41073913545548
6.6983	-0.101608559860651
6.705135	-0.602288420043003
6.71197	-0.602288420042987
6.718805	0.203083248100705
6.72564	0.373724940198565
6.732475	0.373724940198628
6.73931	0.373724940198565
6.746145	0.37372494019858
6.75298	0.373724940198565
6.759815	0.848522953776195
6.76665	0.861731620319372
6.773485	0.85601976451704
6.78032	0.739729950289163
6.787155	0.739729950289163
6.79399	0.644011741724878
6.800825	-0.0532809049071064
6.80766	-0.0532809049071223
6.814495	0.101028449505657
6.82133	0.739729950289147
6.828165	0.739729950289163
6.835	0.37943679600104
6.841835	-0.602288420042987
6.84867	-0.602288420043003
6.855505	-0.017537182268418
6.86234	1.10573496037974
6.869175	1.10573496037975
6.87601	1.28347184835716
6.882845	1.53274080548543
6.88968	1.53274080548543
6.896515	0.755392929872555
6.90335	-0.0532809049071144
6.910185	-0.0532809049071144
6.91702	0.221959146572847
6.923855	0.43472577521367
6.93069	0.43472577521367
6.937525	0.70710989879252
6.94436	0.861731620319357
6.951195	0.861731620319357
6.95803	-0.0500679860182299
6.964865	-0.419285914997696
6.9717	-0.419285914997704
6.978535	-0.467211955090108
6.98537	-0.480286750012801
6.992205	-0.480286750012801
6.99904	-0.637585903947127
7.005875	-0.663289255058092
7.01271	-0.663289255058203
7.019545	-0.492469067466429
7.02638	-0.480286750012801
7.033215	-0.480732988747366
7.04005	-0.541287585027898
7.046885	-0.541287585027898
7.05372	-0.546240834981673
7.060555	-0.602288420043003
7.06739	-0.602288420042995
7.074225	-0.460384502451182
7.08106	0.312724105183476
7.087895	0.312724105183468
7.09473	0.13114956408878
7.101565	-0.480286750012801
7.1084	-0.480286750012793
7.115235	-0.757401004177954
7.12207	-1.39529927523927
7.128905	-1.39529927523927
7.13574	-1.60213092871064
7.142575	-1.94430679037515
7.14941	-1.94430679037515
7.156245	-1.44951728148897
7.16308	-0.846291760103391
7.169915	-0.846291760103391
7.17675	-0.110399462931512
7.183585	0.556727445243864
7.19042	0.556727445243864
7.197255	0.264708817344226
7.20409	0.0687207651230875
7.210925	0.0687207651230717
7.21776	0.888907559254506
7.224595	1.28873746542504
7.23143	1.28873746542504
7.238265	0.879090307093946
7.2451	0.739729950289147
7.251935	0.739729950289163
7.25877	0.939823398868465
7.265605	0.98373329034955
7.27244	0.98373329034955
7.279275	0.111247316527152
7.28611	0.00771993010798263
7.292945	0.00771993010798263
7.29978	0.834243314270213
7.306615	0.861731620319357
7.31345	0.793055479069699
7.320285	-0.785290925088286
7.32712	-0.785290925088302
7.333955	-0.721835777033117
7.34079	-0.236283409952453
7.347625	-0.236283409952405
7.35446	-0.213168243501917
7.361295	-0.114281739922211
7.36813	-0.114281739922211
7.374965	0.0784933934100184
7.3818	0.617728280259064
7.388635	0.617728280258953
7.39547	0.288582589643462
7.402305	-0.358285079982599
7.40914	-0.358285079982599
7.415975	-0.985250502046986
7.42281	-1.88330595536037
7.429645	-1.88330595536006
7.43648	-1.52827841813976
7.443315	-1.15129593517887
7.45015	-1.15129593517888
7.456985	-0.230794673517347
7.46382	0.495726610228854
7.470655	0.495726610228759
7.47749	0.14832975536955
7.484325	-0.0532809049071223
7.49116	-0.0532809049071064
7.497995	0.507105697960128
7.50483	0.739729950289289
7.511665	0.739729950289147
7.5185	-0.164929836295425
7.525335	-0.419285914997704
7.53217	-0.419285914997688
7.539005	-0.262923862405986
7.54584	-0.236283409952437
7.552675	-0.236283409952421
7.55951	1.85894132045285
7.566345	2.02074748560621
7.57318	2.01539262079156
7.580015	-0.419285914997704
7.58685	-0.419285914997768
7.593685	-0.284700312652717
7.60052	1.34973830044015
7.607355	1.34973830044013
7.61419	0.992970432155166
7.621025	-1.02929426514867
7.62786	-1.02929426514886
7.634695	-0.565027485706707
7.64153	1.04473412536466
7.648365	1.04473412536464
7.6552	0.80862921090611
7.662035	0.251723270168371
7.66887	0.251723270168418
7.675705	0.342398981032081
7.68254	0.495726610228759
7.689375	0.495726610228774
7.69621	0.604430365968898
7.703045	0.739729950289163
7.70988	0.739729950289281
7.716715	0.708047000135009
7.72355	0.678729115274058
7.730385	0.678729115274066
7.73722	0.714919076647318
7.744055	0.739729950289155
7.75089	0.739729950289273
7.757725	0.576942059919675
7.76456	0.495726610228767
7.771395	0.495726610228767
7.77823	0.495726610228767
7.785065	0.495726610228767
7.7919	0.495726610228846
7.798735	-0.200227320199565
7.80557	-0.358285079982599
7.812405	-0.358285079982607
7.81924	-0.0871950487340982
7.826075	-0.0532809049071144
7.83291	-0.0532809049071302
7.839745	-0.757981114532923
7.84658	-0.785290925088286
7.853415	-0.760747794687219
7.86025	-0.114281739922211
7.867085	-0.114281739922235
7.87392	-0.410762755167644
7.880755	-2.79831848058652
7.88759	-2.79831848058652
7.894425	-2.40473591669986
7.90126	-0.663289255058092
7.908095	-0.663289255058203
7.91493	-1.230369438944
7.921765	-2.85931931560162
7.9286	-2.85931931560163
7.935435	-1.76532043394103
7.94227	0.43472577521367
7.949105	0.434725775213733
7.95594	0.236595777066587
7.962775	-0.0532809049071223
7.96961	-0.0532809049071064
7.976445	-0.024007643919626
7.98328	0.00771993010798263
7.990115	0.00771993010798263
7.99695	-0.161181430925058
8.003785	-0.29728424496751
8.01062	-0.297284244967526
8.017455	0.583323273823942
8.02429	1.10573496037976
8.031125	1.10573496037992
8.03796	0.421026246062458
8.044795	0.129721600138177
8.05163	0.129721600138177
8.058465	0.224324211866042
8.0653	0.251723270168371
8.072135	0.251723270168418
8.07897	0.977039709331132
8.085805	1.10573496037974
8.09264	1.10573496037976
8.099475	-0.302148247174248
8.10631	-0.419285914997704
8.113145	-0.419285914997784
8.11998	1.5878512892044
8.126815	1.59374164050054
8.13365	1.49851429454427
8.140485	0.251723270168371
8.14732	0.251723270168386
8.154155	0.375420647390008
8.16099	1.10573496037976
8.167825	1.10573496037974
8.17466	0.785514044455582
8.181495	-0.358285079982599
8.18833	-0.358285079982607
8.195165	-0.14409048739119
8.202	0.373724940198565
8.208835	0.373724940198573
8.21567	0.194872455384742
8.222505	-0.114281739922219
8.22934	-0.114281739922211
8.236175	-0.570962460876599
8.24301	-1.15129593517888
8.249845	-1.15129593517888
8.25668	-0.053325528780593
8.263515	0.98373329034955
8.27035	0.983733290349558
8.277185	0.0867934338730262
8.28402	-0.541287585027898
8.290855	-0.541287585027898
8.29769	-0.298979952158858
8.304525	-0.175282574937316
8.31136	-0.175282574937316
8.318195	0.498091675522009
8.32503	0.739729950289163
8.331865	0.739729950289163
8.3387	0.789128578205553
8.345535	0.80073078530426
8.35237	0.80073078530426
8.359205	-0.81643838876099
8.36604	-1.02929426514868
8.372875	-1.02929426514869
8.37971	-0.211517160184016
8.386545	-0.1752825749373
8.39338	-0.12923073753027
8.400215	1.28873746542525
8.40705	1.28873746542504
8.413885	1.24375660098083
8.42072	0.861731620319357
8.427555	0.861731620319357
8.43439	0.807067375335103
8.441225	0.556727445243959
8.44806	0.556727445243864
8.454895	0.340569402220345
8.46173	-0.297284244967502
8.468565	-0.29728424496751
8.4754	0.061759440863781
8.482235	0.800730785304386
8.48907	0.80073078530426
8.495905	0.116022070986996
8.50274	-0.907292595118488
8.509575	-0.90729259511848
8.51641	-0.414957399272496
8.523245	0.1297216001382
8.53008	0.129721600138177
8.536915	0.631740176524333
8.54375	1.04473412536465
8.550585	1.04473412536465
8.55742	0.551060213314938
8.564255	0.251723270168418
8.57109	0.251723270168371
8.577925	-0.0456502225460563
8.58476	-0.175282574937308
8.591595	-0.175282574937316
8.59843	-1.11506134993208
8.605265	-1.39529927523951
8.6121	-1.39529927523926
8.618935	0.30406707373294
8.62577	0.617728280258969
8.632605	0.617728280258961
8.63944	-2.63044346864278
8.646275	-2.9203201506172
8.65311	-2.92032015061671
8.659945	-1.58910075766103
8.66678	-1.57830178028457
8.673615	-1.55018874000696
8.68045	-1.15129593517887
8.687285	-1.15129593517907
8.69412	-1.12572645568827
8.700955	-0.968293430133585
8.70779	-0.968293430133585
8.714625	-0.772840864393969
8.72146	-0.0532809049071064
8.728295	-0.0532809049071223
8.73513	-0.0532809049071223
8.741965	-0.0532809049071223
8.7488	-0.0532809049071223
8.755635	0.189205223455721
8.76247	0.617728280259064
8.769305	0.617728280258969
8.77614	0.113255390832684
8.782975	-0.541287585027898
8.78981	-0.541287585027898
8.796645	0.545749972373445
8.80348	1.59374164050079
8.810315	1.59374164050052
8.81715	0.491219599009596
8.823985	-0.29728424496751
8.83082	-0.297284244967494
8.837655	-0.0969230531476376
8.84449	0.00771993010798263
8.851325	0.00771993010798263
8.85816	0.0968784292741649
8.864995	0.129721600138177
8.87183	0.129721600138177
8.878665	0.326066643346969
8.8855	0.373724940198628
8.892335	0.37372494019858
8.89917	0.427318212219878
8.906005	0.43472577521367
8.91284	0.434725775213654
8.919675	-0.494878756633039
8.92651	-0.541287585027993
8.933345	-0.525222990583516
8.94018	0.0687207651230717
8.947015	0.0687207651230875
8.95385	0.105401589104344
8.960685	0.43472577521367
8.96752	0.434725775213749
8.974355	0.40286432956568
8.98119	0.251723270168371
8.988025	0.251723270168386
8.99486	0.37274321498251
9.001695	0.739729950289147
9.00853	0.739729950289289
9.015365	0.563019411401205
9.0222	0.190722435153282
9.029035	0.190722435153282
9.03587	0.166580919613284
9.042705	0.129721600138177
9.04954	0.129721600138192
9.056375	0.444855394488334
9.06321	0.800730785304267
9.070045	0.800730785304252
9.07688	0.369708791587501
9.083715	0.00771993010798263
9.09055	0.00771993010798263
9.097385	-0.368905561865299
9.10422	-0.602288420042987
9.111055	-0.602288420043003
9.11789	0.0724245466199517
9.124725	0.373724940198565
9.13156	0.373724940198628
9.138395	-0.0463642045213816
9.14523	-0.1752825749373
9.152065	-0.1752825749373
9.1589	-1.60842289486769
9.165735	-1.88330595536006
9.17257	-1.88330595536037
9.179405	-0.936565856105929
9.18624	-0.846291760103375
9.193075	-0.846291760103391
9.19991	-0.244315707174597
9.206745	-0.236283409952421
9.21358	-0.177022906002087
9.220415	0.739729950289163
9.22725	0.739729950289147
9.234085	0.68225440127715
9.24092	0.31272410518346
9.247755	0.312724105183476
9.25459	0.401748732729357
9.261425	0.739729950289163
9.26826	0.739729950289163
9.275095	0.808629210906063
9.28193	0.98373329034955
9.288765	0.98373329034955
9.2956	0.701219547496257
9.302435	0.190722435153282
9.30927	0.190722435153266
9.316105	0.348155460707964
9.32294	0.556727445243864
9.329775	0.556727445243871
9.33661	0.15703141069362
9.343445	-0.236283409952405
9.35028	-0.236283409952405
9.357115	0.468773790660994
9.36395	0.98373329034955
9.370785	0.98373329034955
9.37762	0.228295736603762
9.384455	-0.175282574937316
9.39129	-0.175282574937308
9.398125	0.842855721847222
9.40496	1.22773663040995
9.411795	1.22773663040994
9.41863	0.837545480906071
9.425465	0.739729950289163
9.4323	0.739729950289155
9.439135	-0.219326338038909
9.44597	-0.358285079982607
9.452805	-0.358285079982607
9.45964	0.855261158668196
9.466475	0.922732455334453
9.47331	0.908497439701815
9.480145	0.251723270168371
9.48698	0.251723270168379
9.493815	0.309734305661834
9.50065	0.861731620319491
9.507485	0.861731620319357
9.51432	0.624644980644725
9.521155	-0.541287585027898
9.52799	-0.541287585027898
9.534825	-0.319060695214384
9.54166	0.373724940198636
9.548495	0.373724940198573
9.55533	-0.515093371308922
9.562165	-2.43231347049593
9.569	-2.43231347049594
9.575835	-2.50380091577331
9.58267	-2.61531597554166
9.589505	-2.61531597554123
9.59634	-2.13360126157782
9.603175	-1.57830178028456
9.61001	-1.57830178028457
9.616845	-1.24987007164442
9.62368	-0.96829343013376
9.630515	-0.968293430133585
9.63735	0.675114581524119
9.644185	1.71574331053071
9.65102	1.71574331053073
9.657855	0.920456637788343
9.66469	0.556727445243864
9.671525	0.556727445243864
9.67836	0.695820058807918
9.685195	0.739729950289163
9.69203	0.739729950289163
9.698865	0.688858734548802
9.7057	0.678729115274058
9.712535	0.678729115274066
9.71937	0.678729115274058
9.726205	0.678729115274066
9.73304	0.678729115274058
9.739875	0.618843877095483
9.74671	0.617728280258961
9.753545	0.600771208345473
9.76038	0.312724105183468
9.767215	0.312724105183476
9.77405	0.241638274767224
9.780885	-0.236283409952445
9.78772	-0.236283409952405
9.794555	-0.471986709549905
9.80139	-1.39529927523927
9.808225	-1.39529927523928
9.81506	-1.27691213895908
9.821895	-0.968293430133744
9.82873	-0.968293430133585
9.835565	-0.818357215319588
9.8424	-0.541287585027898
9.849235	-0.541287585027898
9.85607	-0.2301699392889
9.862905	0.190722435153313
9.86974	0.190722435153266
9.876575	0.403756807034841
9.88341	0.617728280258969
9.890245	0.617728280258953
9.89708	0.443025815676606
9.903915	0.312724105183523
9.91075	0.312724105183476
9.917585	0.588856634132598
9.92442	0.739729950289155
9.931255	0.739729950289155
9.93809	0.651820919579772
9.944925	0.617728280259064
9.95176	0.617728280258961
9.958595	0.133113014520857
9.96543	0.00771993010798263
9.972265	0.00771993010798263
9.9791	-0.521965447821184
9.985935	-0.602288420043098
9.99277	-0.602288420042995
9.999605	-1.23451945917537
10.00644	-1.27329760520906
10.013275	-1.26544380348075
10.02011	-0.785290925088286
10.026945	-0.785290925088429
10.03378	-0.681004932820305
10.040615	0.37372494019858
10.04745	0.37372494019858
10.054285	0.313750454272985
10.06112	0.00771993010798263
10.067955	0.00771993010798263
10.07479	0.152747518841787
10.081625	0.617728280258953
10.08846	0.617728280258969
10.095295	0.408620809241611
10.10213	-0.0532809049071223
10.108965	-0.0532809049071223
10.1158	0.299470814766923
10.122635	0.861731620319357
10.12947	0.861731620319341
10.136305	1.19801713068786
10.14314	1.59374164050053
10.149975	1.59374164050079
10.15681	0.585286724255971
10.163645	-0.297284244967502
10.17048	-0.29728424496751
10.177315	-0.29728424496751
10.18415	-0.297284244967502
10.190985	-0.297284244967566
10.19782	0.990605366861955
10.204655	1.59374164050053
10.21149	1.59374164050053
10.218325	0.0740310060644772
10.22516	-0.419285914997704
10.231995	-0.419285914997776
10.23883	-1.22822749301778
10.245665	-1.3952992752395
10.2525	-1.39529927523951
10.259335	0.0364130807407323
10.26617	0.190722435153305
10.273005	0.19072243515325
10.27984	-0.643297759749579
10.286675	-0.663289255057989
10.29351	-0.669447349595203
10.300345	-0.785290925088421
10.30718	-0.785290925088167
10.314015	-0.89908180240266
10.32085	-1.70030345031448
10.327685	-1.70030345031505
10.33452	-1.32541828940633
10.341355	0.19072243515325
10.34819	0.190722435153313
10.355025	-0.207679507066637
10.36186	-1.27329760520928
10.368695	-1.27329760520887
10.37553	-0.386799735121601
10.382365	1.28873746542525
10.3892	1.28873746542482
10.396035	1.00698232842059
10.40287	0.617728280258858
10.409705	0.617728280259048
10.41654	-0.135299584320369
10.423375	-0.907292595118322
10.43021	-0.907292595118639
10.437045	0.166179304752143
10.44388	0.983733290349709
10.450715	0.983733290349392
10.45755	0.0836251388577551
10.464385	-0.419285914997784
10.47122	-0.419285914997625
10.478055	0.366272753331318
10.48489	0.678729115273963
10.491725	0.678729115274169
10.49856	-0.284254073918264
10.505395	-0.541287585027819
10.51223	-0.541287585027978
10.519065	0.0379302924380785
10.5259	0.129721600138208
10.532735	0.129721600138192
10.53957	0.758516601014339
10.546405	0.800730785304378
10.55324	0.7846661908599
10.560075	-0.663289255058203
10.56691	-0.663289255057981
10.573745	-0.52870365271328
10.58058	0.922732455334604
10.587415	0.922732455334303
10.59425	0.913049074794535
10.601085	0.861731620319214
10.60792	0.861731620319491
10.614755	1.06039710494817
10.62159	1.71574331053044
10.628425	1.71574331053101
10.63526	1.52876928074757
10.642095	1.10573496037993
10.64893	1.10573496037957
10.655765	1.03612171778772
10.6626	0.922732455334604
10.669435	0.922732455334295
10.67627	0.479349648670287
10.683105	-0.0532809049070985
10.68994	-0.0532809049071302
10.696775	0.397777207991779
10.70361	0.800730785304125
10.710445	0.800730785304386
10.71728	-0.447934441756761
10.724115	-1.27329760520929
10.73095	-1.27329760520886
10.737785	-0.654810719101566
10.74462	-0.358285079982663
10.751455	-0.358285079982544
10.75829	-0.358285079982671
10.765125	-0.358285079982544
10.77196	-0.358285079982663
10.778795	-0.408531561494751
10.78563	-0.419285914997625
10.792465	-0.419285914997776
10.7993	-1.13108132050294
10.806135	-1.21229677019418
10.81297	-1.21229677019378
10.819805	0.624778852264915
10.82664	0.678729115274169
10.833475	0.595728710644907
10.84031	-1.15129593517907
10.847145	-1.15129593517869
10.85398	-1.02764318183097
10.860815	-0.114281739922227
10.86765	-0.114281739922196
10.874485	-0.137843145107304
10.88132	-0.236283409952366
10.888155	-0.236283409952453
10.89499	-0.268858837575625
10.901825	-0.358285079982663
10.90866	-0.358285079982663
10.915495	-0.212722004767329
10.92233	0.0687207651230875
10.929165	0.0687207651230717
10.936	-0.0324861798763501
10.942835	-0.175282574937348
10.94967	-0.175282574937285
10.956505	-0.860883766723843
10.96334	-1.5783017802843
10.970175	-1.57830178028482
10.97701	0.0345388780552081
10.983845	1.28873746542525
10.99068	1.28873746542525
10.997515	0.667573146909772
11.00435	0.312724105183523
11.011185	0.312724105183412
11.01802	0.529373010815069
11.024855	0.617728280259064
11.03169	0.617728280258858
11.038525	0.617728280259064
11.04536	0.617728280258866
11.052195	0.617728280259064
11.05903	0.93179110164598
11.065865	0.983733290349709
11.0727	0.983733290349717
11.079535	-0.949194412294232
11.08637	-1.09029510016396
11.093205	-1.08351227139836
11.10004	0.0687207651230875
11.106875	0.0687207651230955
11.11371	-0.0723352988729727
11.120545	-1.70030345031505
11.12738	-1.70030345031448
11.134215	-1.45665710124225
11.14105	-0.114281739922196
11.147885	-0.114281739922227
11.15472	-0.169793838502194
11.161555	-0.358285079982552
11.16839	-0.358285079982679
11.175225	-0.0457394702930294
11.18206	0.678729115274169
11.188895	0.678729115274184
11.19573	-0.442981191803106
11.202565	-2.31031180046612
11.2094	-2.31031180046535
11.216235	-0.912959827047739
11.22307	0.800730785304125
11.229905	0.800730785304378
11.23674	-0.124545230817304
11.243575	-0.968293430133411
11.25041	-0.96829343013376
11.257245	0.0512728306015248
11.26408	0.739729950289273
11.270915	0.739729950289289
11.27775	0.494209398531135
11.284585	0.373724940198628
11.29142	0.373724940198501
11.298255	1.32769410695272
11.30509	1.65474247551536
11.311925	1.65474247551591
11.31876	-0.542358557990926
11.325595	-1.0292942651485
11.33243	-1.02929426514886
11.339265	-0.212677380893835
11.3461	-0.114281739922243
11.352935	-0.114281739922227
11.35977	1.30047354414408
11.366605	1.34973830044035
11.37344	1.29574341355766
11.380275	0.00771993010798263
11.38711	0.00771993010798263
11.393945	0.0425265514040715
11.40078	0.312724105183523
11.407615	0.31272410518342
11.41445	0.232445756835175
11.421285	-0.114281739922196
11.42812	-0.114281739922235
11.434955	0.125348460539545
11.44179	0.800730785304125
11.448625	0.800730785304386
11.45546	0.206742405724249
11.462295	-0.968293430133744
11.46913	-0.968293430133744
11.475965	-0.0686761412495238
11.4828	1.22773663041014
11.489635	1.22773663040974
11.49647	0.844283685798
11.503305	0.434725775213598
11.51014	0.434725775213741
11.516975	0.162698642622569
11.52381	-0.0532809049071064
11.530645	-0.0532809049071223
11.53748	-0.130301710493092
11.544315	-0.17528257493734
11.55115	-0.175282574937348
11.557985	0.426961221232239
11.56482	0.678729115274176
11.571655	0.678729115273947
11.57849	0.536155839580493
11.585325	0.495726610228687
11.59216	0.495726610228846
11.598995	0.0794751186261204
11.60583	0.00771993010798263
11.612665	0.00771993010798263
11.6195	-0.331510755908639
11.626335	-0.358285079982671
11.63317	-0.357437226386814
11.640005	0.800730785304125
11.64684	0.800730785304386
11.653675	0.727904623823142
11.66051	-0.17528257493734
11.667345	-0.175282574937285
11.67418	-0.184341221249017
11.681015	-0.236283409952453
11.68785	-0.236283409952366
11.694685	-0.358374327729604
11.70152	-0.785290925088151
11.708355	-0.785290925088429
11.71519	-0.604564237589312
11.722025	-0.175282574937285
11.72886	-0.17528257493734
11.735695	-0.0623841750922462
11.74253	0.129721600138192
11.749365	0.129721600138161
11.7562	-0.0869719293667843
11.763035	-0.358285079982663
11.76987	-0.358285079982544
11.776705	0.463151182605547
11.78354	1.22773663040974
11.790375	1.22773663041014
11.79721	-0.360694769149487
11.804045	-1.45630011025412
11.81088	-1.45630011025461
11.817715	0.289832058100278
11.82455	1.16673579539504
11.831385	1.16673579539465
11.83822	-0.231821022606555
11.845055	-0.724290090073316
11.85189	-0.72429009007307
11.858725	0.367388350167721
11.86556	0.617728280258866
11.872395	0.617728280259064
11.87923	-1.98045212787534
11.886065	-2.31031180046535
11.8929	-2.31031180046612
11.899735	-0.609874478530361
11.90657	-0.541287585027993
11.913405	-0.549855368731421
11.92024	-0.785290925088429
11.927075	-0.785290925088413
11.93391	-0.705503439347925
11.940745	-0.0532809049071223
11.94758	-0.0532809049071064
11.954415	-0.209464462005053
11.96125	-0.907292595118623
11.968085	-0.907292595118338
11.97492	-0.656684921786583
11.981755	0.0687207651230717
11.98859	0.0687207651230875
11.995425	0.492290571972386
12.00226	1.34973830044037
12.009095	1.34973830044035
12.01593	0.461366227667171
12.022765	-0.846291760103534
12.0296	-0.846291760103248
12.036435	0.0875966635950789
12.04327	1.10573496037993
12.050105	1.10573496037955
12.05694	-0.0397598712497931
12.063775	-0.968293430133427
12.07061	-0.968293430133744
12.077445	0.101251568872804
12.08428	0.739729950289273
12.091115	0.739729950289289
12.09795	0.739729950289036
12.104785	0.739729950289273
12.11162	0.739729950289036
12.118455	0.078761136650922
12.12529	-0.114281739922243
12.132125	-0.11428173992218
12.13896	1.43729034016203
12.145795	1.71574331053044
12.15263	1.71574331053101
12.159465	0.64744777998091
12.1663	0.556727445243951
12.173135	0.556727445243959
12.17997	-1.44746458330994
12.186805	-1.45630011025461
12.19364	-1.34183987483832
12.200475	0.190722435153313
12.20731	0.190722435153305
12.214145	0.3394091815104
12.22098	1.22773663041014
12.227815	1.22773663040974
12.23465	1.10845701666078
12.241485	0.678729115273947
12.24832	0.678729115274176
12.255155	0.625448210367039
12.26199	0.495726610228687
12.268825	0.495726610228846
12.27566	0.607063174502727
12.282495	0.800730785304386
12.28933	0.800730785304386
12.296165	0.47943889641703
12.303	0.0687207651230955
12.309835	0.0687207651230638
12.31667	0.256408776881337
12.323505	0.434725775213741
12.33034	0.434725775213598
12.337175	0.0410539635800137
12.34401	-0.236283409952366
12.350845	-0.236283409952453
12.35768	0.045784094166403
12.364515	0.190722435153305
12.37135	0.190722435153305
12.378185	0.145920066202877
12.38502	0.1297216001382
12.391855	0.129721600138153
12.39869	-0.659228482573558
12.405525	-0.846291760103534
12.41236	-0.846291760103248
12.419195	-2.13788515342997
12.42603	-2.31031180046535
12.432865	-2.31031180046612
12.4397	-1.55210756656529
12.446535	-1.51730094526971
12.45337	-1.51913052408145
12.460205	-1.5783017802843
12.46704	-1.57830178028484
12.473875	-1.38186748932882
12.48071	0.312724105183523
12.487545	0.312724105183539
12.49438	0.323567706433355
12.501215	0.373724940198628
12.50805	0.373724940198517
12.514885	0.250920040446183
12.52172	-0.11428173992218
12.528555	-0.114281739922227
12.53539	0.243155486464832
12.542225	0.983733290349376
12.54906	0.983733290349709
12.555895	1.10555646488572
12.56273	1.28873746542527
12.569565	1.28873746542525
12.5764	0.769047835149931
12.583235	0.190722435153313
12.59007	0.190722435153242
12.596905	-0.576986683793179
12.60374	-1.21229677019378
12.610575	-1.21229677019417
12.61741	-0.0378410446911074
12.624245	0.678729115273947
12.63108	0.678729115274184
12.637915	0.424373036571675
12.64475	0.312724105183523
12.651585	0.312724105183523
12.65842	0.0782256501692814
12.665255	0.00771993010798263
12.67209	0.00771993010798263
12.678925	0.367566845661596
12.68576	0.434725775213598
12.692595	0.434725775213741
12.69943	0.211070921449497
12.706265	0.190722435153242
12.7131	0.190722435153305
12.719935	-0.171801912807687
12.72677	-0.17528257493734
12.733605	-0.112452161110388
12.74044	0.800730785304125
12.747275	0.800730785304386
12.75411	0.724825576554598
12.760945	0.25172327016841
12.76778	0.251723270168339
12.774615	0.342309733285195
12.78145	0.678729115274169
12.788285	0.678729115273947
12.79512	0.329770424843905
12.801955	-0.541287585027803
12.80879	-0.541287585027993
12.815625	-0.760837042434279
12.82246	-1.15129593517869
12.829295	-1.15129593517907
12.83613	-0.992524193420334
12.842965	-0.785290925088421
12.8498	-0.785290925088167
12.856635	-1.28079441594989
12.86347	-1.76130428533014
12.870305	-1.76130428532957
12.87714	-1.05178469737098
12.883975	-0.541287585027803
12.89081	-0.541287585027993
12.897645	0.658202133484237
12.90448	1.28873746542482
12.911315	1.28873746542525
12.91815	1.24424746358866
12.924985	1.22773663041014
12.93182	1.22773663040973
12.938655	-1.02612597013303
12.94549	-1.57830178028484
12.952325	-1.5783017802843
12.95916	0.0803229722216676
12.965995	0.312724105183412
12.97283	0.312724105183523
12.979665	0.486757211664079
12.9865	0.495726610228695
12.993335	0.485106128346154
13.00017	0.0687207651230717
13.007005	0.0687207651231034
13.01384	0.116914548456046
13.020675	0.556727445243959
13.02751	0.556727445243951
13.034345	0.535664976972291
13.04118	0.434725775213741
13.048015	0.434725775213598
13.05485	0.479840511278314
13.061685	0.617728280259064
13.06852	0.617728280258858
13.075355	0.715454563128927
13.08219	0.922732455334295
13.089025	0.922732455334604
13.09586	0.465739367266008
13.102695	-0.236283409952453
13.10953	-0.236283409952445
13.116365	-0.179164851928
13.1232	-0.114281739922235
13.130035	-0.114281739922196
13.13687	0.348646323315976
13.143705	0.739729950289281
13.15054	0.739729950289036
13.157375	-0.237175887421558
13.16421	-0.846291760103248
13.171045	-0.846291760103534
13.17788	-1.1829342614598
13.184715	-1.33429844022395
13.19155	-1.3342984402244
13.198385	-0.262789990785479
13.20522	0.0687207651230875
13.212055	0.0687207651230717
13.21889	-0.237845245523381
13.225725	-0.297284244967558
13.23256	-0.297284244967455
13.239395	-0.0748788596601136
13.24623	-0.0532809049071064
13.253065	-0.0532809049071223
13.2599	-0.534147765274947
13.266735	-0.541287585027803
13.27357	-0.49791318002816
13.280405	0.19072243515325
13.28724	0.190722435153313
13.294075	0.198843980122319
13.30091	0.251723270168418
13.307745	0.251723270168418
13.31458	-0.0134764097838357
13.321415	-1.02929426514886
13.32825	-1.02929426514852
13.335085	-0.737989619224504
13.34192	0.00771993010798263
13.348755	0.00771993010798263
13.35559	0.202503137745855
13.362425	0.556727445243784
13.36926	0.556727445243959
13.376095	0.0860348280242857
13.38293	-0.541287585027993
13.389765	-0.541287585027993
13.3966	0.102501037329699
13.403435	0.739729950289273
13.41027	0.739729950289052
13.417105	0.98587523627559
13.42394	1.16673579539504
13.430775	1.16673579539465
13.43761	0.49233519584615
13.444445	0.129721600138161
13.45128	0.1297216001382
13.458115	0.880741390411673
13.46495	1.16673579539504
13.471785	1.16673579539504
13.47862	0.631204690042676
13.485455	0.495726610228854
13.49229	0.495726610228679
13.499125	0.602109924549261
13.50596	0.617728280259056
13.512795	0.617728280258858
13.51963	0.502330943500426
13.526465	0.495726610228687
13.5333	0.475244252312258
13.540135	-0.541287585027803
13.54697	-0.541287585027993
13.553805	-0.518440161818211
13.56064	-0.297284244967455
13.567475	-0.297284244967558
13.57431	-0.327940846032076
13.581145	-0.480286750012881
13.58798	-0.480286750012889
13.594815	-0.612819654178635
13.60165	-1.02929426514885
13.608485	-1.02929426514852
13.61532	-1.04852715460862
13.622155	-1.0902951001636
13.62899	-1.09029510016396
13.635825	-0.686716788622836
13.64266	-0.0532809049071064
13.649495	-0.0532809049071302
13.65633	-0.618219142866815
13.663165	-1.2732976052093
13.67	0
14.0369696969697	0
14.4039393939394	0
14.7709090909091	0
15.1378787878788	0
15.5048484848485	0
15.8718181818182	0
16.2387878787879	0
16.6057575757576	0
16.9727272727273	0
17.339696969697	0
17.7066666666667	0
18.0736363636364	0
18.4406060606061	0
18.8075757575758	0
19.1745454545455	0
19.5415151515151	0
19.9084848484849	0
20.2754545454545	0
20.6424242424242	0
21.0093939393939	0
21.3763636363636	0
21.7433333333333	0
22.110303030303	0
22.4772727272727	0
22.8442424242424	0
23.2112121212121	0
23.5781818181818	0
23.9451515151515	0
24.3121212121212	0
24.6790909090909	0
25.0460606060606	0
25.4130303030303	0
25.78	0
26.1469696969697	0
26.5139393939394	0
26.8809090909091	0
27.2478787878788	0
27.6148484848485	0
27.9818181818182	0
28.3487878787879	0
28.7157575757576	0
29.0827272727273	0
29.449696969697	0
29.8166666666667	0
30.1836363636364	0
30.5506060606061	0
30.9175757575758	0
31.2845454545455	0
31.6515151515151	0
32.0184848484849	0
32.3854545454545	0
32.7524242424242	0
33.1193939393939	0
33.4863636363636	0
33.8533333333333	0
34.220303030303	0
34.5872727272727	0
34.9542424242424	0
35.3212121212121	0
35.6881818181818	0
36.0551515151515	0
36.4221212121212	0
36.7890909090909	0
37.1560606060606	0
37.5230303030303	0
37.89	0
38.2569696969697	0
38.6239393939394	0
38.9909090909091	0
39.3578787878788	0
39.7248484848485	0
40.0918181818182	0
40.4587878787879	0
40.8257575757576	0
41.1927272727273	0
41.559696969697	0
41.9266666666667	0
42.2936363636364	0
42.6606060606061	0
43.0275757575758	0
43.3945454545455	0
43.7615151515151	0
44.1284848484848	0
44.4954545454545	0
44.8624242424242	0
45.2293939393939	0
45.5963636363636	0
45.9633333333333	0
46.330303030303	0
46.6972727272727	0
47.0642424242424	0
47.4312121212121	0
47.7981818181818	0
48.1651515151515	0
48.5321212121212	0
48.8990909090909	0
49.2660606060606	0
49.6330303030303	0
50	0
