time	Medstack
0	-0.295945619127538
0.006835	-0.520106801991127
0.01367	-0.774239450653509
0.020505	-1.03189670532371
0.02734	-1.0097463908115
0.034175	-1.00437327867379
0.04101	-1.03103013705736
0.047845	-1.18076626315991
0.05468	-1.18551002766364
0.061515	-1.20891774115621
0.06835	-1.53231233303451
0.075185	-1.67961014214526
0.08202	-1.74913587988953
0.088855	-1.7668561314993
0.09569	-1.48880373573895
0.102525	-1.05467571932611
0.10936	-0.455731214915883
0.116195	0.0476503188434216
0.12303	0.386798694029222
0.129865	0.532104757229335
0.1367	0.57492632209233
0.143535	0.671587896491549
0.15037	0.836217719073288
0.157205	1.27656597157607
0.16404	1.62736149092528
0.170875	1.90701415373847
0.17771	2.12408723595815
0.184545	2.33350120284233
0.19138	2.53869834613568
0.198215	2.74248123964803
0.20505	2.75249506142459
0.211885	2.69817218475415
0.21872	2.65475756831022
0.225555	2.66678970989338
0.23239	2.67951536534716
0.239225	2.66976922696178
0.24606	2.62860107694358
0.252895	2.59467269321949
0.25973	2.57606642902923
0.266565	2.51405851127112
0.2734	2.45423224555831
0.280235	2.39883993161077
0.28707	2.35542531516684
0.293905	2.43147397215766
0.30074	2.57547921074253
0.307575	2.54092472010348
0.31441	2.56696649001675
0.321245	2.56726139544771
0.32808	2.30234363388165
0.334915	2.00302110289533
0.34175	1.78893855618873
0.348585	1.86159158778879
0.35542	1.96094295897588
0.362255	2.02984842309943
0.36909	2.02276032245552
0.375925	2.23226243689709
0.38276	2.35767955931822
0.389595	2.30983487997184
0.39643	2.14863244182728
0.403265	2.05477992267593
0.4101	2.03942021080145
0.416935	1.82500516632323
0.42377	1.61889802912863
0.430605	1.42864254495598
0.43744	1.33206717368273
0.444275	1.17120889989826
0.45111	1.03300843722477
0.457945	1.21021095332247
0.46478	1.15009691176055
0.471615	1.01956852729865
0.47845	0.991216124723018
0.485285	0.875857546000937
0.49212	0.782524190036838
0.498955	0.794928366163677
0.50579	1.22689028598252
0.512625	1.37524456949429
0.51946	0.947300493118353
0.526295	0.915122745809696
0.53313	0.925415269422101
0.539965	0.945793558773336
0.5468	1.08076367272616
0.553635	1.1329211009464
0.56047	1.10897607624006
0.567305	1.04872722076684
0.57414	1.20582690863013
0.580975	1.46194676619652
0.58781	1.46283277877701
0.594645	1.46070816338649
0.60148	1.4220554594728
0.608315	1.25637110692145
0.61515	1.36306270669233
0.621985	1.53777181357486
0.62882	1.66092756226276
0.635655	1.74083332303302
0.64249	1.75877912868669
0.649325	1.68435407192565
0.65616	1.40630815760334
0.662995	1.31482201148152
0.66983	1.49113851499873
0.676665	1.28989764148687
0.6835	1.11895230567596
0.690335	0.998513575815717
0.69717	1.11989729934264
0.704005	1.23141692231181
0.71084	1.32877978830729
0.717675	1.37485244249269
0.72451	1.32680035712893
0.731345	1.22970193380561
0.73818	1.1304685247909
0.745015	0.938922586303874
0.75185	0.713635577652199
0.758685	0.487702369627635
0.76552	0.273933524522316
0.772355	0.0780210412256667
0.77919	-0.0894353364866576
0.786025	-0.256891714198985
0.79286	-0.446592387275146
0.799695	-0.66720951981678
0.80653	-0.957237668649328
0.813365	-0.967413526376955
0.8202	-0.677520839599514
0.827035	-0.117560888730778
0.83387	0.308454959827345
0.840705	0.595842570801141
0.84754	0.570148205966974
0.854375	0.620448702187874
0.86121	0.701559362290341
0.868045	0.727253727124507
0.87488	0.941459421153931
0.881715	1.10646775971739
0.88855	0.899140815883078
0.895385	0.729508619419694
0.90222	0.63103483494363
0.909055	0.659387237519262
0.91589	0.816009891542586
0.922725	0.83531485475389
0.92956	0.616469747373229
0.936395	0.518655125146148
0.94323	0.402789697969101
0.950065	0.256860120429242
0.9569	0.0459891262729816
0.963735	-0.19925747083234
0.97057	-0.440228911404454
0.977405	-0.320617213038508
0.98424	-0.257616987116004
0.991075	-0.390772298416765
0.99791	-1.38930847662729
1.004745	-1.72723963774861
1.01158	-1.64721397037455
1.018415	-1.14484483723758
1.02525	-1.02562591401704
1.032085	-0.969107774281415
1.03892	-0.791905258183717
1.045755	-0.757191324168805
1.05259	-0.700535129802865
1.059425	-0.564089192407638
1.06626	-0.0681593679664533
1.073095	0.252566815869509
1.07993	0.321675797147611
1.086765	0.496017406493097
1.0936	0.668181252656108
1.100435	0.819816440105286
1.10727	0.712608917866177
1.114105	0.605933521690406
1.12094	0.499490160996577
1.127775	0.392282638757468
1.13461	0.381884467704962
1.141445	0.363890051265972
1.14828	0.143272918724334
1.155115	-0.0872899804943995
1.16195	-0.26356435466433
1.168785	-0.295460807561916
1.17562	-0.257419951399495
1.182455	-0.301958449200098
1.18929	-0.520803556580759
1.196125	-0.803960732943837
1.20296	-1.07385299820796
1.209795	-1.31662044526181
1.21663	-1.50352437782238
1.223465	-1.73586319106492
1.2303	-1.98719909921171
1.237135	-1.65317235636755
1.24397	-1.522937581049
1.250805	-1.54530243116044
1.25764	-1.60909533695561
1.264475	-1.60153733205358
1.27131	-1.57112448032406
1.278145	-1.60302093322164
1.28498	-1.49870607678116
1.291815	-1.1271997703091
1.29865	-0.157015994674191
1.305485	0.162590196667916
1.31232	0.283277165605212
1.319155	0.328463807210126
1.32599	0.73781782299091
1.332825	1.03338760135029
1.33966	1.094522469404
1.346495	1.43518101965383
1.35333	1.79306204707173
1.360165	2.14695310123032
1.367	2.22935227121574
1.373835	2.17653308817131
1.38067	2.01958701038963
1.387505	1.87782499751148
1.39434	1.73550039581118
1.401175	1.59209080138247
1.40801	1.44501271302138
1.414845	1.37330078622518
1.42168	1.36390399735032
1.428515	1.4507332302382
1.43535	1.40371428609851
1.442185	1.33370503307622
1.44902	1.29383446695424
1.455855	1.26458957036007
1.46269	1.24061019403211
1.469525	1.22200392984185
1.47636	1.20504654348975
1.483195	1.15715001263902
1.49003	1.07372094214855
1.496865	0.957653294104558
1.5037	0.841106019645376
1.510535	0.724221710407959
1.51737	0.608154062363965
1.524205	0.50407837098727
1.53104	0.455631566046685
1.537875	0.675362686007834
1.54471	0.899367666214588
1.551545	1.07923729406701
1.55838	1.10138760857922
1.565215	1.07824498590262
1.57205	1.06362026910222
1.578885	1.10171881006322
1.58572	1.20729171362787
1.592555	1.14882460547269
1.59939	0.793533560696811
1.606225	0.765052825647923
1.61306	0.848723005633603
1.619895	1.03124159721423
1.62673	1.21463259035546
1.633565	1.04959378903319
1.6404	0.580707764826756
1.647235	0.365406707768049
1.65407	0.454524536428937
1.660905	0.72429170993882
1.66774	0.822639106373044
1.674575	0.910904625931264
1.68141	0.965128336599637
1.688245	0.907537518867884
1.69508	0.850605215241308
1.701915	0.794645127321195
1.70875	0.740598359911396
1.715585	0.693791358795714
1.72242	0.648604717190802
1.729255	0.603418075585888
1.73609	0.558231433980974
1.742925	0.513044792376062
1.74976	0.467858150771149
1.756595	0.422671509166235
1.76343	0.387266653855933
1.770265	0.365419670644136
1.7771	0.438958714824682
1.783935	0.384975465507707
1.79077	0.272046129764169
1.797605	0.435072444574054
1.80444	0.610760896744886
1.811275	0.782867058109316
1.81811	0.909566857119173
1.824945	0.95998596365626
1.83178	0.955638215016965
1.838615	0.878555120514465
1.84545	0.788755444571453
1.852285	0.707572192362903
1.85912	0.64998137463115
1.865955	0.59316249617033
1.87279	0.536457691019065
1.879625	0.479752885867801
1.88646	0.41383666096972
1.893295	0.294849125087321
1.90013	0.111161282083714
1.906965	-0.498415373292352
1.9138	-1.00307050962713
1.920635	-1.39824443525728
1.92747	-1.54266448587691
1.934305	-1.81934281677213
1.94114	-2.14537470579016
1.947975	-2.32966532253176
1.95481	-2.28450266224761
1.961645	-1.99987031058592
1.96848	-1.26447986878046
1.975315	-0.799168357654791
1.98215	-0.392421824398723
1.988985	0.0550145287479728
1.99582	0.181059702515468
2.002655	0.251743025094234
2.00949	0.323510044113803
2.016325	0.319026185275602
2.02316	0.28627418255633
2.029995	0.227797352244088
2.03683	0.17994489517206
2.043665	0.0508599269623519
2.0505	-0.16087245030984
2.057335	-0.529453683793043
2.06417	-0.674246417100149
2.071005	-0.653350260849269
2.07784	-0.500956097005252
2.084675	-0.540668516038982
2.09151	-0.647609003030715
2.098345	-0.678619443347812
2.10518	-0.788192690472643
2.112015	-0.929396651535295
2.11885	-1.08622087828175
2.125685	-1.1826160655774
2.13252	-1.27266722131649
2.139355	-1.37278664291169
2.14619	-1.62616485218586
2.153025	-1.7696399091388
2.15986	-1.7545776952705
2.166695	-1.50172059361499
2.17353	-0.943254614215183
2.180365	-0.167520461310611
2.1872	-0.52989960673041
2.194035	-0.963936883010655
2.20087	-1.36424475571472
2.207705	-1.19235831509995
2.21454	-0.92984063004124
2.221375	-0.711162743762095
2.22821	-0.848494693737813
2.235045	-0.819716460682751
2.24188	-0.652066936116749
2.248715	-0.273739564248157
2.25555	0.0189744925094428
2.262385	0.271770668647335
2.26922	0.487071725706042
2.276055	0.578358243536139
2.28289	0.637185719646509
2.289725	0.673512235446538
2.29656	0.710689115917818
2.303395	0.738219672149587
2.31023	0.749768298454741
2.317065	0.584083945903391
2.3239	0.417894041184687
2.330735	0.251418953192081
2.33757	0.0857346006407305
2.344405	-0.0987932367332475
2.35124	-0.290018992180948
2.358075	-0.464563470537184
2.36491	-0.646745675483373
2.371745	-0.812695118850686
2.37858	-0.922560678831261
2.385415	-0.905375145860045
2.39225	-0.827747610561928
2.399085	-0.694845723488652
2.40592	-0.519736711878872
2.412755	-0.330604460919085
2.41959	-0.130365617728683
2.426425	0.0915277099636371
2.43326	0.200703644936423
2.440095	0.184866251078167
2.44693	0.17689213785377
2.453765	0.245542233318422
2.4606	0.374960995587349
2.467435	0.4865985807289
2.47427	0.574435029088664
2.481105	0.654419863403049
2.48794	0.767829473705578
2.494775	0.899808404001515
2.50161	1.04438984242841
2.508445	1.20387210691634
2.51528	1.31544358138985
2.522115	1.35697534008228
2.52895	1.27369015751636
2.535785	1.18440575589777
2.54262	1.113391231835
2.549455	1.07352066571302
2.55629	1.09806392715073
2.563125	1.09942697357119
2.56996	1.06664450809312
2.576795	1.02153045859429
2.58363	0.976343816989375
2.590465	0.934532708317296
2.5973	0.938962771219738
2.604135	0.942320804269856
2.61097	0.94761937987007
2.617805	0.968883681801795
2.62464	1.04728834152128
2.631475	1.15769510157844
2.63831	1.28616692574928
2.645145	1.40330077035136
2.65198	1.4907872210568
2.658815	1.51470956072999
2.66565	1.53789949790431
2.672485	1.56158007993849
2.67932	1.58638843219217
2.686155	1.62236689476928
2.69299	1.65919183315482
2.699825	1.69551834895485
2.70666	1.70421838324007
2.713495	1.73122070227133
2.72033	1.77743400366227
2.727165	1.84388494719891
2.734	1.90670628543142
2.740835	1.9499614584995
2.74767	1.87110633883602
2.754505	1.74261312591965
2.76134	1.58844693691465
2.768175	1.43428074790965
2.77501	1.29570112111065
2.781845	1.16471255454768
2.78868	1.03889876811832
2.795515	0.926668131395831
2.80235	0.818602466759815
2.809185	0.712280957101198
2.81602	0.620006019969536
2.822855	0.509647870697683
2.82969	0.371429908141482
2.836525	0.234057773249902
2.84336	0.108050191823041
2.850195	-0.00720598017795549
2.85703	-0.15517008111953
2.863865	-0.261549923720544
2.8707	-0.330349092260186
2.877535	-0.349841369030932
2.88437	-0.236777867519903
2.891205	-0.0486307951426709
2.89804	0.140975897081861
2.904875	0.309096622193612
2.91171	0.469243882224756
2.918545	0.631384184454146
2.92538	0.773299807413934
2.932215	0.891943827080047
2.93905	0.973456984484986
2.945885	0.939014622724082
2.95272	0.867519175958521
2.959555	0.768285766943813
2.96639	0.638404229998606
2.973225	0.530635415224971
2.98006	0.450373823506148
2.986895	0.411389269964652
2.99373	0.412052969220263
3.000565	0.446160888778145
3.0074	0.485145442319641
3.014235	0.498877016957702
3.02107	0.471306275810072
3.027905	0.304735910678226
3.03474	0.13755110521991
3.041575	0.0209318867984467
3.04841	0.0740926416277592
3.055245	0.243516783929959
3.06208	0.372420271874464
3.068915	0.328119642850037
3.07575	0.345684339946773
3.082585	0.368891128860008
3.08942	0.382181317567335
3.096255	0.333848585936314
3.10309	0.35069967670451
3.109925	0.453477136041172
3.11676	0.447594582873276
3.123595	0.437710389857584
3.13043	0.424470108223188
3.137265	0.398775743389023
3.1441	0.352885217612629
3.150935	0.307581910122943
3.15777	0.350996526566878
3.164605	0.48096750735708
3.17144	0.629334105601128
3.178275	0.689582961074344
3.18511	0.663719430707252
3.191945	0.598449405182065
3.19878	0.507190109391753
3.205615	0.343872129869923
3.21245	0.164897588611253
3.219285	-0.0140769526474181
3.22612	-0.194638149939049
3.232955	-0.374618610382005
3.23979	-0.553593151640676
3.246625	-0.753178665876344
3.25346	-0.892867914868321
3.260295	-0.969097403980547
3.26713	-0.947833102048822
3.273965	-1.00931926404446
3.2808	-1.13329556278861
3.287635	-1.27682960082776
3.29447	-1.23957818381898
3.301305	-1.12223952577474
3.30814	-1.0708507961064
3.314975	-1.24324343703234
3.32181	-1.35688184209779
3.328645	-1.07512984150244
3.33548	-0.922664381839949
3.342315	-0.840878355893395
3.34915	-0.834676267829975
3.355985	-0.628310521257455
3.36282	-0.289334552323613
3.369655	0.197972366945085
3.37649	0.475797912373917
3.383325	0.665335901355195
3.39016	0.771542041416651
3.396995	0.799008431411793
3.40383	0.826474821406936
3.410665	0.850493086363163
3.4175	0.842518973138767
3.424335	0.828363512452689
3.43117	0.835516427477031
3.438005	0.963102239067371
3.44484	1.10009909869626
3.451675	1.1903842343487
3.45851	1.12481930339255
3.465345	1.0731116869725
3.47218	1.03063623090101
3.479015	0.999625790583909
3.48585	1.04368984711976
3.492685	1.10004659904811
3.49952	1.15586539161889
3.506355	1.21827451039186
3.51319	1.29027875004381
3.520025	1.37251264335914
3.52686	1.40972517173965
3.533695	1.43113141716452
3.54053	1.43704443309122
3.547365	1.41843816890096
3.5542	1.40908739823622
3.561035	1.4178865985235
3.56787	1.49585570560648
3.574705	1.52137312718207
3.58154	1.51376262263189
3.588375	1.47389205650991
3.59521	1.39687636896306
3.602045	1.3090703833621
3.60888	1.22312716305472
3.615715	1.13792477111565
3.62255	1.05947863019269
3.629385	0.992141674075571
3.63622	0.876427264404921
3.643055	0.779294489459974
3.64989	0.711071520762362
3.656725	0.6210547166449
3.66356	0.55329387447976
3.670395	0.512940441223566
3.67723	0.580277397340695
3.684065	0.657626230802958
3.6909	0.727447522121996
3.697735	0.702639169868317
3.70457	0.626291718583708
3.711405	0.524400271827534
3.71824	0.422508825071352
3.725075	0.351537078499672
3.73191	0.312581043285567
3.738745	0.32852926973436
3.74558	0.306141086445967
3.752415	0.288591944800534
3.75925	0.295680045444442
3.766085	0.321699130324566
3.77292	0.304251099112609
3.779755	0.225395979449129
3.78659	0.0389049144919012
3.793425	-0.0254978946231287
3.80026	0.0383669551343255
3.807095	0.171268842207596
3.81393	0.290925262496037
3.820765	0.39285754231189
3.8276	0.431842095853383
3.834435	0.469101938731613
3.84127	0.529299590844294
3.848105	0.69409793081515
3.85494	0.764122091144935
3.861775	0.779383285161163
3.86861	0.742170756780647
3.875445	0.610377195612745
3.88228	0.47364996380644
3.889115	0.37530256737222
3.89595	0.346371372379341
3.902785	0.253034775696217
3.90962	0.0510239073448457
3.916455	-0.0957612200166942
3.92329	-0.186411908774771
3.930125	-0.219804925716502
3.93696	-0.238411189906762
3.943795	-0.271775688521104
3.95063	-0.306590732969488
3.957465	-0.239253776852358
3.9643	-0.272249481642053
3.971135	-0.373075379983945
3.97797	-0.517495430603577
3.984805	-0.461352566130642
3.99164	-0.318988427658285
3.998475	-0.171910339297187
4.00531	-0.00900069037208326
4.012145	0.140104143665073
4.01898	0.249083691065164
4.025815	0.246502134292602
4.03265	-0.127408785693414
4.039485	-1.0568359826259
4.04632	-1.34888374755263
4.053155	-1.54850426155372
4.05999	-1.70089842539775
4.066825	-2.06827864841157
4.07366	-2.26707277906217
4.080495	-2.30491011807003
4.08733	-2.15783202970895
4.094165	-2.01075394134786
4.101	-1.86367585298676
4.107835	-1.71659776462568
4.11467	-1.56951967626459
4.121505	-1.42244158790349
4.12834	-1.27536349954241
4.135175	-1.12828541118132
4.14201	-0.981207322820225
4.148845	-0.834129234459139
4.15568	-0.785714188564971
4.162515	-0.764860161661373
4.16935	-0.756886048436977
4.176185	-0.74891193521258
4.18302	-0.740937821988184
4.189855	-0.732963708763787
4.19669	-0.724989595539391
4.203525	-0.717015482314994
4.21036	-0.709041369090598
4.217195	-0.701067255866202
4.22403	-0.693093142641805
4.230865	-0.685119029417409
4.2377	-0.677144916193012
4.244535	-0.637426015721236
4.25137	-0.573082835836209
4.258205	-0.474735439401989
4.26504	-0.375734714013019
4.271875	-0.27650130499831
4.27871	-0.177267895983602
4.285545	-0.11972439274956
4.29238	-0.0755819108133876
4.299215	-0.038369382432872
4.30605	-0.000372600049140881
4.312885	0.0373519619367777
4.31972	0.0745644903172935
4.326555	0.100730703840998
4.33339	0.125106744177201
4.340225	0.147880573029157
4.34706	0.162942786897463
4.353895	0.171946152483099
4.36073	0.154800804427756
4.367565	-0.0427800010211889
4.3744	-0.358997048410581
4.381235	-0.692360740142934
4.38807	-0.805770350445468
4.394905	-0.786291684694609
4.40174	-0.755124393576866
4.408575	-0.842839639045232
4.41541	-0.992969836580803
4.422245	-1.08271182772524
4.42908	-1.01537487160811
4.435915	-0.867528732838916
4.44275	-0.688980022059676
4.449585	-0.483425103386334
4.45642	-0.274541318134085
4.463255	-0.0650204075222023
4.47009	0.144952907465105
4.476925	0.354051876460383
4.48376	0.560226420610627
4.490595	0.763469410334003
4.49743	0.961050215782932
4.504265	1.20120175444259
4.5111	1.4668629369522
4.517935	1.73178069851825
4.52477	1.74751179679261
4.531605	1.6505812427146
4.53844	1.53805764499256
4.545275	1.33458974936911
4.55211	1.10942329546503
4.558945	0.895894263567305
4.56578	0.758789163923098
4.572615	0.657667063862629
4.57945	0.592102132906482
4.586285	0.731031109216006
4.59312	0.871273224873072
4.599955	0.991770935819504
4.60679	1.09818577818594
4.613625	1.20168786229583
4.62046	1.30185848725156
4.627295	1.39045974530041
4.63413	1.46353536666088
4.640965	1.51706037830821
4.6478	1.51351632798626
4.654635	1.5099722776643
4.66147	1.50642822734235
4.668305	1.50288417702039
4.67514	1.49334350022099
4.681975	1.44342281626941
4.68881	1.29900276564979
4.695645	1.1538509606751
4.70248	1.00886637680192
4.709315	0.864446326182304
4.71615	0.736767830027937
4.722985	0.632235845413014
4.72982	0.555152750910517
4.736655	0.38921367784407
4.74349	0.115913472456908
4.750325	-0.248420474676676
4.75716	-0.421192927871942
4.763995	-0.356264474131625
4.77083	-0.133116340034171
4.777665	0.0121897231659497
4.7845	0.0799129729904405
4.791335	0.106341036611082
4.79817	0.128491351123296
4.805005	0.107172605112011
4.81184	0.0463469016529644
4.818675	-0.0785808721959202
4.82551	-0.260649003832551
4.832345	-0.384110676396088
4.83918	-0.369048462527784
4.846015	-0.18868624538409
4.85285	-0.0397278918466969
4.859685	0.033811152333846
4.86652	0.152989890638512
4.873355	0.223054884027971
4.88019	0.230726962239557
4.887025	-0.0820354786728721
4.89386	-0.300728920403334
4.900695	-0.409622912821243
4.90753	-0.189005780279614
4.914365	-0.21056369135469
4.9212	-0.457514906665342
4.928035	-1.11936630429023
4.93487	-1.47567234226368
4.941705	-1.62382310862089
4.94854	-1.51661558638179
4.955375	-1.4191626283975
4.96221	-1.45470748276954
4.969045	-1.76303986077953
4.97588	-2.01039486968028
4.982715	-2.04196012109386
4.98955	-1.76109413307901
4.996385	-1.5373380400931
5.00322	-1.44241089851422
5.010055	-1.48618588291335
5.01689	-1.35594203358154
5.023725	-1.17548000229198
5.03056	-0.951639002467723
5.037395	-0.711529593155327
5.04423	-0.609050928112455
5.051065	-0.578353541252841
5.0579	-0.477348107077147
5.064735	-0.308825532806739
5.07157	-0.110562231931874
5.078405	0.087018573517071
5.08524	0.113427192823579
5.092075	0.0627177178621631
5.09891	-0.0453758169574392
5.105745	0.0878190311153852
5.11258	0.232346025462718
5.119415	0.320061270931084
5.12625	0.218194453639468
5.133085	0.135373990181239
5.13992	0.0972754492202352
5.146755	0.385791478557304
5.15359	0.428738783318349
5.160425	0.255585869709973
5.16726	0.223689416812388
5.174095	0.130216709930367
5.18093	0.0047049585138077
5.187765	-0.062631997603316
5.1946	-0.0792841082235922
5.201435	-0.0618231141355445
5.20827	-0.00866235930623633
5.215105	0.0398661117536855
5.22194	0.0501087282931649
5.228775	-0.0322904416922628
5.23561	-0.145959957660331
5.242445	-0.266140726286456
5.24928	-0.385752424652399
5.256115	-0.374571944028095
5.26295	-0.47074352171124
5.269785	-0.728573182633428
5.27662	-0.736683406056709
5.283455	-0.736683406056709
5.29029	-0.736044336265661
5.297125	-0.720982122397357
5.30396	-0.69154667152473
5.310795	-0.655695245133256
5.31763	-0.650379169650325
5.324465	-0.763136747285723
5.3313	-0.93873575561156
5.338135	-1.11505225912877
5.34497	-1.11226588891406
5.351805	-1.01887290371995
5.35864	-0.860276651812509
5.365475	-0.749941187573819
5.37231	-0.672854204208496
5.379145	-0.637413700988957
5.38598	-0.505075699025439
5.392815	-0.287727155688894
5.39965	0.0312373732869547
5.406485	0.307329134039268
5.41332	0.454148613022434
5.420155	0.466552789149272
5.42699	0.478956965276111
5.433825	0.491361141402952
5.44066	0.497947578742322
5.447495	0.450102899395945
5.45433	0.352303184476364
5.461165	0.218203527652735
5.468	0.048089112198949
5.474835	-0.150229280899314
5.48167	-0.388356666458122
5.488505	-0.71352328349739
5.49534	-0.990234669726623
5.502175	-1.2533804061317
5.50901	-1.51652614253677
5.515845	-1.63419729835265
5.52268	-1.50627898899067
5.529515	-1.03580630875129
5.53635	-0.690451308495452
5.543185	-0.289419459161985
5.55002	0.185793744862112
5.556855	0.464887707716026
5.56369	0.587089388723966
5.570525	0.572508745702262
5.57736	0.521120016033931
5.584195	0.457767848025691
5.59103	0.388889605941923
5.597865	0.331298788210163
5.6047	0.340116784667773
5.611535	0.363381906523392
5.61837	0.332371466206296
5.625205	0.154272567227249
5.63204	-0.0664508608982868
5.638875	-0.279093880215555
5.64571	-0.427341219999607
5.652545	-0.519683564086915
5.65938	-0.539175840857661
5.666215	-0.457157131285364
5.67305	-0.38517557666657
5.679885	-0.338216909900673
5.68672	-0.289516032588805
5.693555	-0.235255377723587
5.70039	-0.176751973515371
5.707225	-0.132451344490947
5.71406	-0.123412330996071
5.720895	-0.142187112575453
5.72773	-0.185601729019388
5.734565	-0.48820516394311
5.7414	-0.901545264120384
5.748235	-1.24443213276942
5.75507	-1.33691901292511
5.761905	-1.39804415882177
5.76874	-1.60359907749509
5.775575	-1.95441274487082
5.78241	-2.11593601419851
5.789245	-1.86962451682272
5.79608	-1.2907167299789
5.802915	-0.832991093938761
5.80975	-0.593767697206874
5.816585	-0.767689309367177
5.82342	-0.893013099080484
5.830255	-0.952957975109481
5.83709	-0.982196390265601
5.843925	-0.976836889147782
5.85076	-0.943560538090825
5.857595	-0.892171808422494
5.86443	-0.730526039915792
5.871265	-0.498692130696819
5.8781	-0.221370193003928
5.884935	-0.00738033086130464
5.89177	0.112016831905403
5.898605	0.0305036745004635
5.90544	-0.0912047690724147
5.912275	-0.182818599523689
5.91911	-0.19345075048955
5.925945	-0.203312258472092
5.93278	-0.231437162572413
5.939615	-0.286369942562698
5.94645	-0.39397736952906
5.953285	-0.479179113324316
5.96012	-0.534218837042324
5.966955	-0.446503591573951
5.97379	-0.431991003651706
5.980625	-0.478803189917821
5.98746	-0.550570208937387
5.994295	-0.621223716901153
6.00113	-0.668807194294405
6.007965	-0.603242263338247
6.0148	-0.5376773323821
6.021635	-0.470840743281902
6.02847	-0.399959736842825
6.035305	-0.346958425389375
6.04214	-0.327686517512087
6.048975	-0.371101133956029
6.05581	-0.428825469311468
6.062645	-0.505189124191183
6.06948	-0.607080570947357
6.076315	-0.770367439566565
6.08315	-0.992201138028871
6.089985	-1.27661117636572
6.09682	-1.66268905184621
6.103655	-2.04851674381823
6.11049	-2.41424160755586
6.117325	-2.52499318011692
6.12416	-2.55431715025522
6.130995	-2.53115184254545
6.13783	-2.50722950287227
6.144665	-2.48451659953792
6.1515	-2.48628279140465
6.158335	-2.57311202429252
6.16517	-2.7490752894364
6.172005	-2.99948759266206
6.17884	-3.36009471292087
6.185675	-3.59932070222797
6.19251	-3.63998913337307
6.199345	-3.38127345987043
6.20618	-3.06728149016118
6.213015	-2.68607052650723
6.21985	-2.22711600981421
6.226685	-1.71703396540598
6.23352	-1.27881162458134
6.240355	-0.915878964352669
6.24719	-0.672225504718299
6.254025	-0.429093800846438
6.26086	-0.186214873058257
6.267695	0.0574385865760726
6.27453	0.196567191177329
6.281365	0.270655213160124
6.2882	0.297235590574782
6.295035	0.312720394203494
6.30187	0.324480963532655
6.308705	0.336885139659494
6.31554	0.349289315786332
6.322375	0.360769886992032
6.32921	0.370516025377407
6.336045	0.27447537274271
6.34288	0.157889857799078
6.349715	0.0320760713697153
6.35655	-0.102228398896076
6.363385	-0.236902311130324
6.37022	-0.370492526923789
6.377055	-0.471497961099474
6.38389	-0.522077807300027
6.390725	-0.534481983426865
6.39756	-0.546886159553704
6.404395	-0.559290335680543
6.41123	-0.571694511807383
6.418065	-0.584098687934222
6.4249	-0.651128423888106
6.431735	-0.755698000843679
6.43857	-0.907206152107207
6.445405	-1.02998792182002
6.45224	-1.14487918885921
6.459075	-1.25917481174222
6.46591	-1.46540315182823
6.472745	-1.65221634425619
6.47958	-1.78866228165142
6.486415	-1.88186665699846
6.49325	-1.8829257239747
6.500085	-1.78445064321103
6.50692	-1.60547610195236
6.513755	-1.40800483280636
6.52059	-1.17540028060407
6.527425	-0.731507977779345
6.53426	-0.279332397135496
6.541095	0.153577757069033
6.54793	0.459252097337555
6.554765	0.445585337079925
6.5616	0.293398579253286
6.568435	0.141890427989758
6.57527	0.0600629208397123
6.582105	0.0619606858987339
6.58894	0.205494723937866
6.595775	0.364749489950479
6.60261	0.553279615316053
6.609445	0.784528898823544
6.61628	1.02391886851318
6.623115	1.16671402261539
6.62995	1.19329440003004
6.636785	1.06947495208653
6.64362	0.932346519265374
6.650455	0.788039245667698
6.65729	0.695007924716394
6.664125	0.639406908463871
6.67096	0.608520911757201
6.677795	0.578396484020594
6.68463	0.548272056283986
6.691465	0.537897866552232
6.6983	0.599918747186435
6.705135	0.684571513179442
6.71197	0.776461452891345
6.718805	0.867720748681658
6.72564	0.953131194781899
6.732475	1.01067340172833
6.73931	1.02130555269419
6.746145	1.03193770366006
6.75298	1.04256985462592
6.759815	1.05320200559178
6.76665	1.05262775018116
6.773485	1.04315836920023
6.78032	1.02547959879393
6.787155	1.00864535976465
6.79399	0.991811120735372
6.800825	0.960325591009721
6.80766	0.82210762845352
6.814495	0.65592096445384
6.82133	0.475174398034163
6.828165	0.294427831614515
6.835	0.112384977586252
6.841835	-0.0599052566185955
6.84867	-0.204325307238216
6.855505	-0.35802224012889
6.86234	-0.519117086401959
6.869175	-0.690117514436233
6.87601	-0.876699319526063
6.882845	-1.05767532885244
6.88968	-1.22778974430622
6.896515	-1.397059628383
6.90335	-1.45511840594147
6.910185	-1.39052504254797
6.91702	-1.07421855131359
6.923855	-0.744919369378056
6.93069	-0.405487107205978
6.937525	-0.0652582762984055
6.94436	0.123501940117741
6.951195	0.219153706469845
6.95803	0.281174587104038
6.964865	0.341934179895048
6.9717	0.330563144992291
6.978535	0.102857911806754
6.98537	-0.111621298908118
6.992205	-0.260181044005845
6.99904	-0.277901295615614
7.005875	-0.329892150878147
7.01271	-0.394508847448591
7.019545	-0.469819916790123
7.02638	-0.54595801762594
7.033215	-0.560058386088647
7.04005	-0.503610894027696
7.046885	-0.36184888114954
7.05372	-0.198387013703169
7.060555	-0.0256035420632227
7.06739	0.0470494895368317
7.074225	0.0621959620996922
7.08106	0.0419550792349705
7.087895	0.0224628024642241
7.09473	0.0685769378530962
7.101565	0.158900313990006
7.1084	0.299776314287673
7.115235	0.338182723555718
7.12207	0.335074225870258
7.128905	0.308493848455604
7.13574	0.37864245239581
7.142575	0.492945853004494
7.14941	0.649770079750953
7.156245	0.806594306497412
7.16308	0.963418533243871
7.169915	1.12024275999033
7.17675	1.1913175614269
7.183585	1.23854131900876
7.19042	1.26517614050297
7.197255	1.29264253049812
7.20409	1.31957873886134
7.210925	1.3342883625001
7.21776	1.27315349444639
7.224595	1.09884623672252
7.23143	0.850461327316739
7.238265	0.530610785760402
7.2451	0.238526724780601
7.251935	0.0221082678032693
7.25877	-0.0266224241235965
7.265605	-0.0412043634329128
7.27244	-0.0754937632560052
7.279275	-0.158778945821921
7.28611	-0.252360540863068
7.292945	-0.344109833369437
7.29978	-0.431825078837795
7.306615	-0.480953082916713
7.31345	-0.529244981488062
7.320285	-0.573837923368227
7.32712	-0.523335206280384
7.333955	-0.410285315789254
7.34079	-0.249128895854804
7.347625	-0.0683823294351266
7.35446	0.112942381257963
7.361295	0.287524451954841
7.36813	0.431944502574462
7.374965	0.540966179321824
7.3818	0.637355533323231
7.388635	0.735702929757467
7.39547	0.834050326191688
7.402305	0.932696516919694
7.40914	1.0319299259344
7.415975	1.02582700387304
7.42281	0.957937829234658
7.429645	0.823263917000388
7.43648	0.828029070249667
7.443315	0.862348932831559
7.45015	0.918811980343815
7.456985	0.925014068407234
7.46382	0.928740247138199
7.470655	0.930512272299176
7.47749	0.932284297460153
7.484325	0.933495678230404
7.49116	0.931675042284104
7.497995	0.9166128284158
7.50483	0.904681149122302
7.511665	0.893833166269604
7.5185	0.882315002723254
7.525335	0.870796839176904
7.53217	0.848026899187774
7.539005	0.801068232421885
7.54584	0.801045547388731
7.552675	0.831905618343234
7.55951	0.898356561879869
7.566345	0.964807505416504
7.57318	1.02136518192419
7.580015	1.06621349246326
7.58685	0.957233945063178
7.593685	0.848732079646853
7.60052	0.740503730915964
7.607355	0.630638170935394
7.61419	0.557706437499487
7.621025	0.512075817388623
7.62786	0.489039490295923
7.634695	0.466003163203219
7.64153	0.440388520056983
7.648365	0.405834029417932
7.6552	0.332857574059528
7.662035	0.248064160860989
7.66887	0.163892965714584
7.675705	0.0789822384874504
7.68254	-0.00969679681791381
7.689375	-0.10450014293018
7.69621	-0.239553219289947
7.703045	-0.310765427213032
7.70988	-0.297475238505705
7.716715	-0.284185049798376
7.72355	-0.309089975478898
7.730385	-0.385109465998526
7.73722	-0.725338296906098
7.744055	-0.935207260740903
7.75089	-1.03309253064267
7.757725	-0.979931775813349
7.76456	-0.952188628413769
7.771395	-0.985046926716947
7.77823	-1.20477804667809
7.785065	-1.36673103534804
7.7919	-1.41637885075802
7.798735	-1.22677215853346
7.80557	-1.14113810282074
7.812405	-1.18199708824429
7.81924	-1.41236035917129
7.826075	-1.64351112482053
7.83291	-1.75819952284897
7.839745	-1.71567091898552
7.84658	-1.6177000941016
7.853415	-1.53750137233179
7.86025	-1.4760210436304
7.867085	-1.38210371009862
7.87392	-1.33188682442847
7.880755	-1.31729840368111
7.88759	-1.32793055464697
7.894425	-1.32078088034166
7.90126	-1.26442023955049
7.908095	-1.033170956043
7.91493	-0.819815626684795
7.921765	-0.695283220556566
7.9286	-0.806034793117624
7.935435	-0.675836313852117
7.94227	-0.456794170754957
7.949105	-0.183902295964509
7.95594	0.165219067938217
7.962775	0.453882225918872
7.96961	0.637286830079985
7.976445	0.820691434241098
7.98328	0.973482910237157
7.990115	1.09234924322815
7.99695	1.16766031256968
8.003785	1.24346202677106
8.01062	1.31957873886134
8.017455	1.39488980820286
8.02429	1.51468946827205
8.031125	1.62238180207679
8.03796	1.53466655660842
8.044795	1.41214339627352
8.05163	1.25030124019411
8.058465	1.01019183088173
8.0653	0.910924070245394
8.072135	0.860473204661894
8.07897	0.827690739183815
8.085805	0.813720647625771
8.09264	0.816092853949538
8.099475	0.839129181042238
8.10631	0.861347550653902
8.113145	0.913258684228502
8.11998	1.00008791711639
8.126815	1.05511402981449
8.13365	1.07172206665606
8.140485	1.05350468874839
8.14732	1.01717817294836
8.154155	0.96577064710971
8.16099	0.884872578175038
8.167825	0.68729177272611
8.17466	0.496959807584557
8.181495	0.338305222734733
8.18833	0.280714405002982
8.195165	0.222454054721382
8.202	0.154125438583655
8.208835	0.0619801302128545
8.21567	-0.205094005790136
8.222505	-0.493497906249078
8.22934	-0.756643642654154
8.236175	-0.844489165027187
8.24301	-0.893308652655251
8.249845	-0.916344979747951
8.25668	-0.940247226963207
8.263515	-0.965992147014108
8.27035	-0.992188175152809
8.277185	-0.994846212894274
8.28402	-0.987603205881136
8.290855	-0.978192805986396
8.29769	-1.00211514565958
8.304525	-1.0506734313345
8.31136	-1.11163200427344
8.318195	-1.17188085974665
8.32503	-1.03912804574836
8.331865	-0.784172254454509
8.3387	-0.388124630976163
8.345535	-0.0308217478317162
8.35237	0.285123079159867
8.359205	0.540294702340547
8.36604	0.583284784592682
8.372875	0.512629980341298
8.37971	0.323909300697254
8.386545	0.125855998414985
8.39338	-0.104157274857688
8.400215	-0.368061339513799
8.40705	-0.682595805587258
8.413885	-0.991590586565247
8.42072	-1.24261927454879
8.427555	-1.03706435587546
8.43439	-0.74785610895538
8.441225	-0.428572045084001
8.44806	-0.184918585449632
8.454895	-0.141142952906711
8.46173	-0.227938482316759
8.468565	-0.466275866468158
8.4754	-0.703913255310904
8.482235	-0.908046794621389
8.48907	-1.04360671943615
8.495905	-1.04061877649828
8.50274	-1.01296896180652
8.509575	-0.981072508908934
8.51641	-0.973272746367896
8.523245	-0.998198412650149
8.53008	-1.05756125554289
8.536915	-1.11692409843561
8.54375	-1.18163412771388
8.550585	-1.25430725177187
8.55742	-1.36505882433292
8.564255	-1.45264444104042
8.57109	-1.51205395028707
8.577925	-1.49699173641876
8.58476	-1.46403556840114
8.591595	-1.46339001717204
8.59843	-1.59451987908433
8.605265	-1.74885458547845
8.6121	-1.77209313343809
8.618935	-1.48413904477934
8.62577	-0.986756730072713
8.632605	-0.467940947901445
8.63944	0.0229100216891671
8.646275	0.174564653452491
8.65311	0.28385401359105
8.659945	0.378657359703317
8.66678	0.657147252531574
8.673615	0.956808762727534
8.68045	1.26927629820901
8.687285	1.51470178300431
8.69412	1.72274233316719
8.700955	1.90416620986234
8.70779	2.07339461273564
8.714625	2.1125243504893
8.72146	2.08627063755202
8.728295	2.04817209659102
8.73513	2.01073855117322
8.741965	1.95722390982676
8.7488	1.86330657629498
8.755635	1.65397686810537
8.76247	1.42006954685642
8.769305	1.18616222560742
8.77614	0.987275410392818
8.782975	0.871795628779341
8.78981	0.859391452652503
8.796645	0.921066224495195
8.80348	1.03402991186035
8.810315	1.1882323969184
8.81715	1.21481277433306
8.823985	1.21453147992199
8.83082	1.19503920315124
8.837655	1.17554692638049
8.84449	1.1880664721045
8.851325	1.22898443861425
8.85816	1.31847170924358
8.864995	1.40860647553342
8.87183	1.49826809684612
8.878665	1.58598334231447
8.8855	1.65159688405594
8.892335	1.70639744271016
8.89917	1.75069807173458
8.906005	1.79422028005003
8.91284	1.78204489868612
8.919675	1.69167161547629
8.92651	1.56163582030567
8.933345	1.44262819196532
8.94018	1.33968934482139
8.947015	1.32905719385553
8.95385	1.39228751082856
8.960685	1.51118689915357
8.96752	1.61573638365121
8.974355	1.72028586814887
8.98119	1.75279676137292
8.988025	1.44357837078244
8.99486	1.13435998019196
9.001695	0.855902494553923
9.00853	0.670725865231833
9.015365	0.622554521408069
9.0222	0.592815091091217
9.029035	0.522820097232628
9.03587	0.280856996639932
9.042705	0.029908678488119
9.04954	-0.191594466633998
9.056375	-0.100724705270081
9.06321	0.0122687967100779
9.070045	0.125521556211961
9.07688	0.348796726495055
9.083715	0.551845921220928
9.09055	0.731206756186972
9.097385	0.833984215523652
9.10422	0.884246471260091
9.111055	0.898684522644847
9.11789	0.895140472322893
9.124725	0.951621019717862
9.13156	1.03510842315072
9.138395	1.11927961829714
9.14523	1.07463871377545
9.152065	1.00706388888214
9.1589	0.977825473726023
9.165735	0.960481793666556
9.17257	0.94941733078322
9.179405	0.944987267880778
9.18624	0.9316594868328
9.193075	0.916287460226037
9.19991	0.899453221196756
9.206745	0.935954087680141
9.21358	0.947642713047027
9.220415	0.939782673132191
9.22725	0.988513365059056
9.234085	0.964697969113576
9.24092	0.872248033154753
9.247755	0.652516913193613
9.25459	0.570824868098673
9.261425	0.556463945826627
9.26826	0.541401731958323
9.275095	0.535585937602271
9.28193	0.477887527999009
9.288765	0.28030672255008
9.2956	0.0159411795053027
9.302435	-0.307027581893613
9.30927	-0.709277293435378
9.316105	-0.490290890705368
9.32294	-0.500002029325299
9.329775	-0.911111866671949
9.33661	-0.728427350277455
9.343445	-0.433090255543788
9.35028	-0.0602183100760785
9.357115	-0.00174147976383962
9.36395	0.0526390817051756
9.370785	0.078384649899893
9.37762	-0.0935017907148699
9.384455	-0.281558122959529
9.39129	-0.463704679996479
9.398125	-0.583316378362422
9.40496	-0.525471488259385
9.411795	-0.410549110317605
9.41863	-0.323719877429735
9.425465	-0.253184331638341
9.4323	-0.226088679899266
9.439135	-0.276591396987109
9.44597	-0.327867997777295
9.452805	-0.315625209457736
9.45964	-0.211961737540585
9.466475	-0.359262787370357
9.47331	-0.520517077019258
9.480145	-0.68177136666816
9.48698	-0.843025656317061
9.493815	-0.917242010773112
9.50065	-0.967720746540155
9.507485	-1.44793956516499
9.51432	-1.88783865401137
9.521155	-2.09824816977895
9.52799	-1.2955207718564
9.534825	-1.12388127403104
9.54166	-1.26420246323221
9.548495	-1.55747262737394
9.55533	-1.71048576855106
9.562165	-1.71837238236188
9.569	-1.49864126240073
9.575835	-1.17831109442921
9.58267	-0.889541640864633
9.589505	-0.676898621547365
9.59634	-0.481514375451236
9.603175	-0.259490770854259
9.61001	-0.00520386396645959
9.616845	0.249967759214219
9.62368	0.407824479040954
9.630515	0.477910213032156
9.63735	0.494744452061437
9.644185	0.487166354701472
9.65102	0.461617822223276
9.657855	0.421747256101295
9.66469	0.316825088916163
9.671525	0.182151176681916
9.67836	0.0474772644476686
9.685195	-0.0878700691992542
9.69203	-0.265270269157258
9.698865	-0.54170619426966
9.7057	-0.916413682991236
9.712535	-1.12995438147741
9.71937	-1.03692306052612
9.726205	-0.963196054642326
9.73304	-0.963544107865235
9.739875	-1.05391739107506
9.74671	-1.14342086529952
9.753545	-1.23336766988611
9.76038	-1.3200957923405
9.767215	-1.34490414459418
9.77405	-1.08568940036224
9.780885	-0.632541604012006
9.78772	-0.188649301187209
9.794555	0.141284413532731
9.80139	0.397238994429012
9.808225	0.586845686653544
9.81506	0.776452378878077
9.821895	0.857483317292635
9.82873	0.655472448941231
9.835565	0.408735769229807
9.8424	0.184769677651323
9.849235	0.0217433628414446
9.85607	-0.0578772146549182
9.862905	-0.126986195933019
9.86974	-0.196095177211131
9.876575	-0.256681067462586
9.88341	-0.329748911097398
9.890245	-0.412579744856496
9.89708	-0.411693732276007
9.903915	-0.352953107435421
9.91075	-0.249895001831476
9.917585	-0.13737140410944
9.92442	-0.362320729839076
9.931255	-0.771658542024748
9.93809	-1.18099635421042
9.944925	-1.36050237338864
9.95176	-1.371480633146
9.958595	-1.15352153834583
9.96543	-0.934858559374191
9.972265	-0.71630706113689
9.9791	-0.498347966336727
9.985935	-0.27961952484085
9.99277	-0.0995541575595007
9.999605	0.0236015911283963
10.00644	0.153435813575879
10.013275	0.276038047454898
10.02011	0.390134042046184
10.026945	0.492025488802358
10.03378	0.384198341086323
10.040615	0.117957718015683
10.04745	-0.0362084709893103
10.054285	-0.0254032656276996
10.06112	0.091996966077944
10.067955	0.252365243146357
10.07479	0.372373605520558
10.081625	0.462301613936821
10.08846	0.511032305863687
10.095295	0.556331076346744
10.10213	0.548999273632423
10.108965	0.427615550105503
10.1158	0.109247961573382
10.122635	-0.186203854613594
10.12947	-0.389100735545454
10.136305	-0.391756828855506
10.14314	-0.373917318785744
10.149975	-0.351767004273532
10.15681	-0.180428245173393
10.163645	-0.00806930772528941
10.17048	0.148649919724871
10.177315	0.0928311271540971
10.18415	0.0138800822075873
10.190985	-0.136601409269887
10.19782	-0.623022315958138
10.204655	-1.12090823840071
10.21149	-1.55424422308467
10.218325	-1.73676281466529
10.22516	-1.38551165022169
10.231995	-0.961591250582875
10.23883	-0.781730696743686
10.245665	-0.681913958305119
10.2525	-0.670248666115179
10.259335	-0.782772263837234
10.26617	-0.864103292833145
10.273005	-0.804956281827235
10.27984	-0.571048960578318
10.286675	-0.336276367350573
10.29351	-0.144707743830427
10.300345	0.00211303144037563
10.30718	0.077424100781908
10.314015	0.119946223207303
10.32085	0.136904257703209
10.327685	0.13601824512272
10.33452	0.133960388544043
10.341355	0.130775409889675
10.34819	0.125459334406745
10.355025	0.111675260120534
10.36186	0.101109867966516
10.368695	0.107311956029936
10.37553	0.0877075503810485
10.382365	0.0420860042834433
10.3892	-0.0411991782824867
10.396035	-0.0517295706710635
10.40287	-0.0503833759895164
10.409705	-0.0459533130870748
10.41654	-0.0533920595291124
10.423375	-0.0683661258400341
10.43021	-0.0903803301533378
10.437045	-0.10810058176311
10.44388	-0.122300116227878
10.450715	-0.135579286490535
10.45755	-0.163931689066161
10.464385	-0.0245995673103639
10.47122	0.211110241858412
10.478055	0.459193764395142
10.48489	0.584937551293669
10.491725	0.619311209811328
10.49856	0.527165901440512
10.505395	0.486772283268449
10.51223	0.477247161920347
10.519065	0.502941526754517
10.5259	0.528635891588678
10.532735	0.483068789570636
10.53957	0.330674625726594
10.546405	0.138427395643339
10.55324	-0.0270955691007578
10.560075	-0.159414126750134
10.56691	-0.23915525899411
10.573745	-0.275690477099121
10.58058	-0.272817255614626
10.587415	-0.229402639170684
10.59425	-0.19921015633463
10.601085	-0.192812328842314
10.60792	-0.269895423344798
10.614755	-0.3482112873631
10.62159	-0.465196707034029
10.628425	-0.707964154087829
10.63526	-1.02096187120127
10.642095	-1.33000396667693
10.64893	-1.58251755211618
10.655765	-1.58767159164803
10.6626	-1.58735918633435
10.669435	-1.65292411729051
10.67627	-1.92412044788887
10.683105	-2.14984949061511
10.68994	-2.29869960413715
10.696775	-2.44754971765923
10.70361	-2.59639983118132
10.710445	-2.72436804761619
10.71728	-2.5524816070014
10.724115	-2.33472084420539
10.73095	-2.08380493324375
10.737785	-1.81534312135579
10.74462	-1.41273109742737
10.751455	-0.981449728603004
10.75829	-0.681977476397951
10.765125	-0.54394164225073
10.77196	-0.45951637473305
10.778795	-0.374459167006143
10.78563	-0.289401959279236
10.792465	-0.202427542179216
10.7993	-0.112054258969377
10.806135	0.0300117333529792
10.81297	0.139861089738462
10.819805	0.200109945211668
10.82664	0.206132497441304
10.833475	0.150200927848565
10.84031	0.0355034558069017
10.847145	-0.0876522928810161
10.85398	-0.196878134926717
10.860815	-0.296639781141953
10.86765	-0.400303253059121
10.874485	-0.758613351675433
10.88132	-1.23888596623602
10.888155	-1.67126010551432
10.89499	-1.49689127412908
10.901825	-1.09487359806933
10.90866	-0.68376376072261
10.915495	-0.0610978412184467
10.92233	0.570872830740148
10.929165	1.12108664322358
10.936	0.811861771195074
10.942835	0.404346539387044
10.94967	0.0269051800988937
10.956505	0.0466275479202219
10.96334	0.0150597039314127
10.970175	-0.0819836271685611
10.97701	0.174074008592649
10.983845	0.548257797120214
10.99068	0.94201941740086
10.997515	0.681531718737206
11.00435	0.414277398756669
11.011185	0.146844191086055
11.01802	-0.103011356611652
11.024855	-0.25657671631009
11.03169	-0.350717659454361
11.038525	-0.383500124932429
11.04536	-0.330820940949715
11.052195	-0.250640367206447
11.05903	-0.162039109157585
11.065865	-0.0551913067298885
11.0727	0.00777456757100496
11.079535	-0.00108555823388118
11.08637	-0.130503024215185
11.093205	-0.198508216594563
11.10004	-0.188281155506365
11.106875	-0.397380124501678
11.11371	-0.715648547031767
11.120545	-1.10538454614371
11.12738	-1.25866472256824
11.134215	-1.25458595360773
11.14105	-1.15255839665264
11.147885	-1.04978093731599
11.15472	-0.844824903517831
11.161555	-0.591664470561875
11.16839	-0.330290759317821
11.175225	-0.00931374382954729
11.18206	0.327358722023734
11.188895	0.657841414545988
11.19573	0.720183126363317
11.202565	0.689918051421178
11.2094	0.591570654986941
11.216235	0.280657368348238
11.22307	0.0145541517640577
11.229905	-0.17150849013849
11.23674	-0.110314640998625
11.243575	-0.0460991454430365
11.25041	0.0160993265935283
11.257245	0.0533118549740501
11.26408	-0.0649679078740143
11.270915	-0.250999438874024
11.27775	-0.196066658883729
11.284585	0.0621330921506528
11.29142	0.369646216392035
11.298255	0.484827851855516
11.30509	0.554482570216861
11.311925	0.608778872991307
11.31876	0.663711652981601
11.325595	0.502513103699846
11.33243	0.259709360593006
11.339265	-0.0441929545145893
11.3461	-0.0839896322428647
11.352935	-0.0409820501080357
11.35977	0.0697695224530413
11.366605	0.135142602843096
11.37344	0.198489585700913
11.380275	0.261039999823216
11.38711	0.315086767233021
11.393945	0.262765358630269
11.40078	0.130297079762102
11.407615	-0.0194390463404738
11.41445	-0.319732496745592
11.421285	-0.689890664104736
11.42812	-1.01328525598297
11.434955	-0.835677650007634
11.44179	-0.467982429104859
11.448625	-0.100287208202205
11.45546	0.239804864362716
11.462295	0.353689564073816
11.46913	0.0338390225174256
11.475965	-0.286011519038965
11.4828	-0.348160084002571
11.489635	-0.0389416934120439
11.49647	0.0387960263327689
11.503305	0.0554915625879333
11.51014	0.0209552199754091
11.516975	-0.0127132580831582
11.52381	-0.0498389351939032
11.530645	-0.0906292173741896
11.53748	-0.140245921881552
11.544315	-0.178675664326551
11.55115	-0.199242563524843
11.557985	-0.163802060305299
11.56482	-0.207712506759532
11.571655	-0.284581065662816
11.57849	-0.360778147584812
11.585325	-0.43766550265842
11.59216	-0.493188741654427
11.598995	-0.502048867459313
11.60583	-0.483702508934579
11.612665	-0.598504980272543
11.6195	-0.928987672794797
11.626335	-1.45737913153083
11.63317	-1.70306063312891
11.640005	-1.60382722411419
11.64684	-1.50459381509949
11.653675	-1.25291698331159
11.66051	-0.897132701100667
11.667345	-0.87586839916894
11.67418	-0.863815516984037
11.681015	-0.857613428920617
11.68785	-0.851411340857197
11.694685	-0.844601942049143
11.70152	-0.837710877121743
11.708355	-0.831508789058325
11.71519	-1.08836104912358
11.722025	-1.28552833882534
11.72886	-1.14288031336673
11.735695	-1.00023228790806
11.74253	-0.857912223214418
11.749365	-0.716150210336239
11.7562	-0.573584499140766
11.763035	-0.430936473682099
11.76987	-0.288288448223432
11.776705	-0.496781402761689
11.78354	-0.657475048019892
11.790375	-0.762528140253471
11.79721	-0.784678454765687
11.804045	-0.807353117615587
11.81088	-0.830389444708284
11.817715	-0.853425771800988
11.82455	-0.876462098893684
11.831385	-0.899318890152595
11.83822	-0.921469204664803
11.845055	-0.91216639664158
11.85189	-0.843278432400723
11.858725	-0.647469652112804
11.86556	-0.45166087182482
11.872395	-0.272927440061378
11.87923	-0.125849351700268
11.886065	-0.0770460676673133
11.8929	-0.0407195518672922
11.899735	-0.0043930360672589
11.90657	0.0319334797327623
11.913405	0.0682599955327955
11.92024	0.105084285774523
11.927075	0.155587002862374
11.93391	0.207103416860162
11.940745	0.259378159108973
11.94758	0.311652901357802
11.954415	0.363927643606613
11.96125	0.416202385855441
11.968085	0.468477128104269
11.97492	0.52075187035308
11.981755	0.572799114126597
11.98859	0.624187843794919
11.995425	0.639008300024223
12.00226	0.633777779523465
12.009095	0.607197402108806
12.01593	0.580617024694148
12.022765	0.554036647279498
12.0296	0.52745626986484
12.036435	0.500041731374046
12.04327	0.472999227426916
12.050105	0.446418850012258
12.05694	0.419838472597608
12.063775	0.401577020911239
12.07061	0.393063652041657
12.077445	0.415213966553872
12.08428	0.437919092162567
12.091115	0.460810883186911
12.09795	0.482961197699126
12.104785	0.505731785832057
12.11162	0.475848467590642
12.118455	0.275609624400282
12.12529	0.334579044003767
12.132125	0.469252956238036
12.13896	0.603926868472261
12.145795	0.738600780706531
12.15263	0.873274692940756
12.159465	1.00794860517503
12.1663	0.878024290738764
12.173135	0.689868144348249
12.17997	0.459504873421208
12.186805	0.118876137786423
12.19364	-0.200533665983039
12.200475	-0.490485981990444
12.20731	-0.641108120673508
12.214145	-0.791192948142802
12.22098	-0.941056110430973
12.227815	-1.09167824911404
12.23465	-1.21095615342074
12.241485	-1.30645819855407
12.24832	-1.36936509176874
12.255155	-1.31065298525555
12.26199	-1.21230558882131
12.268825	-1.11395819238711
12.27566	-1.06036642192792
12.282495	-1.02027030176205
12.28933	-0.987487836283971
12.296165	-0.954705370805892
12.303	-0.959644874738521
12.309835	-1.01280562956784
12.31667	-1.09882209012509
12.323505	-1.15112081369469
12.33034	-1.1683212539734
12.337175	-1.14174087655875
12.34401	-1.11568031047514
12.350845	-1.08998594564098
12.35768	-1.06429158080681
12.364515	-1.03859721597265
12.37135	-1.01307784996564
12.378185	-0.988269497711962
12.38502	-0.977126609428309
12.391855	-0.968038985148111
12.39869	-0.951204746118833
12.405525	-0.899276760805313
12.41236	-0.835050894948854
12.419195	-0.7632838759293
12.42603	-0.489066547059003
12.432865	-0.187822269692974
12.4397	0.113422007673156
12.446535	0.431608764083784
12.45337	0.736594127488379
12.460205	1.02197119638123
12.46704	1.1380388444252
12.473875	1.21643313384383
12.48071	1.26448521920758
12.487545	1.29903970984663
12.49438	1.33132310459539
12.501215	1.36201854702359
12.50805	1.39125696217972
12.514885	1.35717172765499
12.52172	1.26481058739734
12.528555	1.07431788259235
12.53539	0.781815120714932
12.542225	0.472924690889387
12.54906	0.186742627391659
12.555895	-0.0474764510272114
12.56273	-0.24969926240256
12.569565	-0.41626962753442
12.5764	-0.435996532362327
12.583235	-0.414710841685062
12.59007	-0.358456496477781
12.596905	-0.260109100043577
12.60374	-0.195213701637266
12.610575	-0.161728000131519
12.61741	-0.168816100775428
12.624245	-0.223227773147061
12.63108	-0.306512955712963
12.637915	-0.389798138278893
12.64475	-0.343162895271361
12.651585	-0.214022186694469
12.65842	-0.000493154796712461
12.665255	0.229384656420827
12.67209	0.421642904948808
12.678925	0.517332263641546
12.68576	0.456969334858778
12.692595	0.367145677595022
12.69943	0.276772394385183
12.706265	0.198580973977307
12.7131	0.148421773105756
12.719935	0.130701521495984
12.72677	0.150717498460609
12.733605	0.198199865420383
12.74044	0.270309104368636
12.747275	0.34739219887112
12.75411	0.264643031231352
12.760945	0.0622024435377671
12.76778	-0.225751645121033
12.774615	-0.514303970511114
12.78145	-0.795249680213937
12.788285	-1.0468772530727
12.79512	-1.06289159018951
12.801955	-0.963745032444564
12.80879	-0.774138340220063
12.815625	-0.604948177831188
12.82246	-0.448122006653292
12.829295	-0.305473981194672
12.83613	-0.173156071689061
12.842965	-0.0420262097767891
12.8498	0.0891036521355262
12.856635	0.220233514047798
12.86347	0.350913564159924
12.870305	0.48115741349175
12.87714	0.611401262823533
12.883975	0.738553466208813
12.89081	0.863481240057666
12.897645	0.988409013906561
12.90448	1.03900247112701
12.911315	1.04898647828856
12.91815	1.05253052861052
12.924985	1.028288005898
12.93182	0.993497590914179
12.938655	0.958057087694646
12.94549	0.923328246372232
12.952325	0.895102879982241
12.95916	0.879154653533451
12.965995	0.867092049191481
12.97283	0.836864566589996
12.979665	0.780159761438724
12.9865	0.694807000137053
12.993335	0.607977767249197
13.00017	0.521126497471966
13.007005	0.433411252003622
13.01384	0.327776126633752
13.020675	0.214114388391362
13.02751	0.154751545498625
13.034345	0.152838873132114
13.04118	0.181248960506325
13.048015	0.19719718695512
13.05485	0.172279946542324
13.061685	0.130418930797307
13.06852	0.0878903269338533
13.075355	0.0460558850848273
13.08219	-0.00353554181416803
13.089025	-0.0699864853507921
13.09586	-0.137956677964735
13.102695	-0.333342868492214
13.10953	-0.724074416487694
13.116365	-1.11398087742029
13.1232	-1.34619783962757
13.130035	-1.39892757882702
13.13687	-1.36791713850993
13.143705	-1.33690669819283
13.15054	-1.28706638407295
13.157375	-1.0177185596045
13.16421	-0.732544359722379
13.171045	-0.459717947456198
13.17788	-0.309981821353621
13.184715	-0.160245695251045
13.19155	-0.0283918567093624
13.198385	0.0424891497297269
13.20522	0.0226974305213875
13.212055	-0.0251472488249978
13.21889	-0.0729919281713672
13.225725	-0.0607245103872447
13.23256	-0.0371340203418577
13.239395	-0.0140976932491613
13.24623	0.00893863384354265
13.253065	0.0164797870066615
13.2599	0.00496162346030952
13.266735	-0.0379863294445317
13.27357	-0.0818637205647351
13.280405	-0.127686839385487
13.28724	-0.197681833244064
13.294075	-0.303596956737395
13.30091	-0.436200049516855
13.307745	-0.584164150458454
13.31458	-0.749345543417683
13.321415	-0.923187433890013
13.32825	-1.09773191224627
13.335085	-1.27161722835349
13.34192	-1.40844038544285
13.348755	-1.4509689893063
13.35559	-1.43770148563212
13.362425	-1.41169277105286
13.36926	-1.38511239363821
13.376095	-1.31665738945865
13.38293	-1.19678124842058
13.389765	-1.01514866942041
13.3966	-0.833516090420243
13.403435	-0.66791340398827
13.41027	-0.518212277651127
13.417105	-0.369362164129089
13.42394	-0.220512050607001
13.430775	-0.0716619370849135
13.43761	0.0771881764371246
13.444445	0.0831407291358864
13.45128	-0.011467525691259
13.458115	-0.209048331140221
13.46495	-0.535603272208258
13.471785	-0.911272606335431
13.47862	-1.2869419404626
13.485455	-1.66190414969915
13.49229	-2.02451662688855
13.499125	-2.36297343263509
13.50596	-2.63112478364088
13.512795	-2.82373821497362
13.51963	-2.92208561140782
13.526465	-3.02043300784206
13.5333	-3.11878040427626
13.540135	-3.2171278007105
13.54697	-3.3154751971447
13.553805	-3.41332935614386
13.56064	-3.4735406192764
13.567475	-3.17318235449085
13.57431	-2.8130431940587
13.581145	-2.41788158316091
13.58798	-2.02271997226299
13.594815	-1.71868608396312
13.60165	-1.50699583603825
13.608485	-1.46535324475529
13.61532	-1.42371065347234
13.622155	-1.38234741216903
13.62899	-1.34159083346657
13.635825	-1.30007916723207
13.64266	-1.26050545097246
13.649495	-1.22417893517244
13.65633	-1.19441681982243
13.663165	-1.16517840466632
13.67	0
14.0369696969697	0
14.4039393939394	0
14.7709090909091	0
15.1378787878788	0
15.5048484848485	0
15.8718181818182	0
16.2387878787879	0
16.6057575757576	0
16.9727272727273	0
17.339696969697	0
17.7066666666667	0
18.0736363636364	0
18.4406060606061	0
18.8075757575758	0
19.1745454545455	0
19.5415151515151	0
19.9084848484849	0
20.2754545454545	0
20.6424242424242	0
21.0093939393939	0
21.3763636363636	0
21.7433333333333	0
22.110303030303	0
22.4772727272727	0
22.8442424242424	0
23.2112121212121	0
23.5781818181818	0
23.9451515151515	0
24.3121212121212	0
24.6790909090909	0
25.0460606060606	0
25.4130303030303	0
25.78	0
26.1469696969697	0
26.5139393939394	0
26.8809090909091	0
27.2478787878788	0
27.6148484848485	0
27.9818181818182	0
28.3487878787879	0
28.7157575757576	0
29.0827272727273	0
29.449696969697	0
29.8166666666667	0
30.1836363636364	0
30.5506060606061	0
30.9175757575758	0
31.2845454545455	0
31.6515151515151	0
32.0184848484849	0
32.3854545454545	0
32.7524242424242	0
33.1193939393939	0
33.4863636363636	0
33.8533333333333	0
34.220303030303	0
34.5872727272727	0
34.9542424242424	0
35.3212121212121	0
35.6881818181818	0
36.0551515151515	0
36.4221212121212	0
36.7890909090909	0
37.1560606060606	0
37.5230303030303	0
37.89	0
38.2569696969697	0
38.6239393939394	0
38.9909090909091	0
39.3578787878788	0
39.7248484848485	0
40.0918181818182	0
40.4587878787879	0
40.8257575757576	0
41.1927272727273	0
41.559696969697	0
41.9266666666667	0
42.2936363636364	0
42.6606060606061	0
43.0275757575758	0
43.3945454545455	0
43.7615151515151	0
44.1284848484848	0
44.4954545454545	0
44.8624242424242	0
45.2293939393939	0
45.5963636363636	0
45.9633333333333	0
46.330303030303	0
46.6972727272727	0
47.0642424242424	0
47.4312121212121	0
47.7981818181818	0
48.1651515151515	0
48.5321212121212	0
48.8990909090909	0
49.2660606060606	0
49.6330303030303	0
50	0
