time	Medstackabschange
0	1.29572049494914
0.006835	1.46928998051978
0.01367	1.4897015298155
0.020505	-0.130708234851997
0.02734	-0.0335488097839691
0.034175	0.15194180130399
0.04101	0.864713252850958
0.047845	0.0250396184905862
0.05468	0.133125490781835
0.061515	1.87039681774672
0.06835	0.850592574577598
0.075185	0.400202243004762
0.08202	0.100188501986317
0.088855	-1.61267754849442
0.09569	-2.51653608409734
0.102525	-3.47101436111295
0.10936	-2.91759412578534
0.116195	-1.96649400146671
0.12303	-0.843922599752566
0.129865	-0.250418705923841
0.1367	-0.562214692848737
0.143535	-0.955829538094392
0.15037	-2.5525584523561
0.157205	-2.03394445031633
0.16404	-1.62194494739313
0.170875	-1.25953672606154
0.17771	-1.21518158115023
0.184545	-1.1907612906541
0.19138	-1.18257114711543
0.198215	-0.0604238912399135
0.20505	0.312160076715576
0.211885	0.248988621282118
0.21872	-0.0721122995714476
0.225555	-0.0761285477778538
0.23239	0.0540091546186523
0.239225	0.235978979895765
0.24606	0.194052351423296
0.252895	0.105319540582723
0.25973	0.356665361746734
0.266565	0.344031070660041
0.2734	0.318353356660028
0.280235	0.248988621282121
0.28707	-0.442842037046591
0.293905	-0.836389319238315
0.30074	0.197678235318054
0.307575	-0.153244266843825
0.31441	-0.00414011380529936
0.321245	1.53174827038387
0.32808	1.73099171645152
0.334915	1.23735352335139
0.34175	-0.423177434847199
0.348585	-0.577791730284795
0.35542	-0.401474680520622
0.362255	0.0386160388294333
0.36909	-1.21569205755778
0.375925	-0.72874260679767
0.38276	0.274643814264155
0.389595	0.931116474364519
0.39643	0.541082470977655
0.403265	0.0865182440725488
0.4101	1.23927907038867
0.416935	1.19116666897774
0.42377	1.0993672461889
0.430605	0.55685093706654
0.43744	0.929123364273303
0.444275	0.797908406516759
0.45111	-1.02863998922322
0.457945	0.345697625990552
0.46478	0.753478191545526
0.471615	0.161760965143202
0.47845	0.665627453909171
0.485285	0.538075915077343
0.49212	-0.0742668102915201
0.498955	-2.50399187708257
0.50579	-0.861575324345753
0.512625	2.47585937212273
0.51946	0.183914139829379
0.526295	-0.0620378975284676
0.53313	-0.120446157659182
0.539965	-0.78406548746515
0.5468	-0.304484163087444
0.553635	0.136237144766047
0.56047	0.346478354613852
0.567305	-0.912221340279434
0.57414	-1.48566276059112
0.580975	-0.00756330853822853
0.58781	0.009871712881163
0.594645	0.221411634765799
0.60148	0.957071947586286
0.608315	-0.62030015172174
0.61515	-1.01420026319515
0.621985	-0.715646634842389
0.62882	-0.465179133379599
0.635655	-0.106359260912795
0.64249	0.428574972156368
0.649325	1.60777547358081
0.65616	0.527378431536928
0.662995	-1.02350895062683
0.66983	1.16298536847897
0.676665	0.987539131410005
0.6835	0.695047410396837
0.690335	-0.705384557649576
0.69717	-0.64825999554371
0.704005	-0.566275983091109
0.71084	-0.269246276954984
0.717675	0.275844935223073
0.72451	0.559880013984835
0.731345	0.572244052855756
0.73818	1.10684047065521
0.745015	1.30224032965433
0.75185	1.30598257214195
0.758685	1.23553682790101
0.76552	1.1321278203436
0.772355	0.967334024779091
0.77919	0.96733402477911
0.786025	1.09615424762378
0.79286	1.27519634056351
0.799695	1.67716648347972
0.80653	0.0564977271054102
0.813365	-1.68124654123702
0.8202	-3.24524866287108
0.827035	-2.46955724059137
0.83387	-1.66673925215503
0.840705	0.146367849353983
0.84754	-0.293730377002071
0.854375	-0.472156895450352
0.86121	-0.151232389237627
0.868045	-1.2429312288044
0.87488	-0.958021583844444
0.881715	1.19823076161743
0.88855	0.979934534338811
0.895385	0.567844947343701
0.90222	-0.166625505026849
0.909055	-0.909458762073901
0.91589	-0.114230356696761
0.922725	1.26493426337072
0.92956	0.564027634796107
0.936395	0.668562693252533
0.94323	0.842668929751704
0.950065	1.21875491600303
0.9569	1.41782945443583
0.963735	1.39307134867002
0.97057	-0.695122480456761
0.977405	-0.367276514718239
0.98424	0.768691139190927
0.991075	5.78024822820881
0.99791	1.9545803829554
1.004745	-0.465873531433984
1.01158	-2.91173115410456
1.018415	-0.692847857640817
1.02525	-0.329737731248839
1.032085	-1.02863998922321
1.03892	-0.203466136938875
1.045755	-0.330537227387122
1.05259	-0.792612213788493
1.059425	-2.87444010183299
1.06626	-1.85980818579318
1.073095	-0.402653280461566
1.07993	-1.01207202699606
1.086765	-0.999460256927334
1.0936	-0.880575556514764
1.100435	0.618423400223429
1.10727	0.615341774263177
1.114105	0.613998020190381
1.12094	0.61842340022343
1.127775	0.0577851786332716
1.13461	0.101776233753883
1.141445	1.27519634056353
1.14828	1.33279384404695
1.155115	1.01840043304839
1.16195	0.182285119528831
1.168785	-0.222732867820622
1.17562	0.255497195478279
1.182455	1.26493426337072
1.18929	1.6373755982123
1.196125	1.56055640588307
1.20296	1.40347230547371
1.209795	1.07995788219327
1.21663	1.34307844225777
1.223465	1.45309361508926
1.2303	-1.93683382078724
1.237135	-0.756642394571707
1.24397	0.127086104460239
1.250805	0.367002508999477
1.25764	-0.0462018683856416
1.264475	-0.178557891053163
1.27131	0.182285119528826
1.278145	-0.606536056233049
1.28498	-2.15388388507098
1.291815	-5.62091953300755
1.29865	-1.85332213261492
1.305485	-0.701349541928205
1.31232	-0.264115238358583
1.319155	-2.37306593905672
1.32599	-1.71412347398465
1.332825	-0.356473933093909
1.33966	-1.97523966344884
1.346495	-2.07497774507563
1.35333	-2.05187118062829
1.360165	-0.479618859407657
1.367	0.303451949763354
1.373835	0.906467220185592
1.38067	0.818533905483276
1.387505	0.821791946084388
1.39434	0.828075310100767
1.401175	0.849320137061712
1.40801	0.412862808612443
1.414845	0.0519860165034605
1.42168	-0.505274052389694
1.428515	0.269861851446424
1.43535	0.40300235624026
1.442185	0.228464466896485
1.44902	0.166929538769577
1.455855	0.136436080424872
1.46269	0.105319540582722
1.469525	0.095770628959273
1.47636	0.27494409450389
1.483195	0.480718635785671
1.49003	0.6697337861875
1.496865	0.672511378405016
1.5037	0.674463199963241
1.510535	0.6697337861875
1.51737	0.600286473743666
1.524205	0.278130818548058
1.53104	-1.27492984185077
1.537875	-1.29968044061062
1.54471	-1.04408565405439
1.551545	-0.130708234851995
1.55838	0.131590308056209
1.565215	0.082261771674359
1.57205	-0.223066929587317
1.578885	-0.613821605549547
1.58572	0.336159974876128
1.592555	2.05511420721732
1.59939	0.162504158736557
1.606225	-0.4869794787841
1.61306	-1.05942622080163
1.619895	-1.06447843583515
1.62673	0.953333458601679
1.633565	2.71296064941445
1.6404	1.24441010898509
1.647235	-0.518527671470874
1.65407	-1.56469651968834
1.660905	-0.571977554143006
1.66774	-0.513591815030268
1.674575	-0.316450330640729
1.68141	0.331085238824635
1.688245	0.327271679780051
1.69508	0.321641425285075
1.701915	0.310561084439007
1.70875	0.268634455966536
1.715585	0.259250698474928
1.72242	0.259250698474938
1.729255	0.259250698474936
1.73609	0.259250698474926
1.742925	0.259250698474936
1.74976	0.259250698474938
1.756595	0.202602831249636
1.76343	0.124087055565927
1.770265	-0.428308473443608
1.7771	0.310193241145323
1.783935	0.651559324677777
1.79077	-0.946543371680721
1.797605	-1.01987180622304
1.80444	-0.999126195160654
1.811275	-0.736170789228032
1.81811	-0.294417268050445
1.824945	0.0227462281596345
1.83178	0.443968087945592
1.838615	0.517611816739649
1.84545	0.467712747902339
1.852285	0.331085238824637
1.85912	0.326614816755622
1.865955	0.325954200228229
1.87279	0.325954200228228
1.879625	0.379298984816464
1.88646	0.686643317187358
1.893295	1.06133300032399
1.90013	3.52772228438608
1.906965	2.92010521929014
1.9138	2.28608226061265
1.920635	0.833927021272493
1.92747	1.5998555822579
1.934305	1.88566982144008
1.94114	1.0648237581108
1.947975	-0.263976358747675
1.95481	-1.65078311091634
1.961645	-4.26119430495968
1.96848	-2.69712462027159
1.975315	-2.35796559650132
1.98215	-2.59360676112739
1.988985	-0.732379751201363
1.99582	-0.411770539240412
2.002655	-0.418046396250794
2.00949	0.0235344637889399
2.016325	0.187239743484396
2.02316	0.336216277421043
2.029995	0.274688856300104
2.03683	0.745119140372019
2.043665	1.22374332148561
2.0505	2.13207978616342
2.057335	0.836085285495608
2.06417	-0.123445206553513
2.071005	-0.8849709085238
2.07784	0.227548612165302
2.084675	0.616876956988808
2.09151	0.177154080932417
2.098345	0.632123686161162
2.10518	0.8153021394032
2.112015	0.905761561622188
2.11885	0.555807463233485
2.125685	0.519068175902367
2.13252	0.57737509145215
2.139355	1.46492090303169
2.14619	0.828454413903414
2.153025	-0.0896599260807382
2.15986	-1.46676762650603
2.166695	-3.23659683846385
2.17353	-4.49483109898545
2.180365	2.09616251598866
2.1872	2.5111460537942
2.194035	2.315813757849
2.20087	-0.997853757644791
2.207705	-1.52271358867098
2.21454	-1.26883039948121
2.221375	0.792878712501271
2.22821	-0.169091556495642
2.235045	-0.973317108555698
2.24188	-2.19338575060764
2.248715	-1.69758553978144
2.25555	-1.46641479722431
2.262385	-1.24927464886874
2.26922	-0.531086892497611
2.276055	-0.343111462425859
2.28289	-0.212804852394512
2.289725	-0.217729448326104
2.29656	-0.161866063227102
2.303395	-0.0693121863359627
2.31023	0.957071947586296
2.317065	0.959999679923636
2.3239	0.961651221242197
2.330735	0.957071947586297
2.33757	1.06619754020757
2.344405	1.1049862401749
2.35124	1.00838233355037
2.358075	1.05261361286273
2.36491	0.958607130311928
2.371745	0.633816516012652
2.37858	-0.101956401897732
2.385415	-0.451985570346408
2.39225	-0.772088059402881
2.399085	-1.01651617454404
2.40592	-1.09772696537939
2.412755	-1.16204699272982
2.41959	-1.28745152784756
2.426425	-0.634687328707842
2.43326	0.0892845757810791
2.440095	0.0437470774258399
2.44693	-0.39999580033994
2.453765	-0.751916734298937
2.4606	-0.648943133089111
2.467435	-0.511106996046471
2.47427	-0.465637060745194
2.481105	-0.659205210281925
2.48794	-0.766743071135636
2.494775	-0.839726183402336
2.50161	-0.926019217295092
2.508445	-0.648560275783425
2.51528	-0.242949234960533
2.522115	0.479885358120442
2.52895	0.51462778185732
2.535785	0.408824039388051
2.54262	0.228464466896495
2.549455	-0.144566167915594
2.55629	-0.0103258867437601
2.563125	0.18741615812523
2.56996	0.258830306139324
2.576795	0.259250698474926
2.58363	0.239702454868433
2.590465	-0.0280874629238582
2.5973	-0.0218791689674146
2.604135	-0.0331171569393522
2.61097	-0.125577196255598
2.617805	-0.456486020439376
2.62464	-0.641815230898461
2.631475	-0.746432866420877
2.63831	-0.68077283850059
2.645145	-0.509080104428297
2.65198	-0.14097031204482
2.658815	-0.136728853658604
2.66565	-0.139570255427061
2.672485	-0.146101350641226
2.67932	-0.210789221285308
2.686155	-0.21569129619892
2.69299	-0.212804852394522
2.699825	-0.0528155406657157
2.70666	-0.158806958284838
2.713495	-0.270060787105274
2.72033	-0.387260164672337
2.727165	-0.366240547891151
2.734	-0.252929799428594
2.740835	0.454230165138385
2.74767	0.741692192136054
2.754505	0.890368445833041
2.76134	0.890368445832968
2.768175	0.800104205769772
2.77501	0.756143178673185
2.781845	0.726175210747947
2.78868	0.647513048447367
2.795515	0.623393038191007
2.80235	0.613292361627
2.809185	0.531946444683816
2.81602	0.636669178290125
2.822855	0.798009751097644
2.82969	0.79311142968703
2.836525	0.727297508144005
2.84336	0.665034400435679
2.850195	0.85445117565812
2.85703	0.613630176896753
2.863865	0.395994566145519
2.8707	0.110450579179127
2.877535	-0.657200839681726
2.88437	-1.09202164082445
2.891205	-1.10047452957289
2.89804	-0.976045905234356
2.904875	-0.929870311369608
2.91171	-0.941412333084274
2.918545	-0.824288025577194
2.92538	-0.689518500482764
2.932215	-0.474487820811253
2.93905	0.197028879299617
2.945885	0.411609138611539
2.95272	0.572244052855743
2.959555	0.749732195554918
2.96639	0.621673933818496
2.973225	0.462375266641104
2.98006	0.223333428300097
2.986895	-0.00627585701038272
2.99373	-0.199956611637003
3.000565	-0.228197968183743
3.0074	-0.0819539844286367
3.014235	0.157234240529211
3.02107	0.962202986182745
3.027905	0.965761307023479
3.03474	0.672928017237661
3.041575	-0.310294585726258
3.04841	-0.983594199760519
3.055245	-0.748932699416628
3.06208	0.25411965987854
3.068915	-0.104152201150769
3.07575	-0.136826444736526
3.082585	-0.079397848887925
3.08942	0.277470202020619
3.096255	-0.100019594351485
3.10309	-0.597632747125015
3.109925	0.0316345232556871
3.11676	0.0548086507569417
3.123595	0.0742442892735403
3.13043	0.146367849353975
3.137265	0.263327002729299
3.1441	0.259926329014314
3.150935	-0.253853161165758
3.15777	-0.755114718852103
3.164605	-0.861646640902671
3.17144	-0.351342894497488
3.178275	0.147347513636108
3.18511	0.375556742328815
3.191945	0.526064705488082
3.19878	0.943367908145597
3.205615	1.03403752653236
3.21245	1.03403752653236
3.219285	1.04322610186822
3.22612	1.03986296318314
3.232955	1.03403752653236
3.23979	1.1533989218256
3.246625	0.806530202900004
3.25346	0.43902472449901
3.260295	-0.125577196255597
3.26713	0.353643791834445
3.273965	0.715534029752472
3.2808	0.828795982676154
3.287635	-0.218161101170744
3.29447	-0.681958945447539
3.301305	-0.300032508533444
3.30814	0.995920703601523
3.314975	0.65566565695612
3.32181	-1.63410254359933
3.328645	-0.885383793853406
3.33548	-0.476068045572848
3.342315	-0.0383495401166737
3.34915	-1.19752885655704
3.355985	-1.96549556966952
3.36282	-2.82450349796582
3.369655	-1.61136382244552
3.37649	-1.10007665825525
3.383325	-0.617488777977281
3.39016	-0.161494466430435
3.396995	-0.161494466430435
3.40383	-0.141525830488317
3.410665	0.0437470774258391
3.4175	0.0795442355047935
3.424335	-0.0438559290127603
3.43117	-0.741301827824408
3.438005	-0.79580269133562
3.44484	-0.525287730367806
3.451675	0.377264586192285
3.45851	0.29701469212412
3.465345	0.243549795440001
3.47218	0.177154080932417
3.479015	-0.257614171168389
3.48585	-0.328803109002691
3.492685	-0.325687701515454
3.49952	-0.363853319985289
3.506355	-0.419420178347582
3.51319	-0.478661716143517
3.520025	-0.21793589099091
3.52686	-0.126399213411862
3.533695	-0.036675477780171
3.54053	0.105319540582722
3.547365	0.0517195177907085
3.5542	-0.0533898266242069
3.561035	-0.453963666425626
3.56787	-0.150207682919557
3.574705	0.0416413622447247
3.58154	0.228464466896485
3.588375	0.443577723633953
3.59521	0.506066041521984
3.602045	0.495278473909641
3.60888	0.490988219984522
3.615715	0.451861704747506
3.62255	0.387526663385097
3.629385	0.667688127054352
3.63622	0.560078949643632
3.643055	0.392657701981504
3.64989	0.518869240243561
3.656725	0.389981454344898
3.66356	0.231260826629006
3.670395	-0.392391203268776
3.67723	-0.450371564057842
3.684065	-0.406778380254883
3.6909	0.14123681075758
3.697735	0.43970786204439
3.70457	0.587637168644965
3.711405	0.587637168645011
3.71824	0.408576308190252
3.725075	0.22316827416824
3.73191	-0.094790964677154
3.738745	0.127221230568118
3.74558	0.0991975771952077
3.752415	-0.0434805787130805
3.75925	-0.15311289423894
3.766085	0.0986120307277091
3.77292	0.454230165138424
3.779755	1.0775669007844
3.78659	0.370534555319347
3.793425	-0.372283687715779
3.80026	-0.772088059402849
3.807095	-0.695381472163518
3.81393	-0.592738179217444
3.820765	-0.228197968183725
3.8276	-0.218209896709664
3.834435	-0.351046367760785
3.84127	-0.956805448873496
3.848105	-0.407953226692829
3.85494	-0.0908122515007136
3.861775	0.213071351107263
3.86861	0.760805029394937
3.875445	0.789376694205441
3.88228	0.567113014259336
3.889115	0.165112843319205
3.89595	0.538094682592346
3.902785	1.16744453003894
3.90962	0.847623553707238
3.916455	0.522540166174291
3.92329	0.190951957948066
3.930125	0.10531954058273
3.93696	0.190786803816217
3.943795	0.199187143522703
3.95063	-0.392391203268775
3.957465	0.188651060611151
3.9643	0.581466409718484
3.971135	0.833927021272562
3.97797	-0.327564453013822
3.984805	-0.826885449650796
3.99164	-0.854184676945429
3.998475	-0.945867741141291
4.00531	-0.865921880815855
4.012145	-0.633550017299917
4.01898	0.0125179324938191
4.025815	2.16294484130474
4.03265	5.3800272176894
4.039485	1.68886239881705
4.04632	1.15360161098733
4.053155	0.880106368640227
4.05999	2.12512454511069
4.066825	1.14881589466662
4.07366	0.216689727996009
4.080495	-0.854184676945359
4.08733	-0.854184676945358
4.094165	-0.854184676945428
4.101	-0.854184676945359
4.107835	-0.854184676945358
4.11467	-0.854184676945429
4.121505	-0.854184676945358
4.12834	-0.854184676945359
4.135175	-0.85418467694543
4.14201	-0.854184676945359
4.148845	-0.282811436784836
4.15568	-0.123201228858723
4.162515	-0.0486116173094843
4.16935	-0.0486116173094843
4.176185	-0.0486116173094882
4.18302	-0.0486116173094844
4.189855	-0.0486116173094843
4.19669	-0.0486116173094882
4.203525	-0.0486116173094844
4.21036	-0.0486116173094844
4.217195	-0.0486116173094882
4.22403	-0.0486116173094842
4.230865	-0.0486116173094844
4.2377	-0.232450687078934
4.244535	-0.375053772927264
4.25137	-0.571977554142982
4.258205	-0.575761085163643
4.26504	-0.577108592739389
4.271875	-0.577108592739389
4.27871	-0.335675772989545
4.285545	-0.258068345030984
4.29238	-0.21793589099091
4.299215	-0.222477629616863
4.30605	-0.220901158358255
4.312885	-0.217935890990911
4.31972	-0.15396493941919
4.326555	-0.143597764142455
4.33339	-0.134319104734763
4.340225	-0.0896599260807465
4.34706	-0.0545721800681479
4.353895	0.0968591448282624
4.36073	1.141789337057
4.367565	1.8288305255619
4.3744	1.92812944733803
4.381235	0.654340670398308
4.38807	-0.115236295499861
4.394905	-0.182926968541272
4.40174	0.505540551102497
4.408575	0.866995382672899
4.41541	0.517277754972979
4.422245	-0.392391203268775
4.42908	-0.858632577996387
4.435915	-1.03643601494721
4.44275	-1.19283322430831
4.449585	-1.21211121569895
4.45642	-1.21580090914465
4.463255	-1.21842085423641
4.47009	-1.21335737869384
4.476925	-1.196421573173
4.48376	-1.17944447911929
4.490595	-1.14665387694055
4.49743	-1.39318770726285
4.504265	-1.54091807820474
4.5111	-1.53661281026747
4.517935	-0.0935335411733063
4.52477	0.558907856708728
4.531605	0.649209631801846
4.53844	1.17588240477537
4.545275	1.30154217809701
4.55211	1.23414803179223
4.558945	0.791564986452419
4.56578	0.583181760588004
4.572615	0.377264586192284
4.57945	-0.80699188376859
4.586285	-0.814596480839865
4.59312	-0.700253519053153
4.599955	-0.618697405942161
4.60679	-0.60182916347531
4.613625	-0.582536158072532
4.62046	-0.515536129582507
4.627295	-0.42562471880103
4.63413	-0.312404054410348
4.640965	0.0180918844438036
4.6478	0.0180918844438069
4.654635	0.0180918844438053
4.66147	0.0180918844438036
4.668305	0.0528192941687211
4.67514	0.28666628436238
4.681975	0.833927021272493
4.68881	0.838164726155769
4.695645	0.837196322382565
4.70248	0.833927021272493
4.709315	0.736974038869348
4.71615	0.602928939853275
4.722985	0.443968087945572
4.72982	0.958547074263995
4.736655	1.58029232463937
4.74349	2.10748308102649
4.750325	0.998120256357595
4.75716	-0.37844318613323
4.763995	-1.29471830964903
4.77083	-0.843922599752614
4.777665	-0.394628291054739
4.7845	-0.155481354629819
4.791335	-0.130708234852005
4.79817	0.121027950623661
4.805005	0.349818972280833
4.81184	0.721044172151602
4.818675	1.05195299633532
4.82551	0.712553748373179
4.832345	-0.0896599260807391
4.83918	-1.04693831633182
4.846015	-0.865073589138672
4.85285	-0.42830847344359
4.859685	-0.692615140454993
4.86652	-0.408189697381629
4.873355	-0.0468624849130334
4.88019	1.80882435458979
4.887025	1.26405594366956
4.89386	0.628190015020641
4.900695	-1.28006088044713
4.90753	0.122412993229428
4.914365	1.427701167317
4.9212	3.83045356157409
4.928035	2.06099219291024
4.93487	0.855532184521127
4.941705	-0.623287940107051
4.94854	-0.566797720007667
4.955375	0.203413587896943
4.96221	1.78316916160776
4.969045	1.430039599684
4.97588	0.180367079497494
4.982715	-1.62897150500279
4.98955	-1.29823909545997
4.996385	-0.552170318829687
5.00322	0.251075568948268
5.010055	-0.756694943613691
5.01689	-1.0475163557933
5.023725	-1.29873080435241
5.03056	-1.39294372956819
5.037395	-0.59590238224354
5.04423	-0.180205678868675
5.051065	-0.587370669932251
5.0579	-0.978373077092201
5.064735	-1.15060631559601
5.07157	-1.14665387694064
5.078405	-0.155368749539889
5.08524	0.291234297509287
5.092075	0.623554438819864
5.09891	-0.773784642757371
5.105745	-0.839410889150592
5.11258	-0.510405090986142
5.119415	0.587494535531122
5.12625	0.477194096471837
5.133085	0.218202389703672
5.13992	-1.67327410087203
5.146755	-0.251146885505272
5.15359	1.00032356261651
5.160425	0.182285119528823
5.16726	0.538882918221601
5.174095	0.724426078351535
5.18093	0.387526663385098
5.187765	0.0940027290478843
5.1946	-0.103551640671311
5.201435	-0.310294585726233
5.20827	-0.283468299809248
5.215105	-0.0617488777977626
5.22194	0.474754319524014
5.228775	0.655845825100001
5.23561	0.693553516204151
5.242445	0.690257940573101
5.24928	-0.0671801966338565
5.256115	0.554512504699538
5.26295	1.49069996161282
5.269785	0.0445353130550173
5.27662	-0.00243226994182277
5.283455	-0.00613322389650942
5.29029	-0.0896599260807391
5.297125	-0.172897608534221
5.30396	-0.210053534697989
5.310795	-0.0332185015202638
5.31763	0.650564646383675
5.324465	1.01448928292586
5.3313	1.01864441074314
5.338135	-0.0185685793243178
5.34497	-0.543285777236776
5.351805	-0.920888178698647
5.35864	-0.64140234556882
5.365475	-0.448855148847197
5.37231	-0.207673813798097
5.379145	-0.768822511795747
5.38598	-1.2611319648353
5.392815	-1.84960616464829
5.39965	-1.60132320192953
5.406485	-0.852687029249694
5.41332	-0.0742668102915184
5.420155	-0.0742668102915184
5.42699	-0.0742668102915301
5.433825	-0.0405753673936617
5.44066	0.274643814264147
5.447495	0.563941304227179
5.45433	0.774159993056986
5.461165	0.98272714056829
5.468	1.14606082346726
5.474835	1.37660097752074
5.48167	1.88065889493949
5.488505	1.60004701091068
5.49534	1.52148619319101
5.502175	1.52148619319101
5.50901	0.679019952601321
5.515845	-0.743227374861859
5.52268	-2.72701376463386
5.529515	-2.00243754616247
5.53635	-2.32487096057982
5.543185	-2.75446688555136
5.55002	-1.61870942781025
5.556855	-0.710121478431226
5.56369	0.0820065334705935
5.570525	0.295167968649773
5.57736	0.364450126961752
5.584195	0.396452493511113
5.59103	0.331085238824677
5.597865	-0.0534986782111422
5.6047	-0.137164260006208
5.611535	0.177154080932416
5.61837	1.02896654398387
5.625205	1.27581191505493
5.63204	1.22901699319602
5.638875	0.856091456467624
5.64571	0.532336808995453
5.652545	0.110450579179128
5.65938	-0.477415553148619
5.666215	-0.41928880574268
5.67305	-0.274377315551431
5.679885	-0.284466731606354
5.68672	-0.316664280311533
5.693555	-0.341234710927538
5.70039	-0.258984199762165
5.707225	-0.0547786227329828
5.71406	0.106295451361873
5.720895	0.248988621282112
5.72773	1.74999194862052
5.734565	2.3912854426024
5.7414	1.98327966686763
5.748235	0.533173840163826
5.75507	0.351553090665386
5.761905	1.18796868442456
5.76874	2.02918500851656
5.775575	0.93297445834787
5.78241	-1.42886099974292
5.789245	-3.35497856947461
5.79608	-2.65319362119937
5.802915	-1.38781269097167
5.80975	1.00477521717063
5.816585	0.723337562482496
5.82342	0.344717961708428
5.830255	0.166892003739603
5.83709	-0.033469986221037
5.843925	-0.19514086729232
5.85076	-0.30003250853342
5.857595	-0.938548410297833
5.86443	-1.34501900330696
5.871265	-1.60844735061716
5.8781	-1.24168131230671
5.884935	-0.693880070964799
5.89177	0.469623280927606
5.898605	0.70240052276723
5.90544	0.528117871627275
5.912275	0.0591401932150597
5.91911	0.0546772781520643
5.925945	0.160443485591386
5.93278	0.315692123035401
5.939615	0.620739311572332
5.94645	0.490984466481497
5.953285	0.316311451029916
5.96012	-0.510405090986184
5.966955	-0.0864769555395551
5.97379	0.2686644839905
5.980625	0.413181856367131
5.98746	0.406733338218905
5.994295	0.273131152556563
6.00113	-0.382129126075992
6.007965	-0.382129126075929
6.0148	-0.389493498955337
6.021635	-0.41291535765437
6.02847	-0.309371223989064
6.035305	-0.114038928043956
6.04214	0.248988621282154
6.048975	0.331858460441935
6.05581	0.439801699619304
6.062645	0.587637168644964
6.06948	0.943187740001673
6.076315	1.28224166568812
6.08315	1.64463111950505
6.089985	2.23340559955775
6.09682	2.23195674740102
6.103655	2.11553809845728
6.11049	0.638947554609032
6.117325	0.167387466135215
6.12416	-0.136586220544755
6.130995	-0.140970312044807
6.13783	-0.133966275453077
6.144665	0.00779602572400427
6.1515	0.500409512506047
6.158335	1.01659875161012
6.16517	1.44774487331907
6.172005	2.08590043879576
6.17884	1.3829631651
6.185675	0.233085029085415
6.19251	-1.50069554009262
6.199345	-1.82080928965835
6.20618	-2.21008508543964
6.213015	-2.66031026288057
6.21985	-2.95639783976452
6.226685	-2.54024696252706
6.23352	-2.1042325474314
6.240355	-1.41346788395394
6.24719	-1.41044631404141
6.254025	-1.40898244787272
6.26086	-1.4134678839537
6.267695	-0.808147962691586
6.27453	-0.431487690481764
6.281365	-0.156363427834054
6.2882	-0.0921072100345429
6.295035	-0.0705395818158548
6.30187	-0.0742668102915184
6.308705	-0.0742668102915184
6.31554	-0.0689180685213071
6.322375	-0.0588736945023078
6.32921	0.553754297094343
6.336045	0.672732835081792
6.34288	0.726175210747949
6.349715	0.775346100003931
6.35655	0.777485596712017
6.363385	0.771209739701751
6.37022	0.582506130048557
6.377055	0.290483596909952
6.38389	0.0694022704078729
6.390725	0.0694022704078729
6.39756	0.0694022704078733
6.404395	0.069402270407885
6.41123	0.0694022704078729
6.418065	0.385747502964705
6.4249	0.603146643027078
6.431735	0.874975330043747
6.43857	0.708616323729677
6.445405	0.662921178248682
6.45224	0.65947170899466
6.459075	1.1918685740381
6.46591	1.07943239177373
6.472745	0.78774767390483
6.47958	0.537328967981011
6.486415	0.00370095395468679
6.49325	-0.572716994233339
6.500085	-1.038902066416
6.50692	-1.14601953493412
6.513755	-1.34948191836993
6.52059	-2.57308260674165
6.527425	-2.62105237503914
6.53426	-2.50948325196655
6.541095	-1.77264058570218
6.54793	0.0767140942453297
6.554765	0.878905247681231
6.5616	0.874975330043748
6.568435	0.471443729881078
6.57527	-0.0134225267160367
6.582105	-0.833660522559731
6.58894	-0.924701737743234
6.595775	-1.09423996109545
6.60261	-1.34163334360401
6.609445	-1.38877734124203
6.61628	-0.829381529143503
6.623115	-0.156363427834027
6.62995	0.714625682027293
6.636785	0.791700112560289
6.64362	0.833273911751101
6.650455	0.536326782680984
6.65729	0.31956198462492
6.664125	0.176433408357062
6.67096	0.17202304233601
6.677795	0.17202304233601
6.68463	0.0576462990224348
6.691465	-0.361604971690361
6.6983	-0.492669789326985
6.705135	-0.534581403787458
6.71197	-0.53092924537173
6.718805	-0.497057634330049
6.72564	-0.335668265983548
6.732475	-0.0640047330987153
6.73931	-0.0640047330987052
6.746145	-0.0640047330987052
6.75298	-0.0640047330987052
6.759815	0.000893333713200122
6.76665	0.0524064088390796
6.773485	0.0999482777945473
6.78032	0.0950574633899067
6.787155	0.0950574633899067
6.79399	0.179905398628937
6.800825	0.798009751097644
6.80766	0.959980912408637
6.814495	1.04429960372535
6.82133	1.04429960372517
6.828165	1.05180660971845
6.835	0.995327650128015
6.841835	0.833927021272493
6.84867	0.887650909663396
6.855505	0.930493392867205
6.86234	0.987858179164698
6.869175	1.07809239120393
6.87601	1.04562834378599
6.882845	0.982727140568291
6.88968	0.97783632616367
6.896515	0.333795267988271
6.90335	-0.376502625084005
6.910185	-1.83421304885907
6.91702	-1.90945576992971
6.923855	-1.96813803577918
6.93069	-1.97275109096205
6.937525	-1.09557245465951
6.94436	-0.55636673517995
6.951195	-0.361604971690302
6.95803	-0.35430065485884
6.964865	0.0634191866311408
6.9717	1.31624464933474
6.978535	1.23965066718551
6.98537	0.857900644911997
6.992205	0.100188501986314
6.99904	0.298654972933651
7.005875	0.371773211308194
7.01271	0.433706010752831
7.019545	0.438495480576472
7.02638	0.0792251877500539
7.033215	-0.329328599422191
7.04005	-0.823398445366918
7.046885	-0.949065725694413
7.05372	-1.00304860579223
7.060555	-0.423177434847184
7.06739	-0.0901478814702821
7.074225	0.114785875140248
7.08106	0.110450579179128
7.087895	-0.26948650114674
7.09473	-0.525509187044682
7.101565	-0.818267406770511
7.1084	-0.22484984351069
7.115235	0.0155695304300631
7.12207	0.151498887950382
7.128905	-0.408673899268138
7.13574	-0.664381290914384
7.142575	-0.910626101505834
7.14941	-0.910626101505833
7.156245	-0.910626101505834
7.16308	-0.910626101505834
7.169915	-0.414037655050384
7.17675	-0.275912498277057
7.183585	-0.156678722085747
7.19042	-0.161494466430433
7.197255	-0.158424100979184
7.20409	-0.0876180204505848
7.210925	0.351609393210248
7.21776	1.0070085514537
7.224595	1.43600391594556
7.23143	1.84987266336105
7.238265	1.68907259498499
7.2451	1.25088114815129
7.251935	0.279774852860553
7.25877	0.0820140404766078
7.265605	0.196143052592441
7.27244	0.47988535812042
7.279275	0.539513506725044
7.28611	0.528902353753543
7.292945	0.505540551102454
7.29978	0.282075750197557
7.306615	0.277233731331828
7.31345	0.255812489729996
7.320285	-0.294901469937013
7.32712	-0.657122016118746
7.333955	-0.935714515535367
7.34079	-1.04916414360899
7.347625	-1.05251226828182
7.35446	-1.01346457660777
7.361295	-0.838791561156138
7.36813	-0.633793994994652
7.374965	-0.560638221590131
7.3818	-0.571977554143077
7.388635	-0.571977554142984
7.39547	-0.573707919024434
7.402305	-0.577108592739388
7.40914	0.0329107142745247
7.415975	0.390724647938193
7.42281	0.777485596712146
7.429645	-0.030028023973174
7.43648	-0.201184007116911
7.443315	-0.329418683494119
7.45015	-0.0383495401166714
7.456985	-0.0240111586695074
7.46382	-0.0126943471346376
7.470655	-0.012694347134636
7.47749	-0.00944756704254353
7.484325	0.00811131997573777
7.49116	0.0847953861970935
7.497995	0.0666659667233232
7.50483	0.0603901097129505
7.511665	0.0642712318114671
7.5185	0.0642712318114655
7.525335	0.129432043833134
7.53217	0.269512775667739
7.539005	-0.002300897336922
7.54584	-0.181147808120874
7.552675	-0.387260164672337
7.55951	-0.387260164672335
7.566345	-0.329966694931625
7.57318	-0.262155909794373
7.580015	0.628685477416221
7.58685	0.625919145707799
7.593685	0.624335167443114
7.60052	0.633816516012625
7.607355	0.419926901252097
7.61419	0.261821848027631
7.621025	0.130974733564755
7.62786	0.130974733564777
7.634695	0.145906168485391
7.64153	0.197678235318044
7.648365	0.420185892958861
7.6552	0.488619759593601
7.662035	0.485016396716827
7.66887	0.489299143636075
7.675705	0.511122010058461
7.68254	0.54658885987371
7.689375	0.779681395965051
7.69621	0.409968857802046
7.703045	-0.0793978488879254
7.70988	-0.0793978488879384
7.716715	0.141796082704086
7.72355	0.437808589528087
7.730385	1.9678865510784
7.73722	1.21295200037025
7.744055	0.564436766622814
7.75089	-0.310294585726284
7.757725	-0.16309721220999
7.76456	0.187855317975841
7.771395	1.27006530196707
7.77823	0.935463030834617
7.785065	0.28508605960095
7.7919	-1.10047452957307
7.798735	-0.498352592863855
7.80557	0.234188558966371
7.812405	1.33163776512396
7.81924	1.33619827126487
7.826075	0.661746331810744
7.83291	-0.248722122569392
7.839745	-0.569796768901951
7.84658	-0.466875716734065
7.853415	-0.358474550191098
7.86025	-0.546322361160948
7.867085	-0.293246175115544
7.87392	-0.0869161153901863
7.880755	0.0591401932150589
7.88759	-0.0438371614977599
7.894425	-0.328825630020608
7.90126	-1.34163334360401
7.908095	-1.23800663287298
7.91493	-0.723619075207136
7.921765	0.638947554609032
7.9286	-0.756432198403889
7.935435	-1.27093986816528
7.94227	-1.58279215763513
7.949105	-2.02424915207626
7.95594	-1.67412614605231
7.962775	-1.06455725939804
7.96961	-1.06455725939804
7.976445	-0.887271805860749
7.98328	-0.690805952010628
7.990115	-0.438570550636476
7.99695	-0.441411952404861
8.003785	-0.443236154861228
8.01062	-0.438570550636404
8.017455	-0.696210996325763
8.02429	-0.626095560348621
8.031125	0.505540551102538
8.03796	0.707118676034027
8.044795	0.934821181822188
8.05163	1.38807918968443
8.058465	0.572442988514584
8.0653	0.289736649813646
8.072135	0.187416158125262
8.07897	0.0784707336477461
8.085805	-0.0161700909095288
8.09264	-0.135839273448401
8.099475	-0.131102352666642
8.10631	-0.30305783194869
8.113145	-0.505274052389776
8.11998	-0.321097167350552
8.126815	-0.0986120307277134
8.13365	0.103067438784734
8.140485	0.207940312510858
8.14732	0.295276820236669
8.154155	0.466061206583911
8.16099	1.1417893370569
8.167825	1.09981015954248
8.17466	0.916361454084707
8.181495	0.331085238824622
8.18833	0.334962607420151
8.195165	0.393269522970027
8.202	0.531195744084489
8.208835	1.54423617485369
8.21567	1.66776020497007
8.222505	1.52148619319101
8.22934	0.506295005204833
8.236175	0.280289082771139
8.24301	0.130974733564755
8.249845	0.135989413568266
8.25668	0.146660622587713
8.263515	0.149273060673381
8.27035	0.0129608458473977
8.277185	-0.0443776659292798
8.28402	-0.0569293799500299
8.290855	0.136105772161162
8.29769	0.278776421063447
8.304525	0.350588440395164
8.31136	0.346478354613842
8.318195	-0.77122475371369
8.32503	-1.47892146920916
8.331865	-2.29600652253568
8.3387	-2.07162962040254
8.345535	-1.83211859418696
8.35237	-1.48017138570699
8.359205	-0.251394616703084
8.36604	0.406740845224951
8.372875	1.09047895109283
8.37971	1.14452564074145
8.386545	1.32961087350576
8.39338	1.52587779169705
8.400215	1.81908643178291
8.40705	1.78700524167032
8.413885	1.4513144546688
8.42072	-1.19283322430821
8.427555	-1.67728284207252
8.43439	-1.85145664162567
8.441225	-1.41346788395394
8.44806	-0.255943862334805
8.454895	0.500214330350233
8.46173	1.37781711249162
8.468565	1.37376332925525
8.4754	1.17973725235298
8.482235	0.782616635308554
8.48907	-0.0197359187563825
8.495905	-0.162556707778485
8.50274	-0.187149659412469
8.509575	-0.0476019250033924
8.51641	0.141916194799934
8.523245	0.341347316017493
8.53008	0.341347316017436
8.536915	0.372313715739716
8.54375	0.418429253556428
8.550585	0.638947554609032
8.55742	0.504789850503141
8.564255	0.341617568233234
8.57109	-0.0896599260807391
8.577925	-0.193286636811978
8.58476	-0.00617075892649878
8.591595	0.75696144232639
8.59843	0.891344356612083
8.605265	0.132145826499702
8.6121	-1.67001981377405
8.618935	-2.88285170204838
8.62577	-3.00697629264425
8.632605	-2.84502765235121
8.63944	-0.880688161604763
8.646275	-0.635344191732365
8.65311	-0.551453399757355
8.659945	-1.61521116301713
8.66678	-1.73781933840235
8.673615	-1.81198105060999
8.68045	-1.42372996114652
8.687285	-1.20722790830054
8.69412	-1.0530865542403
8.700955	-0.982460641855532
8.70779	-0.229038752854988
8.714625	0.149607122440072
8.72146	0.21820238970367
8.728295	0.214351295629156
8.73513	0.307479458478762
8.741965	0.541457821277305
8.7488	1.20982908587698
8.755635	1.35216191950959
8.76247	1.35216191950981
8.769305	1.14935264559512
8.77614	0.666329358969487
8.782975	0.0694022704078729
8.78981	-0.359600601090092
8.796645	-0.656622800220183
8.80348	-0.895443181884522
8.810315	-0.156363427834029
8.81715	-0.000803249641271638
8.823985	0.110450579179129
8.83082	0.110450579179127
8.837655	-0.0749349338249071
8.84449	-0.239394667622755
8.851325	-0.520667168178915
8.85816	-0.524416917672557
8.864995	-0.52167686048501
8.87183	-0.5104050909861
8.878665	-0.382410638800685
8.8855	-0.319790948307783
8.892335	-0.258984199762166
8.89917	-0.254476242663199
8.906005	0.0680772838500588
8.91284	0.520933666891677
8.919675	0.750625529268053
8.92651	0.686759675780346
8.933345	0.593702829487511
8.94018	0.059140193215058
8.947015	-0.368609008282034
8.95385	-0.690997380663443
8.960685	-0.607894824317829
8.96752	-0.607894824317931
8.974355	-0.190707980253172
8.98119	1.78830020020416
8.988025	1.78830020020416
8.99486	1.61015894798366
9.001695	1.06995479670721
9.00853	0.276535579774541
9.015365	0.169793461556022
9.0222	0.402919779174317
9.029035	1.39881420825483
9.03587	1.45084902029725
9.042705	1.28032737915989
9.04954	-0.528673390070713
9.056375	-0.656795461358056
9.06321	-0.658296862556719
9.070045	-1.29545399623635
9.07688	-1.17832218172321
9.083715	-1.04113915420204
9.09055	-0.597632747125116
9.097385	-0.293508920325231
9.10422	-0.0860453026949745
9.111055	0.0180918844438053
9.11789	-0.329520028075009
9.124725	-0.485920990939016
9.13156	-0.489880936600554
9.138395	0.256090248951812
9.14523	0.388904198984858
9.152065	0.166892003739602
9.1589	0.0980077167452681
9.165735	0.0616437797138235
9.17257	0.0232229230402144
9.179405	0.0747510121780892
9.18624	0.0865895606294866
9.193075	0.0950574633899067
9.19991	-0.213814544700591
9.206745	-0.0701229429832453
9.21358	0.0430864608984181
9.220415	-0.284639392744198
9.22725	0.135486444166732
9.234085	0.532959890492892
9.24092	1.27006530196707
9.247755	0.47065924775475
9.25459	0.080734095954743
9.261425	0.0847953861970952
9.26826	0.0312479124470258
9.275095	0.331708320322044
9.28193	1.1417893370569
9.288765	1.52855028583066
9.2956	1.8679307662782
9.302435	2.32705925282688
9.30927	-1.27061706690769
9.316105	0.0538064654567795
9.32294	2.37836963879095
9.329775	-1.06038711756858
9.33661	-1.71277596640904
9.343445	-2.16179251588477
9.35028	-0.341080817304674
9.357115	-0.317358678365911
9.36395	-0.151528915974423
9.370785	0.992989217761104
9.37762	1.08663161052146
9.384455	1.0524071701979
9.39129	0.690257940573101
9.398125	-0.33742115188294
9.40496	-0.667965886276067
9.411795	-0.505274052389693
9.41863	-0.410914740557235
9.425465	-0.159347462716332
9.4323	0.290036930053367
9.439135	0.294518612631355
9.44597	-0.073332188045314
9.452805	-0.602763785721424
9.45964	0.85061134209258
9.466475	0.931416754604223
9.47331	0.931416754604222
9.480145	0.931416754604222
9.48698	0.427366344191473
9.493815	0.289898050442261
9.50065	2.77859064931115
9.507485	2.54509273489569
9.51432	1.21608242186939
9.521155	-4.65115323828642
9.52799	-0.996423673003238
9.534825	0.810189868321646
9.54166	1.69594150546912
9.548495	0.883690964001899
9.55533	0.043240354521286
9.562165	-1.27492984185072
9.569	-1.85751479546218
9.575835	-1.67474172054388
9.58267	-1.23388153307967
9.589505	-1.13393325528493
9.59634	-1.28820598194984
9.603175	-1.47504785411658
9.61001	-1.48017138570699
9.616845	-0.91660543177956
9.62368	-0.408309809477549
9.630515	-0.0999220032735522
9.63735	0.0414536870948948
9.644185	0.145523311179729
9.65102	0.228464466896485
9.657855	0.605188548657342
9.66469	0.777485596712017
9.671525	0.777485596712017
9.67836	0.781385486325525
9.685195	1.0249202677535
9.69203	1.59845177213711
9.698865	2.167557896488
9.7057	1.23421559484601
9.712535	-0.541191322564541
9.71937	-0.429396989312614
9.726205	-0.000416638832651703
9.73304	0.520933666891675
9.739875	0.515896465870271
9.74671	0.518463861919886
9.753545	0.499823966038565
9.76038	0.141236810757569
9.767215	-1.50358573739997
9.77405	-2.62668262953367
9.780885	-2.57308260674208
9.78772	-1.91313044936336
9.794555	-1.48470561732692
9.80139	-1.10047452957289
9.808225	-1.10047452957289
9.81506	-0.471695214581891
9.821895	1.16744453003913
9.82873	1.4264587578251
9.835565	1.29459069054711
9.8424	0.941678831797036
9.849235	0.458663052177428
9.85607	0.397788740577911
9.862905	0.397788740577978
9.86974	0.348430176172092
9.876575	0.420715136881392
9.88341	0.477254152519783
9.890245	-0.00756330853822978
9.89708	-0.342608493024274
9.903915	-0.599258013922664
9.91075	-0.654074171685492
9.917585	1.30028475459311
9.92442	2.36810756159814
9.931255	2.36810756159814
9.93809	1.0371153989897
9.944925	0.0611445638152231
9.95176	-1.26466776465791
9.958595	-1.26874406891226
9.96543	-1.26809846639683
9.972265	-1.26466776465791
9.9791	-1.26912317271492
9.985935	-1.04521921195952
9.99277	-0.715646634842373
9.999605	-0.754322729719754
10.00644	-0.712441143283243
10.013275	-0.663180169955344
10.02011	-0.59250170852861
10.026945	0.622011749088266
10.03378	1.53940916999994
10.040615	0.890368445832968
10.04745	-0.0650069183988015
10.054285	-0.682315528232198
10.06112	-0.931150255891461
10.067955	-0.697419624290818
10.07479	-0.523219550216616
10.081625	-0.2846393927442
10.08846	-0.264764594376991
10.095295	0.0400273559561289
10.10213	0.700520017765915
10.108965	1.84128464850496
10.1158	1.70857579655549
10.122635	1.17257556863534
10.12947	0.0129495853384055
10.136305	-0.10574368642134
10.14314	-0.130708234851994
10.149975	-0.994682047612685
10.15681	-1.0005900613293
10.163645	-0.910018034020372
10.17048	0.320823161631809
10.177315	0.45478568358188
10.18415	0.869029781296894
10.190985	2.814507919486
10.19782	2.8809036339931
10.204655	2.50708476355172
10.21149	1.05456168091799
10.218325	-2.03658316292277
10.22516	-2.45742216540333
10.231995	-1.04403310501258
10.23883	-0.580486745436256
10.245665	-0.0699878168754176
10.2525	0.649209631801954
10.259335	0.468568546585449
10.26617	-0.344961939403296
10.273005	-1.357026459393
10.27984	-1.36203738589397
10.286675	-1.11183638314356
10.29351	-0.85269453625585
10.300345	-0.438570550636477
10.30718	-0.248684587539334
10.314015	-0.100638922345923
10.32085	0.00269876865458383
10.327685	0.00948510207251004
10.33452	0.0160124437836702
10.341355	0.0283539616366135
10.34819	0.0773934782877315
10.355025	0.0587535824064034
10.36186	-0.0383495401166764
10.368695	0.111099935197525
10.37553	0.261769298985689
10.382365	0.4798853581205
10.3892	0.0585508932445373
10.396035	-0.0102282956658454
10.40287	-0.0280874629238524
10.409705	0.0406466839506111
10.41654	0.0842849097895708
10.423375	0.125055459339034
10.43021	0.100188501986331
10.437045	0.0797994737085524
10.44388	0.074469499453351
10.450715	0.161760965143168
10.45755	-0.809326562632462
10.464385	-1.36746495122712
10.47122	-1.4391230769355
10.478055	-0.730634372308129
10.48489	-0.201495547865689
10.491725	0.531195744084576
10.49856	0.231493543814805
10.505395	0.0527292100967891
10.51223	-0.151232389237647
10.519065	-0.151232389237597
10.5259	0.26145400473396
10.532735	0.880106368640301
10.53957	1.1109017608974
10.546405	0.95613732534024
10.55324	0.763845366822128
10.560075	0.45936120373487
10.56691	0.20914894047576
10.573745	-0.0190715487259246
10.58058	-0.2538531611658
10.587415	-0.177281700034267
10.59425	-0.0394830980216335
10.601085	0.443968087945499
10.60792	0.451107250645257
10.614755	0.675048746430944
10.62159	1.40347230547342
10.628425	1.81018687617787
10.63526	1.7872792473888
10.642095	1.45991373003437
10.64893	0.0274155858874331
10.655765	-0.00424145838624364
10.6626	0.377264586192346
10.669435	1.56810845391216
10.67627	1.30480021869819
10.683105	0.859582214254384
10.68994	0.85958221425467
10.696775	0.859582214254669
10.70361	0.738651854708712
10.710445	-0.997853757644916
10.71728	-1.26351919274073
10.724115	-1.4555258850313
10.73095	-1.55713696465284
10.737785	-2.33402200088591
10.74462	-2.50005069893635
10.751455	-1.73672331552705
10.75829	-0.801819556639414
10.765125	-0.491352309775074
10.77196	-0.495011975196962
10.778795	-0.495011975196961
10.78563	-0.506114837060857
10.792465	-0.525798206775408
10.7993	-0.825158838272229
10.806135	-0.638587218321473
10.81297	-0.35134289449743
10.819805	-0.0373098197866568
10.82664	0.321476271153312
10.833475	0.661798880852463
10.84031	0.710782094958847
10.847145	0.630111808554839
10.85398	0.575303157798101
10.860815	0.597899245837878
10.86765	2.0725980241755
10.874485	2.77890219005985
10.88132	2.5015145651043
10.888155	-1.01222967412173
10.89499	-2.33058003863734
10.901825	-2.38323417867499
10.90866	-3.60838881728748
10.915495	-3.66227410630604
10.92233	-3.188807238311
10.929165	1.78833773523405
10.936	2.35755271117199
10.942835	2.18339017212786
10.94967	-0.116647612626886
10.956505	0.180382093509575
10.96334	0.559560966230216
10.970175	-1.48530242430365
10.97701	-2.1693896059496
10.983845	-2.28276791746707
10.99068	1.50609307740204
10.997515	1.54527964868646
11.00435	1.54631561551404
11.011185	1.44452061424467
11.01802	0.886888948555305
11.024855	0.542752779811184
11.03169	0.187416158125199
11.038525	-0.307505732999766
11.04536	-0.46677061865008
11.052195	-0.515536129582592
11.05903	-0.621204745943813
11.065865	-0.36707757905952
11.0727	0.048878116022254
11.079535	0.747044687409217
11.08637	0.391396524974706
11.093205	-0.0616587937259707
11.10004	1.20849283881039
11.106875	1.84071036254663
11.11371	2.25459037047044
11.120545	0.885237407236708
11.12738	-0.0260530642996858
11.134215	-0.593289944158003
11.14105	-0.597632747124917
11.147885	-1.18936498753941
11.15472	-1.46852426590867
11.161555	-1.51608865588159
11.16839	-1.86126079145314
11.175225	-1.95215562001917
11.18206	-1.91630966640189
11.188895	-0.363462955673663
11.19573	0.172837552486261
11.202565	0.567113014259434
11.2094	1.79811561054016
11.216235	1.53861342736497
11.22307	1.07508583530343
11.229905	-0.356815501866404
11.23674	-0.374314332836987
11.243575	-0.362633431511333
11.25041	-0.217935890990946
11.257245	0.68254449191485
11.26408	1.07490566715999
11.270915	-0.3205566629191
11.27775	-1.49770775170717
11.284585	-1.78328927370388
11.29142	-0.6694672874746
11.298255	-0.405813729984823
11.30509	-0.316870722976294
11.311925	-0.3205566629191
11.31876	0.931093953346651
11.325595	1.40368250164122
11.33243	1.75751396862602
11.339265	0.228036567554783
11.3461	-0.251495961283863
11.352935	-0.643812094492785
11.35977	-0.381018089188828
11.366605	-0.369284638821487
11.37344	-0.364671583638502
11.380275	-0.315425624322693
11.38711	0.300569259462071
11.393945	0.764712426014322
11.40078	0.864713252851078
11.407615	1.73661446394019
11.41445	2.1412120589546
11.421285	1.87039681774636
11.42812	-1.03098592859582
11.434955	-2.13181328745102
11.44179	-2.13181328745031
11.448625	-1.97195910183009
11.45546	-0.661956527978542
11.462295	1.84987266336135
11.46913	1.84987266336136
11.475965	0.35747987189679
11.4828	-1.79316474008811
11.489635	-0.452623665855624
11.49647	-0.0991187536323023
11.503305	0.197573137234106
11.51014	0.192547196721669
11.516975	0.212568381705752
11.52381	0.233790687648676
11.530645	0.284905891457007
11.53748	0.220120429734918
11.544315	0.116673887147581
11.55115	-0.207673813798131
11.557985	0.251860051074561
11.56482	0.442725678453759
11.571655	0.438837049349092
11.57849	0.442834530040661
11.585325	0.319111564265324
11.59216	0.0488781160222544
11.598995	-0.108678925764732
11.60583	0.662406948337929
11.612665	1.91144512651825
11.6195	3.05756600603251
11.626335	1.42034805494698
11.63317	-0.577108592739484
11.640005	-0.577108592739294
11.64684	-1.45993249754938
11.653675	-2.06283516288125
11.66051	-0.125577196255607
11.667345	-0.0722324116673314
11.67418	-0.0383495401166766
11.681015	-0.0383495401166766
11.68785	-0.0418665724245161
11.694685	-0.0423395138021054
11.70152	-0.0383495401166647
11.708355	1.48503967909369
11.71519	1.13939460214494
11.722025	-0.828529483963187
11.72886	-0.828529483963462
11.735695	-0.826630211446888
11.74253	-0.823398445367054
11.749365	-0.828052789082614
11.7562	-0.828529483963462
11.763035	-0.828529483963462
11.76987	1.20498331350837
11.776705	0.92816997451229
11.78354	0.605946756262535
11.790375	0.12584369496837
11.79721	0.128880278892652
11.804045	0.130974733564733
11.81088	0.130974733564777
11.817715	0.130974733564733
11.82455	0.129935013234708
11.831385	0.125843694968327
11.83822	-0.0563062984525742
11.845055	-0.401373335939846
11.85189	-1.13639179974755
11.858725	-1.13639179974792
11.86556	-1.0375057633011
11.872395	-0.8541846769455
11.87923	-0.285059785079859
11.886065	-0.212804852394468
11.8929	-0.212804852394538
11.899735	-0.212804852394468
11.90657	-0.212804852394538
11.913405	-0.215687542695875
11.92024	-0.294901469937061
11.927075	-0.300771948623808
11.93391	-0.305163547129776
11.940745	-0.305163547129877
11.94758	-0.305163547129776
11.954415	-0.305163547129877
11.96125	-0.305163547129877
11.968085	-0.305163547129776
11.97492	-0.303846067578056
11.981755	-0.300032508533369
11.98859	-0.0882598694630283
11.995425	0.0278584992410377
12.00226	0.151498887950407
12.009095	0.151498887950408
12.01593	0.151498887950355
12.022765	0.151498887950408
12.0296	0.156329646307033
12.036435	0.154175135587013
12.04327	0.151498887950408
12.050105	0.151498887950357
12.05694	0.103322676988526
12.063775	0.0468699919190543
12.07061	-0.130708234852015
12.077445	-0.133921233417095
12.08428	-0.135002242280173
12.091115	-0.130708234852015
12.09795	-0.134300337219757
12.104785	0.170626739221311
12.11162	1.15718245284593
12.118455	-0.34393347958196
12.12529	-0.782350136595792
12.132125	-0.782350136595534
12.13896	-0.782350136595792
12.145795	-0.782350136595534
12.15263	-0.782350136595792
12.159465	0.749979926752524
12.1663	1.0872096499829
12.173135	1.33163776512418
12.17997	1.97020246242707
12.186805	1.84732028132365
12.19364	1.67672732362888
12.200475	0.869844291447485
12.20731	0.86673263746327
12.214145	0.86544893943813
12.22098	0.869844291447485
12.227815	0.688324886529713
12.23465	0.550635136104182
12.241485	0.361871470403002
12.24832	-0.342443338892379
12.255155	-0.571977554143077
12.26199	-0.571977554142888
12.268825	-0.312790665219072
12.27566	-0.234635225822928
12.282495	-0.192280698008907
12.28933	-0.192280698008908
12.296165	0.026173176395575
12.303	0.305430045842639
12.309835	0.495702619748192
12.31667	0.300437886857128
12.323505	0.0971781925829862
12.33034	-0.156363427834003
12.337175	-0.153353118430748
12.34401	-0.151232389237597
12.350845	-0.151232389237646
12.35768	-0.151232389237596
12.364515	-0.150218943428553
12.37135	-0.146101350641238
12.378185	-0.0669624934600385
12.38502	-0.0550601354577226
12.391855	-0.0999220032735365
12.39869	-0.303155423026649
12.405525	-0.37437438888494
12.41236	-0.418046396250708
12.419195	-1.59046807126349
12.42603	-1.74698539271986
12.432865	-1.74698539272044
12.4397	-1.84510196105201
12.446535	-1.76865061201706
12.45337	-1.65509588585956
12.460205	-0.674598326071008
12.46704	-0.4564259643915
12.473875	-0.280709475106682
12.48071	-0.202542775201723
12.487545	-0.189390500701493
12.49438	-0.180194418359666
12.501215	-0.171756543623276
12.50805	0.194960699148463
12.514885	0.532445660582461
12.52172	1.10074102828546
12.528555	1.69149735792101
12.53539	1.78640092768815
12.542225	1.65489319669731
12.54906	1.35396735445121
12.555895	1.16867192551866
12.56273	0.962202986182824
12.569565	0.111809347263915
12.5764	-0.125701061854472
12.583235	-0.328210055529272
12.59007	-0.571977554142888
12.596905	-0.378251757480477
12.60374	-0.196353248760235
12.610575	0.0386160388294392
12.61741	0.312674306626169
12.624245	0.47988535812034
12.63108	0.4798853581205
12.637915	-0.272504317556019
12.64475	-0.750306481513455
12.651585	-1.23901257167608
12.65842	-1.33369093126291
12.665255	-1.11583011033229
12.67209	-0.556584438353668
12.678925	0.347138971141218
12.68576	0.517750696350437
12.692595	0.520933666891762
12.69943	0.450386578069903
12.706265	0.288047573465097
12.7131	0.100188501986332
12.719935	-0.118347949484052
12.72677	-0.277410145972696
12.733605	-0.420028245833076
12.74044	-0.448832627829144
12.747275	0.476781211142282
12.75411	1.16993310252547
12.760945	1.66515527389068
12.76778	1.66861975715602
12.774615	1.62456864598802
12.78145	1.45478269143796
12.788285	0.0903092820990276
12.79512	-0.576605623337947
12.801955	-1.1004745295727
12.80879	-0.982239185178907
12.815625	-0.910637362014963
12.82246	-0.828529483963187
12.829295	-0.768706153203006
12.83613	-0.761825982209909
12.842965	-0.761825982210162
12.8498	-0.761825982209909
12.856635	-0.759221051130494
12.86347	-0.756694943613753
12.870305	-0.756694943613503
12.87714	-0.738790734319779
12.883975	-0.725908712035067
12.89081	-0.725908712035309
12.897645	-0.295426960356561
12.90448	-0.0602512301020572
12.911315	-0.0229564243274542
12.91815	0.137960002641485
12.924985	0.199044510408855
12.93182	0.202809273914418
12.938655	0.198687927624174
12.94549	0.161025278555874
12.952325	0.0899264247934859
12.95916	0.0674241743286571
12.965995	0.172619849312429
12.97283	0.325954200228271
12.979665	0.491859032679784
12.9865	0.500409512505964
12.993335	0.500537131608017
13.00017	0.505540551102371
13.007005	0.609317401953648
13.01384	0.65580078306389
13.020675	0.341347316017492
13.02751	0.00864431740125515
13.034345	-0.16695956679352
13.04118	-0.0947909646771615
13.048015	0.141867399260977
13.05485	0.239991474599207
13.061685	0.243857582685747
13.06852	0.239837580976263
13.075355	0.284759504840144
13.08219	0.382395624788626
13.089025	0.391193835812879
13.09586	1.12907997590991
13.102695	2.26035575107397
13.10953	2.25557754175925
13.116365	1.34237278369413
13.1232	0.302933966349851
13.130035	-0.182018620816032
13.13687	-0.182018620816092
13.143705	-0.291065389874656
13.15054	-1.56226800324924
13.157375	-1.65392103942173
13.16421	-1.58241305383228
13.171045	-0.869577792734723
13.17788	-0.869577792734724
13.184715	-0.766018645057153
13.19155	-0.412915357654438
13.198385	0.112184697563592
13.20522	0.274643814264193
13.212055	0.274643814264101
13.21889	-0.0734748211591859
13.225725	-0.13904851851055
13.23256	-0.135839273448378
13.239395	-0.135839273448423
13.24623	-0.0461042773077295
13.253065	0.0642712318114771
13.2599	0.246286099124576
13.266735	0.251668622421672
13.27357	0.262936638417683
13.280405	0.402919779174251
13.28724	0.610938915248192
13.294075	0.765493154637611
13.30091	0.854451175658262
13.307745	0.954159229261028
13.31458	1.0043135363018
13.321415	1.00838233355049
13.32825	1.00456502100257
13.335085	0.789932212649029
13.34192	0.243857582685747
13.348755	-0.0792664762830755
13.35559	-0.153052838191017
13.362425	-0.156363427834002
13.36926	-0.398865995937989
13.376095	-0.696653909679214
13.38293	-1.0542951822054
13.389765	-1.0542951822054
13.3966	-0.961463546092162
13.403435	-0.869375103572904
13.41027	-0.864446754138029
13.417105	-0.864446754138315
13.42394	-0.864446754138316
13.430775	-0.864446754138029
13.43761	-0.0369044414629697
13.444445	0.54545905547158
13.45128	1.14178933705709
13.458115	1.88869889835796
13.46495	2.17312809493504
13.471785	2.17312809493504
13.47862	2.16903302316498
13.485455	2.09751377706771
13.49229	1.95762447388527
13.499125	1.55047449683437
13.50596	1.11302249009076
13.512795	0.567113014259242
13.51963	0.567113014259432
13.526465	0.567113014259242
13.5333	0.567113014259432
13.540135	0.567113014259242
13.54697	0.564256598478988
13.553805	0.34626065143986
13.56064	-1.74185435412345
13.567475	-2.08805494951616
13.57431	-2.29087548393889
13.581145	-2.29087548393965
13.58798	-1.76314046961795
13.594815	-1.22836388367421
13.60165	-0.243591083972984
13.608485	-0.243591083972904
13.61532	-0.241973324181433
13.622155	-0.238460045376498
13.62899	-0.242832876367663
13.635825	-0.231609902407706
13.64266	-0.212804852394468
13.649495	-0.174789374044565
13.65633	-0.17175654362322
13.663165	-0.171756543623277
13.67	0
14.0369696969697	0
14.4039393939394	0
14.7709090909091	0
15.1378787878788	0
15.5048484848485	0
15.8718181818182	0
16.2387878787879	0
16.6057575757576	0
16.9727272727273	0
17.339696969697	0
17.7066666666667	0
18.0736363636364	0
18.4406060606061	0
18.8075757575758	0
19.1745454545455	0
19.5415151515151	0
19.9084848484849	0
20.2754545454545	0
20.6424242424242	0
21.0093939393939	0
21.3763636363636	0
21.7433333333333	0
22.110303030303	0
22.4772727272727	0
22.8442424242424	0
23.2112121212121	0
23.5781818181818	0
23.9451515151515	0
24.3121212121212	0
24.6790909090909	0
25.0460606060606	0
25.4130303030303	0
25.78	0
26.1469696969697	0
26.5139393939394	0
26.8809090909091	0
27.2478787878788	0
27.6148484848485	0
27.9818181818182	0
28.3487878787879	0
28.7157575757576	0
29.0827272727273	0
29.449696969697	0
29.8166666666667	0
30.1836363636364	0
30.5506060606061	0
30.9175757575758	0
31.2845454545455	0
31.6515151515151	0
32.0184848484849	0
32.3854545454545	0
32.7524242424242	0
33.1193939393939	0
33.4863636363636	0
33.8533333333333	0
34.220303030303	0
34.5872727272727	0
34.9542424242424	0
35.3212121212121	0
35.6881818181818	0
36.0551515151515	0
36.4221212121212	0
36.7890909090909	0
37.1560606060606	0
37.5230303030303	0
37.89	0
38.2569696969697	0
38.6239393939394	0
38.9909090909091	0
39.3578787878788	0
39.7248484848485	0
40.0918181818182	0
40.4587878787879	0
40.8257575757576	0
41.1927272727273	0
41.559696969697	0
41.9266666666667	0
42.2936363636364	0
42.6606060606061	0
43.0275757575758	0
43.3945454545455	0
43.7615151515151	0
44.1284848484848	0
44.4954545454545	0
44.8624242424242	0
45.2293939393939	0
45.5963636363636	0
45.9633333333333	0
46.330303030303	0
46.6972727272727	0
47.0642424242424	0
47.4312121212121	0
47.7981818181818	0
48.1651515151515	0
48.5321212121212	0
48.8990909090909	0
49.2660606060606	0
49.6330303030303	0
50	0
