time	NonEnd
13.66	NA
13.6531665832916	NA
13.6463331665833	NA
13.6394997498749	NA
13.6326663331666	NA
13.6258329164582	NA
13.6189994997499	NA
13.6121660830415	NA
13.6053326663332	NA
13.5984992496248	NA
13.5916658329165	NA
13.5848324162081	NA
13.5779989994997	NA
13.5711655827914	NA
13.564332166083	NA
13.5574987493747	NA
13.5506653326663	NA
13.543831915958	NA
13.5369984992496	NA
13.5301650825413	NA
13.5233316658329	NA
13.5164982491246	NA
13.5096648324162	NA
13.5028314157079	NA
13.4959979989995	NA
13.4891645822911	NA
13.4823311655828	NA
13.4754977488744	NA
13.4686643321661	NA
13.4618309154577	NA
13.4549974987494	NA
13.448164082041	NA
13.4413306653327	NA
13.4344972486243	NA
13.427663831916	NA
13.4208304152076	NA
13.4139969984993	NA
13.4071635817909	NA
13.4003301650825	NA
13.3934967483742	NA
13.3866633316658	NA
13.3798299149575	NA
13.3729964982491	NA
13.3661630815408	NA
13.3593296648324	NA
13.3524962481241	NA
13.3456628314157	NA
13.3388294147074	NA
13.331995997999	NA
13.3251625812906	NA
13.3183291645823	NA
13.3114957478739	NA
13.3046623311656	NA
13.2978289144572	NA
13.2909954977489	NA
13.2841620810405	NA
13.2773286643322	NA
13.2704952476238	NA
13.2636618309155	NA
13.2568284142071	NA
13.2499949974987	NA
13.2431615807904	NA
13.236328164082	NA
13.2294947473737	NA
13.2226613306653	NA
13.215827913957	NA
13.2089944972486	NA
13.2021610805403	NA
13.1953276638319	NA
13.1884942471236	NA
13.1816608304152	NA
13.1748274137069	NA
13.1679939969985	NA
13.1611605802901	NA
13.1543271635818	NA
13.1474937468734	NA
13.1406603301651	NA
13.1338269134567	NA
13.1269934967484	NA
13.12016008004	NA
13.1133266633317	NA
13.1064932466233	NA
13.099659829915	NA
13.0928264132066	NA
13.0859929964982	NA
13.0791595797899	NA
13.0723261630815	NA
13.0654927463732	NA
13.0586593296648	NA
13.0518259129565	NA
13.0449924962481	NA
13.0381590795398	NA
13.0313256628314	NA
13.0244922461231	NA
13.0176588294147	NA
13.0108254127064	NA
13.003991995998	NA
12.9971585792896	NA
12.9903251625813	NA
12.9834917458729	NA
12.9766583291646	NA
12.9698249124562	NA
12.9629914957479	NA
12.9561580790395	NA
12.9493246623312	NA
12.9424912456228	NA
12.9356578289145	NA
12.9288244122061	NA
12.9219909954977	NA
12.9151575787894	NA
12.908324162081	NA
12.9014907453727	NA
12.8946573286643	NA
12.887823911956	NA
12.8809904952476	NA
12.8741570785393	NA
12.8673236618309	NA
12.8604902451226	NA
12.8536568284142	NA
12.8468234117059	NA
12.8399899949975	NA
12.8331565782891	NA
12.8263231615808	NA
12.8194897448724	NA
12.8126563281641	NA
12.8058229114557	NA
12.7989894947474	NA
12.792156078039	NA
12.7853226613307	NA
12.7784892446223	NA
12.771655827914	NA
12.7648224112056	NA
12.7579889944972	NA
12.7511555777889	NA
12.7443221610805	NA
12.7374887443722	NA
12.7306553276638	NA
12.7238219109555	NA
12.7169884942471	NA
12.7101550775388	NA
12.7033216608304	NA
12.6964882441221	NA
12.6896548274137	NA
12.6828214107054	NA
12.675987993997	NA
12.6691545772886	NA
12.6623211605803	NA
12.6554877438719	NA
12.6486543271636	NA
12.6418209104552	NA
12.6349874937469	NA
12.6281540770385	NA
12.6213206603302	NA
12.6144872436218	NA
12.6076538269135	NA
12.6008204102051	NA
12.5939869934967	NA
12.5871535767884	NA
12.58032016008	NA
12.5734867433717	NA
12.5666533266633	NA
12.559819909955	NA
12.5529864932466	NA
12.5461530765383	NA
12.5393196598299	NA
12.5324862431216	NA
12.5256528264132	NA
12.5188194097049	NA
12.5119859929965	NA
12.5051525762881	NA
12.4983191595798	NA
12.4914857428714	NA
12.4846523261631	NA
12.4778189094547	NA
12.4709854927464	NA
12.464152076038	NA
12.4573186593297	NA
12.4504852426213	NA
12.443651825913	NA
12.4368184092046	NA
12.4299849924962	NA
12.4231515757879	NA
12.4163181590795	NA
12.4094847423712	NA
12.4026513256628	NA
12.3958179089545	NA
12.3889844922461	NA
12.3821510755378	NA
12.3753176588294	NA
12.3684842421211	NA
12.3616508254127	NA
12.3548174087044	NA
12.347983991996	NA
12.3411505752876	NA
12.3343171585793	NA
12.3274837418709	NA
12.3206503251626	NA
12.3138169084542	NA
12.3069834917459	NA
12.3001500750375	NA
12.2933166583292	NA
12.2864832416208	NA
12.2796498249125	NA
12.2728164082041	NA
12.2659829914957	NA
12.2591495747874	NA
12.252316158079	NA
12.2454827413707	NA
12.2386493246623	NA
12.231815907954	NA
12.2249824912456	NA
12.2181490745373	NA
12.2113156578289	NA
12.2044822411206	NA
12.1976488244122	NA
12.1908154077039	NA
12.1839819909955	NA
12.1771485742871	NA
12.1703151575788	NA
12.1634817408704	NA
12.1566483241621	NA
12.1498149074537	NA
12.1429814907454	NA
12.136148074037	NA
12.1293146573287	NA
12.1224812406203	NA
12.115647823912	NA
12.1088144072036	NA
12.1019809904952	NA
12.0951475737869	NA
12.0883141570785	NA
12.0814807403702	NA
12.0746473236618	NA
12.0678139069535	NA
12.0609804902451	NA
12.0541470735368	NA
12.0473136568284	NA
12.0404802401201	NA
12.0336468234117	NA
12.0268134067034	NA
12.019979989995	NA
12.0131465732866	NA
12.0063131565783	NA
11.9994797398699	NA
11.9926463231616	NA
11.9858129064532	NA
11.9789794897449	NA
11.9721460730365	NA
11.9653126563282	NA
11.9584792396198	NA
11.9516458229115	NA
11.9448124062031	NA
11.9379789894947	NA
11.9311455727864	NA
11.924312156078	NA
11.9174787393697	NA
11.9106453226613	NA
11.903811905953	NA
11.8969784892446	NA
11.8901450725363	NA
11.8833116558279	NA
11.8764782391196	NA
11.8696448224112	NA
11.8628114057029	NA
11.8559779889945	NA
11.8491445722861	NA
11.8423111555778	NA
11.8354777388694	NA
11.8286443221611	NA
11.8218109054527	NA
11.8149774887444	NA
11.808144072036	NA
11.8013106553277	NA
11.7944772386193	NA
11.787643821911	NA
11.7808104052026	NA
11.7739769884942	NA
11.7671435717859	NA
11.7603101550775	NA
11.7534767383692	NA
11.7466433216608	NA
11.7398099049525	NA
11.7329764882441	NA
11.7261430715358	NA
11.7193096548274	NA
11.7124762381191	NA
11.7056428214107	NA
11.6988094047024	NA
11.691975987994	NA
11.6851425712856	NA
11.6783091545773	NA
11.6714757378689	NA
11.6646423211606	NA
11.6578089044522	NA
11.6509754877439	NA
11.6441420710355	NA
11.6373086543272	NA
11.6304752376188	NA
11.6236418209105	NA
11.6168084042021	NA
11.6099749874937	NA
11.6031415707854	NA
11.596308154077	NA
11.5894747373687	NA
11.5826413206603	NA
11.575807903952	NA
11.5689744872436	NA
11.5621410705353	NA
11.5553076538269	NA
11.5484742371186	NA
11.5416408204102	NA
11.5348074037019	NA
11.5279739869935	NA
11.5211405702851	NA
11.5143071535768	NA
11.5074737368684	NA
11.5006403201601	NA
11.4938069034517	NA
11.4869734867434	NA
11.480140070035	NA
11.4733066533267	NA
11.4664732366183	NA
11.45963981991	NA
11.4528064032016	NA
11.4459729864932	NA
11.4391395697849	NA
11.4323061530765	NA
11.4254727363682	NA
11.4186393196598	NA
11.4118059029515	NA
11.4049724862431	NA
11.3981390695348	NA
11.3913056528264	NA
11.3844722361181	NA
11.3776388194097	NA
11.3708054027014	NA
11.363971985993	NA
11.3571385692846	NA
11.3503051525763	NA
11.3434717358679	NA
11.3366383191596	NA
11.3298049024512	NA
11.3229714857429	NA
11.3161380690345	NA
11.3093046523262	NA
11.3024712356178	NA
11.2956378189095	NA
11.2888044022011	NA
11.2819709854927	NA
11.2751375687844	NA
11.268304152076	NA
11.2614707353677	NA
11.2546373186593	NA
11.247803901951	NA
11.2409704852426	NA
11.2341370685343	NA
11.2273036518259	NA
11.2204702351176	NA
11.2136368184092	NA
11.2068034017008	NA
11.1999699849925	NA
11.1931365682841	NA
11.1863031515758	NA
11.1794697348674	NA
11.1726363181591	NA
11.1658029014507	NA
11.1589694847424	NA
11.152136068034	NA
11.1453026513257	NA
11.1384692346173	NA
11.131635817909	NA
11.1248024012006	NA
11.1179689844922	NA
11.1111355677839	NA
11.1043021510755	NA
11.0974687343672	NA
11.0906353176588	NA
11.0838019009505	NA
11.0769684842421	NA
11.0701350675338	NA
11.0633016508254	NA
11.0564682341171	NA
11.0496348174087	NA
11.0428014007004	NA
11.035967983992	NA
11.0291345672836	NA
11.0223011505753	NA
11.0154677338669	NA
11.0086343171586	NA
11.0018009004502	NA
10.9949674837419	NA
10.9881340670335	NA
10.9813006503252	NA
10.9744672336168	NA
10.9676338169085	NA
10.9608004002001	NA
10.9539669834917	NA
10.9471335667834	NA
10.940300150075	NA
10.9334667333667	NA
10.9266333166583	NA
10.91979989995	NA
10.9129664832416	NA
10.9061330665333	NA
10.8992996498249	NA
10.8924662331166	NA
10.8856328164082	NA
10.8787993996999	NA
10.8719659829915	NA
10.8651325662831	NA
10.8582991495748	NA
10.8514657328664	NA
10.8446323161581	NA
10.8377988994497	NA
10.8309654827414	NA
10.824132066033	NA
10.8172986493247	NA
10.8104652326163	NA
10.803631815908	NA
10.7967983991996	NA
10.7899649824912	NA
10.7831315657829	NA
10.7762981490745	NA
10.7694647323662	NA
10.7626313156578	NA
10.7557978989495	NA
10.7489644822411	NA
10.7421310655328	NA
10.7352976488244	NA
10.7284642321161	NA
10.7216308154077	NA
10.7147973986993	NA
10.707963981991	NA
10.7011305652826	NA
10.6942971485743	NA
10.6874637318659	NA
10.6806303151576	NA
10.6737968984492	NA
10.6669634817409	NA
10.6601300650325	NA
10.6532966483242	NA
10.6464632316158	NA
10.6396298149075	NA
10.6327963981991	NA
10.6259629814907	NA
10.6191295647824	NA
10.612296148074	NA
10.6054627313657	NA
10.5986293146573	NA
10.591795897949	NA
10.5849624812406	NA
10.5781290645323	NA
10.5712956478239	NA
10.5644622311156	NA
10.5576288144072	NA
10.5507953976988	NA
10.5439619809905	NA
10.5371285642821	NA
10.5302951475738	NA
10.5234617308654	NA
10.5166283141571	NA
10.5097948974487	NA
10.5029614807404	NA
10.496128064032	NA
10.4892946473237	NA
10.4824612306153	NA
10.475627813907	NA
10.4687943971986	NA
10.4619609804902	NA
10.4551275637819	NA
10.4482941470735	NA
10.4414607303652	NA
10.4346273136568	NA
10.4277938969485	NA
10.4209604802401	NA
10.4141270635318	NA
10.4072936468234	NA
10.4004602301151	NA
10.3936268134067	NA
10.3867933966983	NA
10.37995997999	NA
10.3731265632816	NA
10.3662931465733	NA
10.3594597298649	NA
10.3526263131566	NA
10.3457928964482	NA
10.3389594797399	NA
10.3321260630315	NA
10.3252926463232	NA
10.3184592296148	NA
10.3116258129065	NA
10.3047923961981	NA
10.2979589794897	NA
10.2911255627814	NA
10.284292146073	NA
10.2774587293647	NA
10.2706253126563	NA
10.263791895948	NA
10.2569584792396	NA
10.2501250625313	NA
10.2432916458229	NA
10.2364582291146	NA
10.2296248124062	NA
10.2227913956978	NA
10.2159579789895	NA
10.2091245622811	NA
10.2022911455728	NA
10.1954577288644	NA
10.1886243121561	NA
10.1817908954477	NA
10.1749574787394	NA
10.168124062031	NA
10.1612906453227	NA
10.1544572286143	NA
10.147623811906	NA
10.1407903951976	NA
10.1339569784892	NA
10.1271235617809	NA
10.1202901450725	NA
10.1134567283642	NA
10.1066233116558	NA
10.0997898949475	NA
10.0929564782391	NA
10.0861230615308	NA
10.0792896448224	NA
10.0724562281141	NA
10.0656228114057	NA
10.0587893946973	NA
10.051955977989	NA
10.0451225612806	NA
10.0382891445723	NA
10.0314557278639	NA
10.0246223111556	NA
10.0177888944472	NA
10.0109554777389	NA
10.0041220610305	NA
9.99728864432216	NA
9.99045522761381	NA
9.98362181090545	NA
9.9767883941971	NA
9.96995497748874	NA
9.96312156078039	NA
9.95628814407204	NA
9.94945472736368	NA
9.94262131065533	NA
9.93578789394697	NA
9.92895447723862	NA
9.92212106053027	NA
9.91528764382191	NA
9.90845422711356	NA
9.9016208104052	NA
9.89478739369685	NA
9.88795397698849	NA
9.88112056028014	NA
9.87428714357179	NA
9.86745372686343	NA
9.86062031015508	NA
9.85378689344672	NA
9.84695347673837	NA
9.84012006003002	NA
9.83328664332166	NA
9.82645322661331	NA
9.81961980990495	NA
9.8127863931966	NA
9.80595297648824	NA
9.79911955977989	NA
9.79228614307154	NA
9.78545272636318	NA
9.77861930965483	NA
9.77178589294647	NA
9.76495247623812	NA
9.75811905952976	NA
9.75128564282141	NA
9.74445222611306	NA
9.7376188094047	NA
9.73078539269635	NA
9.72395197598799	NA
9.71711855927964	NA
9.71028514257129	NA
9.70345172586293	NA
9.69661830915458	NA
9.68978489244622	NA
9.68295147573787	NA
9.67611805902951	NA
9.66928464232116	NA
9.66245122561281	NA
9.65561780890445	NA
9.6487843921961	NA
9.64195097548774	NA
9.63511755877939	NA
9.62828414207103	NA
9.62145072536268	NA
9.61461730865433	NA
9.60778389194597	NA
9.60095047523762	NA
9.59411705852926	NA
9.58728364182091	NA
9.58045022511256	NA
9.5736168084042	NA
9.56678339169585	NA
9.55994997498749	NA
9.55311655827914	NA
9.54628314157079	NA
9.53944972486243	NA
9.53261630815408	NA
9.52578289144572	NA
9.51894947473737	NA
9.51211605802902	NA
9.50528264132066	NA
9.49844922461231	NA
9.49161580790395	NA
9.4847823911956	NA
9.47794897448724	NA
9.47111555777889	NA
9.46428214107054	NA
9.45744872436218	NA
9.45061530765383	NA
9.44378189094547	NA
9.43694847423712	NA
9.43011505752876	NA
9.42328164082041	NA
9.41644822411206	NA
9.4096148074037	NA
9.40278139069535	NA
9.39594797398699	NA
9.38911455727864	NA
9.38228114057029	NA
9.37544772386193	NA
9.36861430715358	NA
9.36178089044522	NA
9.35494747373687	NA
9.34811405702851	NA
9.34128064032016	NA
9.33444722361181	NA
9.32761380690345	NA
9.3207803901951	NA
9.31394697348674	NA
9.30711355677839	NA
9.30028014007003	NA
9.29344672336168	NA
9.28661330665333	NA
9.27977988994497	NA
9.27294647323662	NA
9.26611305652826	NA
9.25927963981991	NA
9.25244622311155	NA
9.2456128064032	NA
9.23877938969485	NA
9.23194597298649	NA
9.22511255627814	NA
9.21827913956978	NA
9.21144572286143	NA
9.20461230615308	NA
9.19777888944472	NA
9.19094547273637	NA
9.18411205602801	NA
9.17727863931966	NA
9.17044522261131	NA
9.16361180590295	NA
9.1567783891946	NA
9.14994497248624	NA
9.14311155577789	NA
9.13627813906954	NA
9.12944472236118	NA
9.12261130565283	NA
9.11577788894447	NA
9.10894447223612	NA
9.10211105552776	NA
9.09527763881941	NA
9.08844422211106	NA
9.0816108054027	NA
9.07477738869435	NA
9.06794397198599	NA
9.06111055527764	NA
9.05427713856928	NA
9.04744372186093	NA
9.04061030515258	NA
9.03377688844422	NA
9.02694347173587	NA
9.02011005502751	NA
9.01327663831916	NA
9.00644322161081	NA
8.99960980490245	NA
8.9927763881941	NA
8.98594297148574	NA
8.97910955477739	NA
8.97227613806903	NA
8.96544272136068	NA
8.95860930465233	NA
8.95177588794397	NA
8.94494247123562	NA
8.93810905452726	NA
8.93127563781891	NA
8.92444222111055	NA
8.9176088044022	NA
8.91077538769385	NA
8.90394197098549	NA
8.89710855427714	NA
8.89027513756878	NA
8.88344172086043	NA
8.87660830415208	NA
8.86977488744372	NA
8.86294147073537	NA
8.85610805402701	NA
8.84927463731866	NA
8.8424412206103	NA
8.83560780390195	NA
8.8287743871936	NA
8.82194097048524	NA
8.81510755377689	NA
8.80827413706853	NA
8.80144072036018	NA
8.79460730365183	NA
8.78777388694347	NA
8.78094047023512	NA
8.77410705352676	NA
8.76727363681841	NA
8.76044022011006	NA
8.7536068034017	NA
8.74677338669335	NA
8.73993996998499	NA
8.73310655327664	NA
8.72627313656828	NA
8.71943971985993	NA
8.71260630315158	NA
8.70577288644322	NA
8.69893946973487	NA
8.69210605302651	NA
8.68527263631816	NA
8.67843921960981	NA
8.67160580290145	NA
8.6647723861931	NA
8.65793896948474	NA
8.65110555277639	NA
8.64427213606803	NA
8.63743871935968	NA
8.63060530265133	NA
8.62377188594297	NA
8.61693846923462	NA
8.61010505252626	NA
8.60327163581791	NA
8.59643821910955	NA
8.5896048024012	NA
8.58277138569285	NA
8.57593796898449	NA
8.56910455227614	NA
8.56227113556778	NA
8.55543771885943	NA
8.54860430215107	NA
8.54177088544272	NA
8.53493746873437	NA
8.52810405202601	NA
8.52127063531766	NA
8.5144372186093	NA
8.50760380190095	NA
8.5007703851926	NA
8.49393696848424	NA
8.48710355177589	NA
8.48027013506753	NA
8.47343671835918	NA
8.46660330165082	NA
8.45976988494247	NA
8.45293646823412	NA
8.44610305152576	NA
8.43926963481741	NA
8.43243621810905	NA
8.4256028014007	NA
8.41876938469235	NA
8.41193596798399	NA
8.40510255127564	NA
8.39826913456728	NA
8.39143571785893	NA
8.38460230115058	NA
8.37776888444222	NA
8.37093546773387	NA
8.36410205102551	NA
8.35726863431716	NA
8.3504352176088	NA
8.34360180090045	NA
8.3367683841921	NA
8.32993496748374	NA
8.32310155077539	NA
8.31626813406703	NA
8.30943471735868	NA
8.30260130065033	NA
8.29576788394197	NA
8.28893446723362	NA
8.28210105052526	NA
8.27526763381691	NA
8.26843421710855	NA
8.2616008004002	NA
8.25476738369185	NA
8.24793396698349	NA
8.24110055027514	NA
8.23426713356678	NA
8.22743371685843	NA
8.22060030015007	NA
8.21376688344172	NA
8.20693346673337	NA
8.20010005002501	NA
8.19326663331666	NA
8.1864332166083	NA
8.17959979989995	NA
8.1727663831916	NA
8.16593296648324	NA
8.15909954977489	NA
8.15226613306653	NA
8.14543271635818	NA
8.13859929964983	NA
8.13176588294147	NA
8.12493246623312	NA
8.11809904952476	NA
8.11126563281641	NA
8.10443221610806	NA
8.0975987993997	NA
8.09076538269134	NA
8.08393196598299	NA
8.07709854927464	NA
8.07026513256628	NA
8.06343171585793	NA
8.05659829914957	NA
8.04976488244122	NA
8.04293146573287	NA
8.03609804902451	NA
8.02926463231616	NA
8.0224312156078	NA
8.01559779889945	NA
8.0087643821911	NA
8.00193096548274	NA
7.99509754877439	NA
7.98826413206603	NA
7.98143071535768	NA
7.97459729864932	NA
7.96776388194097	NA
7.96093046523262	NA
7.95409704852426	NA
7.94726363181591	NA
7.94043021510755	NA
7.9335967983992	NA
7.92676338169085	NA
7.91992996498249	NA
7.91309654827414	NA
7.90626313156578	NA
7.89942971485743	NA
7.89259629814907	NA
7.88576288144072	NA
7.87892946473237	NA
7.87209604802401	NA
7.86526263131566	NA
7.8584292146073	NA
7.85159579789895	NA
7.84476238119059	NA
7.83792896448224	NA
7.83109554777389	NA
7.82426213106553	NA
7.81742871435718	NA
7.81059529764882	NA
7.80376188094047	NA
7.79692846423212	NA
7.79009504752376	NA
7.78326163081541	NA
7.77642821410705	NA
7.7695947973987	NA
7.76276138069035	NA
7.75592796398199	NA
7.74909454727364	NA
7.74226113056528	NA
7.73542771385693	NA
7.72859429714857	NA
7.72176088044022	NA
7.71492746373187	NA
7.70809404702351	NA
7.70126063031516	NA
7.6944272136068	NA
7.68759379689845	NA
7.68076038019009	NA
7.67392696348174	NA
7.66709354677339	NA
7.66026013006503	NA
7.65342671335668	NA
7.64659329664832	NA
7.63975987993997	NA
7.63292646323162	NA
7.62609304652326	NA
7.61925962981491	NA
7.61242621310655	NA
7.6055927963982	NA
7.59875937968984	NA
7.59192596298149	NA
7.58509254627314	NA
7.57825912956478	NA
7.57142571285643	NA
7.56459229614807	NA
7.55775887943972	NA
7.55092546273137	NA
7.54409204602301	NA
7.53725862931466	NA
7.5304252126063	NA
7.52359179589795	NA
7.51675837918959	NA
7.50992496248124	NA
7.50309154577289	NA
7.49625812906453	NA
7.48942471235618	NA
7.48259129564782	NA
7.47575787893947	NA
7.46892446223112	NA
7.46209104552276	NA
7.45525762881441	NA
7.44842421210605	NA
7.4415907953977	NA
7.43475737868934	NA
7.42792396198099	NA
7.42109054527264	NA
7.41425712856428	NA
7.40742371185593	NA
7.40059029514757	NA
7.39375687843922	NA
7.38692346173087	NA
7.38009004502251	NA
7.37325662831416	NA
7.3664232116058	NA
7.35958979489745	NA
7.35275637818909	NA
7.34592296148074	NA
7.33908954477239	NA
7.33225612806403	NA
7.32542271135568	NA
7.31858929464732	NA
7.31175587793897	NA
7.30492246123061	NA
7.29808904452226	NA
7.29125562781391	NA
7.28442221110555	NA
7.2775887943972	NA
7.27075537768884	NA
7.26392196098049	NA
7.25708854427214	NA
7.25025512756378	NA
7.24342171085543	NA
7.23658829414707	NA
7.22975487743872	NA
7.22292146073037	NA
7.21608804402201	NA
7.20925462731366	NA
7.2024212106053	NA
7.19558779389695	NA
7.18875437718859	NA
7.18192096048024	NA
7.17508754377189	NA
7.16825412706353	NA
7.16142071035518	NA
7.15458729364682	NA
7.14775387693847	NA
7.14092046023011	NA
7.13408704352176	NA
7.12725362681341	NA
7.12042021010505	NA
7.1135867933967	NA
7.10675337668834	NA
7.09991995997999	NA
7.09308654327164	NA
7.08625312656328	NA
7.07941970985493	NA
7.07258629314657	NA
7.06575287643822	NA
7.05891945972986	NA
7.05208604302151	NA
7.04525262631316	NA
7.0384192096048	NA
7.03158579289645	NA
7.02475237618809	NA
7.01791895947974	NA
7.01108554277139	NA
7.00425212606303	NA
6.99741870935468	NA
6.99058529264632	NA
6.98375187593797	NA
6.97691845922961	NA
6.97008504252126	NA
6.96325162581291	NA
6.95641820910455	NA
6.9495847923962	NA
6.94275137568784	NA
6.93591795897949	NA
6.92908454227114	NA
6.92225112556278	NA
6.91541770885443	NA
6.90858429214607	NA
6.90175087543772	NA
6.89491745872936	NA
6.88808404202101	NA
6.88125062531266	NA
6.8744172086043	NA
6.86758379189595	NA
6.86075037518759	NA
6.85391695847924	NA
6.84708354177089	NA
6.84025012506253	NA
6.83341670835418	NA
6.82658329164582	NA
6.81974987493747	NA
6.81291645822911	NA
6.80608304152076	NA
6.79924962481241	NA
6.79241620810405	NA
6.7855827913957	NA
6.77874937468734	NA
6.77191595797899	NA
6.76508254127064	NA
6.75824912456228	NA
6.75141570785393	NA
6.74458229114557	NA
6.73774887443722	NA
6.73091545772886	NA
6.72408204102051	NA
6.71724862431216	NA
6.7104152076038	NA
6.70358179089545	NA
6.69674837418709	NA
6.68991495747874	NA
6.68308154077038	NA
6.67624812406203	NA
6.66941470735368	NA
6.66258129064532	NA
6.65574787393697	NA
6.64891445722861	NA
6.64208104052026	NA
6.63524762381191	NA
6.62841420710355	NA
6.6215807903952	NA
6.61474737368684	NA
6.60791395697849	NA
6.60108054027013	NA
6.59424712356178	NA
6.58741370685343	NA
6.58058029014507	NA
6.57374687343672	NA
6.56691345672836	NA
6.56008004002001	NA
6.55324662331166	NA
6.5464132066033	NA
6.53957978989495	NA
6.53274637318659	NA
6.52591295647824	NA
6.51907953976988	NA
6.51224612306153	NA
6.50541270635318	NA
6.49857928964482	NA
6.49174587293647	NA
6.48491245622811	NA
6.47807903951976	NA
6.47124562281141	NA
6.46441220610305	NA
6.4575787893947	NA
6.45074537268634	NA
6.44391195597799	NA
6.43707853926963	NA
6.43024512256128	NA
6.42341170585293	NA
6.41657828914457	NA
6.40974487243622	NA
6.40291145572786	NA
6.39607803901951	NA
6.38924462231116	NA
6.3824112056028	NA
6.37557778889445	NA
6.36874437218609	NA
6.36191095547774	NA
6.35507753876938	NA
6.34824412206103	NA
6.34141070535268	NA
6.33457728864432	NA
6.32774387193597	NA
6.32091045522761	NA
6.31407703851926	NA
6.3072436218109	NA
6.30041020510255	NA
6.2935767883942	NA
6.28674337168584	NA
6.27990995497749	NA
6.27307653826913	NA
6.26624312156078	NA
6.25940970485243	NA
6.25257628814407	NA
6.24574287143572	NA
6.23890945472736	NA
6.23207603801901	NA
6.22524262131066	NA
6.2184092046023	NA
6.21157578789395	NA
6.20474237118559	NA
6.19790895447724	NA
6.19107553776888	NA
6.18424212106053	NA
6.17740870435218	NA
6.17057528764382	NA
6.16374187093547	NA
6.15690845422711	NA
6.15007503751876	NA
6.1432416208104	NA
6.13640820410205	NA
6.1295747873937	NA
6.12274137068534	NA
6.11590795397699	NA
6.10907453726863	NA
6.10224112056028	NA
6.09540770385193	NA
6.08857428714357	NA
6.08174087043522	NA
6.07490745372686	NA
6.06807403701851	NA
6.06124062031015	NA
6.0544072036018	NA
6.04757378689345	NA
6.04074037018509	NA
6.03390695347674	NA
6.02707353676838	NA
6.02024012006003	NA
6.01340670335168	NA
6.00657328664332	NA
5.99973986993497	NA
5.99290645322661	NA
5.98607303651826	NA
5.9792396198099	NA
5.97240620310155	NA
5.9655727863932	NA
5.95873936968484	NA
5.95190595297649	NA
5.94507253626813	NA
5.93823911955978	NA
5.93140570285143	NA
5.92457228614307	NA
5.91773886943472	NA
5.91090545272636	NA
5.90407203601801	NA
5.89723861930965	NA
5.8904052026013	NA
5.88357178589295	NA
5.87673836918459	NA
5.86990495247624	NA
5.86307153576788	NA
5.85623811905953	NA
5.84940470235118	NA
5.84257128564282	NA
5.83573786893447	NA
5.82890445222611	NA
5.82207103551776	NA
5.8152376188094	NA
5.80840420210105	NA
5.8015707853927	NA
5.79473736868434	NA
5.78790395197599	NA
5.78107053526763	NA
5.77423711855928	NA
5.76740370185092	NA
5.76057028514257	NA
5.75373686843422	NA
5.74690345172586	NA
5.74007003501751	NA
5.73323661830915	NA
5.7264032016008	NA
5.71956978489245	NA
5.71273636818409	NA
5.70590295147574	NA
5.69906953476738	NA
5.69223611805903	NA
5.68540270135068	NA
5.67856928464232	NA
5.67173586793397	NA
5.66490245122561	NA
5.65806903451726	NA
5.6512356178089	NA
5.64440220110055	NA
5.6375687843922	NA
5.63073536768384	NA
5.62390195097549	NA
5.61706853426713	NA
5.61023511755878	NA
5.60340170085042	NA
5.59656828414207	NA
5.58973486743372	NA
5.58290145072536	NA
5.57606803401701	NA
5.56923461730865	NA
5.5624012006003	NA
5.55556778389195	NA
5.54873436718359	NA
5.54190095047524	NA
5.53506753376688	NA
5.52823411705853	NA
5.52140070035017	NA
5.51456728364182	NA
5.50773386693347	NA
5.50090045022511	NA
5.49406703351676	NA
5.4872336168084	NA
5.48040020010005	NA
5.4735667833917	NA
5.46673336668334	NA
5.45989994997499	NA
5.45306653326663	NA
5.44623311655828	NA
5.43939969984993	NA
5.43256628314157	NA
5.42573286643322	NA
5.41889944972486	NA
5.41206603301651	NA
5.40523261630815	NA
5.3983991995998	NA
5.39156578289145	NA
5.38473236618309	NA
5.37789894947474	NA
5.37106553276638	NA
5.36423211605803	NA
5.35739869934967	NA
5.35056528264132	NA
5.34373186593297	NA
5.33689844922461	NA
5.33006503251626	NA
5.3232316158079	NA
5.31639819909955	NA
5.3095647823912	NA
5.30273136568284	NA
5.29589794897449	NA
5.28906453226613	NA
5.28223111555778	NA
5.27539769884942	NA
5.26856428214107	NA
5.26173086543272	NA
5.25489744872436	NA
5.24806403201601	NA
5.24123061530765	NA
5.2343971985993	NA
5.22756378189094	NA
5.22073036518259	NA
5.21389694847424	NA
5.20706353176588	NA
5.20023011505753	NA
5.19339669834917	NA
5.18656328164082	NA
5.17972986493247	NA
5.17289644822411	NA
5.16606303151576	NA
5.1592296148074	NA
5.15239619809905	NA
5.14556278139069	NA
5.13872936468234	NA
5.13189594797399	NA
5.12506253126563	NA
5.11822911455728	NA
5.11139569784892	NA
5.10456228114057	NA
5.09772886443222	NA
5.09089544772386	NA
5.08406203101551	NA
5.07722861430715	NA
5.0703951975988	NA
5.06356178089045	NA
5.05672836418209	NA
5.04989494747374	NA
5.04306153076538	NA
5.03622811405703	NA
5.02939469734867	NA
5.02256128064032	NA
5.01572786393197	NA
5.00889444722361	NA
5.00206103051526	NA
4.9952276138069	NA
4.98839419709855	NA
4.9815607803902	NA
4.97472736368184	NA
4.96789394697349	NA
4.96106053026513	NA
4.95422711355678	NA
4.94739369684842	NA
4.94056028014007	NA
4.93372686343172	NA
4.92689344672336	NA
4.92006003001501	NA
4.91322661330665	NA
4.9063931965983	NA
4.89955977988994	NA
4.89272636318159	NA
4.88589294647324	NA
4.87905952976488	NA
4.87222611305653	NA
4.86539269634817	NA
4.85855927963982	NA
4.85172586293147	NA
4.84489244622311	NA
4.83805902951476	NA
4.8312256128064	NA
4.82439219609805	NA
4.81755877938969	NA
4.81072536268134	NA
4.80389194597299	NA
4.79705852926463	NA
4.79022511255628	NA
4.78339169584792	NA
4.77655827913957	NA
4.76972486243121	NA
4.76289144572286	NA
4.75605802901451	NA
4.74922461230615	NA
4.7423911955978	NA
4.73555777888944	NA
4.72872436218109	NA
4.72189094547274	NA
4.71505752876438	NA
4.70822411205603	NA
4.70139069534767	NA
4.69455727863932	NA
4.68772386193097	NA
4.68089044522261	NA
4.67405702851426	NA
4.6672236118059	NA
4.66039019509755	NA
4.65355677838919	NA
4.64672336168084	NA
4.63988994497249	NA
4.63305652826413	NA
4.62622311155578	NA
4.61938969484742	NA
4.61255627813907	NA
4.60572286143072	NA
4.59888944472236	NA
4.59205602801401	NA
4.58522261130565	NA
4.5783891945973	NA
4.57155577788894	NA
4.56472236118059	NA
4.55788894447224	NA
4.55105552776388	NA
4.54422211105553	NA
4.53738869434717	NA
4.53055527763882	NA
4.52372186093046	NA
4.51688844422211	NA
4.51005502751376	NA
4.5032216108054	NA
4.49638819409705	NA
4.48955477738869	NA
4.48272136068034	NA
4.47588794397199	NA
4.46905452726363	NA
4.46222111055528	NA
4.45538769384692	NA
4.44855427713857	NA
4.44172086043021	NA
4.43488744372186	NA
4.42805402701351	NA
4.42122061030515	NA
4.4143871935968	NA
4.40755377688844	NA
4.40072036018009	NA
4.39388694347173	NA
4.38705352676338	NA
4.38022011005503	NA
4.37338669334667	NA
4.36655327663832	NA
4.35971985992996	NA
4.35288644322161	NA
4.34605302651326	NA
4.3392196098049	NA
4.33238619309655	NA
4.32555277638819	NA
4.31871935967984	NA
4.31188594297149	NA
4.30505252626313	NA
4.29821910955478	NA
4.29138569284642	NA
4.28455227613807	NA
4.27771885942972	NA
4.27088544272136	NA
4.26405202601301	NA
4.25721860930465	NA
4.2503851925963	NA
4.24355177588794	NA
4.23671835917959	NA
4.22988494247124	NA
4.22305152576288	NA
4.21621810905453	NA
4.20938469234617	NA
4.20255127563782	NA
4.19571785892946	NA
4.18888444222111	NA
4.18205102551276	NA
4.1752176088044	NA
4.16838419209605	NA
4.16155077538769	NA
4.15471735867934	NA
4.14788394197098	NA
4.14105052526263	NA
4.13421710855428	NA
4.12738369184592	NA
4.12055027513757	NA
4.11371685842921	NA
4.10688344172086	NA
4.10005002501251	NA
4.09321660830415	NA
4.0863831915958	NA
4.07954977488744	NA
4.07271635817909	NA
4.06588294147073	NA
4.05904952476238	NA
4.05221610805403	NA
4.04538269134567	NA
4.03854927463732	NA
4.03171585792896	NA
4.02488244122061	NA
4.01804902451225	NA
4.0112156078039	NA
4.00438219109555	NA
3.99754877438719	NA
3.99071535767884	NA
3.98388194097048	NA
3.97704852426213	NA
3.97021510755378	NA
3.96338169084542	NA
3.95654827413707	NA
3.94971485742871	NA
3.94288144072036	NA
3.93604802401201	NA
3.92921460730365	NA
3.9223811905953	NA
3.91554777388694	NA
3.90871435717859	NA
3.90188094047024	NA
3.89504752376188	NA
3.88821410705353	NA
3.88138069034517	NA
3.87454727363682	NA
3.86771385692846	NA
3.86088044022011	NA
3.85404702351176	NA
3.8472136068034	NA
3.84038019009505	NA
3.83354677338669	NA
3.82671335667834	NA
3.81987993996998	NA
3.81304652326163	NA
3.80621310655328	NA
3.79937968984492	NA
3.79254627313657	NA
3.78571285642821	NA
3.77887943971986	NA
3.77204602301151	NA
3.76521260630315	NA
3.7583791895948	NA
3.75154577288644	NA
3.74471235617809	NA
3.73787893946973	NA
3.73104552276138	NA
3.72421210605303	NA
3.71737868934467	NA
3.71054527263632	NA
3.70371185592796	NA
3.69687843921961	NA
3.69004502251125	NA
3.6832116058029	NA
3.67637818909455	NA
3.66954477238619	NA
3.66271135567784	NA
3.65587793896948	NA
3.64904452226113	NA
3.64221110555278	NA
3.63537768884442	NA
3.62854427213607	NA
3.62171085542771	NA
3.61487743871936	NA
3.608044022011	NA
3.60121060530265	NA
3.5943771885943	NA
3.58754377188594	NA
3.58071035517759	NA
3.57387693846923	NA
3.56704352176088	NA
3.56021010505253	NA
3.55337668834417	NA
3.54654327163582	NA
3.53970985492746	NA
3.53287643821911	NA
3.52604302151076	NA
3.5192096048024	NA
3.51237618809405	NA
3.50554277138569	NA
3.49870935467734	NA
3.49187593796898	NA
3.48504252126063	NA
3.47820910455228	NA
3.47137568784392	NA
3.46454227113557	NA
3.45770885442721	NA
3.45087543771886	NA
3.4440420210105	NA
3.43720860430215	NA
3.4303751875938	NA
3.42354177088544	NA
3.41670835417709	NA
3.40987493746873	NA
3.40304152076038	NA
3.39620810405203	NA
3.38937468734367	NA
3.38254127063532	NA
3.37570785392696	NA
3.36887443721861	NA
3.36204102051025	NA
3.3552076038019	NA
3.34837418709355	NA
3.34154077038519	NA
3.33470735367684	NA
3.32787393696848	NA
3.32104052026013	NA
3.31420710355177	NA
3.30737368684342	NA
3.30054027013507	NA
3.29370685342671	NA
3.28687343671836	NA
3.28004002001	NA
3.27320660330165	NA
3.2663731865933	NA
3.25953976988494	NA
3.25270635317659	NA
3.24587293646823	NA
3.23903951975988	NA
3.23220610305152	NA
3.22537268634317	NA
3.21853926963482	NA
3.21170585292646	NA
3.20487243621811	NA
3.19803901950975	NA
3.1912056028014	NA
3.18437218609305	NA
3.17753876938469	NA
3.17070535267634	NA
3.16387193596798	NA
3.15703851925963	NA
3.15020510255128	NA
3.14337168584292	NA
3.13653826913457	NA
3.12970485242621	NA
3.12287143571786	NA
3.1160380190095	NA
3.10920460230115	NA
3.1023711855928	NA
3.09553776888444	NA
3.08870435217609	NA
3.08187093546773	NA
3.07503751875938	NA
3.06820410205103	NA
3.06137068534267	NA
3.05453726863432	NA
3.04770385192596	NA
3.04087043521761	NA
3.03403701850925	NA
3.0272036018009	NA
3.02037018509255	NA
3.01353676838419	NA
3.00670335167584	NA
2.99986993496748	NA
2.99303651825913	NA
2.98620310155077	NA
2.97936968484242	NA
2.97253626813407	NA
2.96570285142571	NA
2.95886943471736	NA
2.952036018009	NA
2.94520260130065	NA
2.9383691845923	NA
2.93153576788394	NA
2.92470235117559	NA
2.91786893446723	NA
2.91103551775888	NA
2.90420210105052	NA
2.89736868434217	NA
2.89053526763382	NA
2.88370185092546	NA
2.87686843421711	NA
2.87003501750875	NA
2.8632016008004	NA
2.85636818409205	NA
2.84953476738369	NA
2.84270135067534	NA
2.83586793396698	NA
2.82903451725863	NA
2.82220110055028	NA
2.81536768384192	NA
2.80853426713357	NA
2.80170085042521	NA
2.79486743371686	NA
2.7880340170085	NA
2.78120060030015	NA
2.7743671835918	NA
2.76753376688344	NA
2.76070035017509	NA
2.75386693346673	NA
2.74703351675838	NA
2.74020010005002	NA
2.73336668334167	NA
2.72653326663332	NA
2.71969984992496	NA
2.71286643321661	NA
2.70603301650825	NA
2.6991995997999	NA
2.69236618309155	NA
2.68553276638319	NA
2.67869934967484	NA
2.67186593296648	NA
2.66503251625813	NA
2.65819909954977	NA
2.65136568284142	NA
2.64453226613307	NA
2.63769884942471	NA
2.63086543271636	NA
2.624032016008	NA
2.61719859929965	NA
2.61036518259129	NA
2.60353176588294	NA
2.59669834917459	NA
2.58986493246623	NA
2.58303151575788	NA
2.57619809904952	NA
2.56936468234117	NA
2.56253126563282	NA
2.55569784892446	NA
2.54886443221611	NA
2.54203101550775	NA
2.5351975987994	NA
2.52836418209104	NA
2.52153076538269	NA
2.51469734867434	NA
2.50786393196598	NA
2.50103051525763	NA
2.49419709854927	NA
2.48736368184092	NA
2.48053026513257	NA
2.47369684842421	NA
2.46686343171586	NA
2.4600300150075	NA
2.45319659829915	NA
2.4463631815908	NA
2.43952976488244	NA
2.43269634817409	NA
2.42586293146573	NA
2.41902951475738	NA
2.41219609804902	NA
2.40536268134067	NA
2.39852926463232	NA
2.39169584792396	NA
2.38486243121561	NA
2.37802901450725	NA
2.3711955977989	NA
2.36436218109055	NA
2.35752876438219	NA
2.35069534767384	NA
2.34386193096548	NA
2.33702851425713	NA
2.33019509754877	NA
2.32336168084042	NA
2.31652826413207	NA
2.30969484742371	NA
2.30286143071536	NA
2.296028014007	NA
2.28919459729865	NA
2.28236118059029	NA
2.27552776388194	NA
2.26869434717359	NA
2.26186093046523	NA
2.25502751375688	NA
2.24819409704852	NA
2.24136068034017	NA
2.23452726363181	NA
2.22769384692346	NA
2.22086043021511	NA
2.21402701350675	NA
2.2071935967984	NA
2.20036018009004	NA
2.19352676338169	NA
2.18669334667334	NA
2.17985992996498	NA
2.17302651325663	NA
2.16619309654827	NA
2.15935967983992	NA
2.15252626313156	NA
2.14569284642321	NA
2.13885942971486	NA
2.1320260130065	NA
2.12519259629815	NA
2.11835917958979	NA
2.11152576288144	NA
2.10469234617309	NA
2.09785892946473	NA
2.09102551275638	NA
2.08419209604802	NA
2.07735867933967	NA
2.07052526263132	NA
2.06369184592296	NA
2.05685842921461	NA
2.05002501250625	NA
2.0431915957979	NA
2.03635817908954	NA
2.02952476238119	NA
2.02269134567284	NA
2.01585792896448	NA
2.00902451225613	NA
2.00219109554777	NA
1.99535767883942	NA
1.98852426213107	NA
1.98169084542271	NA
1.97485742871436	NA
1.968024012006	NA
1.96119059529765	NA
1.95435717858929	NA
1.94752376188094	NA
1.94069034517259	NA
1.93385692846423	NA
1.92702351175588	NA
1.92019009504752	NA
1.91335667833917	NA
1.90652326163081	NA
1.89968984492246	NA
1.89285642821411	NA
1.88602301150575	NA
1.8791895947974	NA
1.87235617808904	NA
1.86552276138069	NA
1.85868934467234	NA
1.85185592796398	NA
1.84502251125563	NA
1.83818909454727	NA
1.83135567783892	NA
1.82452226113056	NA
1.81768884442221	NA
1.81085542771386	NA
1.8040220110055	NA
1.79718859429715	NA
1.79035517758879	NA
1.78352176088044	NA
1.77668834417208	NA
1.76985492746373	NA
1.76302151075538	NA
1.75618809404702	NA
1.74935467733867	NA
1.74252126063031	NA
1.73568784392196	NA
1.72885442721361	NA
1.72202101050525	NA
1.7151875937969	NA
1.70835417708854	NA
1.70152076038019	NA
1.69468734367184	NA
1.68785392696348	NA
1.68102051025513	NA
1.67418709354677	NA
1.66735367683842	NA
1.66052026013007	NA
1.65368684342171	NA
1.64685342671336	NA
1.640020010005	NA
1.63318659329665	NA
1.62635317658829	NA
1.61951975987994	NA
1.61268634317159	NA
1.60585292646323	NA
1.59901950975488	NA
1.59218609304652	NA
1.58535267633817	NA
1.57851925962981	NA
1.57168584292146	NA
1.56485242621311	NA
1.55801900950475	NA
1.5511855927964	NA
1.54435217608804	NA
1.53751875937969	NA
1.53068534267133	NA
1.52385192596298	NA
1.51701850925463	NA
1.51018509254627	NA
1.50335167583792	NA
1.49651825912956	NA
1.48968484242121	NA
1.48285142571286	NA
1.4760180090045	NA
1.46918459229615	NA
1.46235117558779	NA
1.45551775887944	NA
1.44868434217108	NA
1.44185092546273	NA
1.43501750875438	NA
1.42818409204602	NA
1.42135067533767	NA
1.41451725862931	NA
1.40768384192096	NA
1.4008504252126	NA
1.39401700850425	NA
1.3871835917959	NA
1.38035017508754	NA
1.37351675837919	NA
1.36668334167083	90.6782841420709
1.35984992496248	90.041255627814
1.35301650825413	90.5537618809405
1.34618309154577	90.8258029014507
1.33934967483742	90.9175587793897
1.33251625812906	91.1020610305153
1.32568284142071	91.5326413206604
1.31884942471236	92.0399149574787
1.312016008004	92.217583791896
1.30518259129565	92.4530615307654
1.29834917458729	92.7639069534768
1.29151575787894	93.2354127063532
1.28468234117059	93.7335067533767
1.27784892446223	94.1208704352176
1.27101550775388	94.2507053526763
1.26418209104552	94.8925162581292
1.25734867433717	95.4725662831416
1.25051525762881	95.8142371185593
1.24368184092046	96.2633166583292
1.23684842421211	96.7841870935468
1.23001500750375	97.3786943471737
1.2231815907954	97.8027413706854
1.21634817408704	98.5404702351176
1.20951475737869	99.5227013506754
1.20268134067033	100.124042021011
1.19584792396198	100.71707853927
1.18901450725363	101.323476738369
1.18218109054527	102.040985492746
1.17534767383692	102.409569784892
1.16851425712856	102.669544772386
1.16168084042021	103.127383691846
1.15484742371186	103.837698849425
1.1480140070035	104.493341670835
1.14118059029515	104.814512256128
1.13434717358679	104.649539769885
1.12751375687844	104.475027513757
1.12068034017008	104.46136068034
1.11384692346173	105.296818409205
1.10701350675338	106.241095547774
1.10018009004502	107.204607303652
1.09334667333667	107.935252626313
1.08651325662831	108.432956478239
1.07967983991996	108.707363681841
1.0728464232116	108.864532266133
1.06601300650325	109.189154577289
1.0591795897949	109.602971485743
1.05234617308654	109.794307153577
1.04551275637819	110.151670835418
1.03867933966983	110.603766883442
1.03184592296148	111.088939469735
1.02501250625313	111.434462231116
1.01817908954477	111.782926463232
1.01134567283642	112.281765882941
1.00451225612806	112.86292146073
0.997678839419709	113.601210605303
0.990845422711354	114.605722861431
0.984012006003001	115.280895447724
0.977178589294647	115.714892446223
0.970345172586292	115.872061030515
0.963511755877938	116.327688844422
0.956678339169583	117.04499749875
0.94984492246123	118.009924962481
0.943011505752876	118.447263631816
0.936178089044521	118.899889944973
0.929344672336168	119.410435217609
0.922511255627812	120.353446723362
0.915677838919459	120.855597798899
0.908844422211105	121.114312156078
0.90201100550275	121.435482741371
0.895177588794397	121.896503251626
0.888344172086041	122.4324012006
0.881510755377688	123.020075037519
0.874677338669335	123.543876938469
0.867843921960979	124.094827413707
0.861010505252626	124.744002001001
0.854177088544271	125.189374687344
0.847343671835917	125.57016008004
0.840510255127564	125.904997498749
0.833676838419208	126.435852926463
0.826843421710855	126.906768384192
0.820010005002501	127.28943971986
0.813176588294146	127.235412706353
0.806343171585793	127.370900450225
0.799509754877437	127.681865932967
0.792676338169084	128.12603801901
0.785842921460731	128.428869434717
0.779009504752375	128.700135067534
0.772176088044022	129.321975987994
0.765342671335667	129.948474237119
0.758509254627313	130.596528264132
0.75167583791896	131.314037018509
0.744842421210604	131.840715357679
0.738009004502251	132.303396698349
0.731175587793896	132.761235617809
0.724342171085542	133.100260130065
0.717508754377189	133.364772386193
0.710675337668834	133.54244122061
0.70384192096048	133.81248124062
0.697008504252125	134.215302651326
0.690175087543771	134.775642821411
0.683341670835418	135.209474737369
0.676508254127063	135.769174587294
0.669674837418709	136.425202601301
0.662841420710354	136.534537268634
0.656008004002	136.911335667834
0.649174587293647	137.458699349675
0.642341170585292	137.861870935468
0.635507753876938	138.27851925963
0.628674337168583	138.696888444222
0.62184092046023	139.093226613307
0.615007503751876	139.419669834917
0.608174087043521	139.716688344172
0.601340670335167	140.003691845923
0.594507253626812	140.565332666333
0.587673836918459	141.133526763382
0.580840420210105	141.584532266133
0.57400700350175	141.933656828414
0.567173586793396	142.257188594297
0.560340170085041	142.564692346173
0.553506753376688	143.002061030515
0.546673336668334	143.416293146573
0.539839919959979	143.798804402201
0.533006503251626	144.174642321161
0.52617308654327	144.450980490245
0.519339669834917	144.689429714857
0.512506253126563	145.304437218609
0.505672836418208	145.755012506253
0.498839419709855	146.095262631316
0.492006003001499	146.361765882942
0.485172586293146	146.874467233617
0.478339169584793	147.414737368684
0.471505752876437	147.72224112056
0.464672336168084	148.104332166083
0.457838919459729	148.5355977989
0.451005502751375	149.027603801901
0.444172086043022	149.560405202601
0.437338669334666	150.068309154577
0.430505252626313	150.526148074037
0.423671835917958	151.053596798399
0.416838419209604	151.536018009005
0.410005002501251	151.959689844922
0.403171585792895	152.308249124562
0.396338169084542	152.583516758379
0.389504752376187	152.810210105053
0.382671335667833	153.227048524262
0.37583791895948	153.556483241621
0.369004502251125	153.848734367184
0.362171085542771	154.251905952977
0.355337668834416	154.725012506253
0.348504252126062	155.197778889445
0.341670835417709	155.553116558279
0.334837418709354	155.567723861931
0.328004002001	155.607783891946
0.321170585292645	155.976788394197
0.314337168584292	156.39675837919
0.307503751875938	156.809789894947
0.300670335167583	157.192461230615
0.293836918459229	157.513501750875
0.287003501750874	157.908744372186
0.280170085042521	158.407583791896
0.273336668334167	158.886433216608
0.266503251625812	159.350785392696
0.259669834917458	159.799149574787
0.252836418209103	160.195487743872
0.24600300150075	160.515882941471
0.239169584792396	160.798994497249
0.232336168084041	161.202166083042
0.225502751375688	161.542376188094
0.218669334667332	161.875162581291
0.211835917958979	162.312501250625
0.205002501250625	162.619904952476
0.19816908454227	162.923516758379
0.191335667833917	163.347188594297
0.184502251125561	163.737873936969
0.177668834417208	164.024967483742
0.170835417708854	164.127468734367
0.164002001000499	164.403911955978
0.157168584292146	164.752716358179
0.150335167583791	165.169554777389
0.143501750875437	165.514912456228
0.136668334167084	165.753301650825
0.129834917458728	165.885612806403
0.123001500750375	166.117948974487
0.11616808404202	166.288974487244
0.109334667333666	166.428609304652
0.102501250625313	166.722446223112
0.0956678339169574	167.124587293647
0.088834417208604	167.553126563282
0.0820010005002487	167.805962981491
0.0751675837918953	168.179609804902
0.0683341670835418	168.52332166083
0.0615007503751865	168.618989494747
0.0546673336668331	168.703991995998
0.0478339169584778	168.857473736868
0.0410005002501244	169.164977488744
0.0341670835417709	169.47248124062
0.0273336668334156	169.729324662331
0.0205002501250622	169.906993496748
0.0136668334167069	170.122661330665
0.00683341670835347	170.404662331166
0	170.76
