time	Quartzabschange
0	1.71175813712652
0.00683341670835418	1.71172220357682
0.0136668334167084	1.71168864317262
0.0205002501250625	1.65576279599517
0.0273336668334167	1.33146847671431
0.0341670835417709	0.670416581203685
0.0410005002501251	-0.255783813175586
0.0478339169584792	-1.17111576880554
0.0546673336668334	-0.100583717463329
0.0615007503751876	0.76817961311287
0.0683341670835418	1.39627124467279
0.075167583791896	1.67830839044176
0.0820010005002501	1.59313566104321
0.0888344172086043	1.21408814385648
0.0956678339169585	0.675704299293938
0.102501250625313	0.142287594009102
0.109334667333667	-0.236049759099072
0.116168084042021	-0.388685182591548
0.123001500750375	-0.309743806065345
0.129834917458729	-0.0505121564741375
0.136668334167084	0.320465110524016
0.143501750875438	0.70536064009694
0.150335167583792	0.996069328056789
0.157168584292146	1.13584638270892
0.1640020010005	1.0599027273914
0.170835417708854	0.763387290667632
0.177668834417209	0.326531098659896
0.184502251125563	-0.134391669520508
0.191335667833917	-0.509888097423771
0.198169084542271	-0.732502913166576
0.205002501250625	-0.805284398044319
0.211835917958979	-0.764178402888444
0.218669334667334	-0.681865301908034
0.225502751375688	-0.633915403367078
0.232336168084042	-0.668543364766063
0.239169584792396	-0.801596388539857
0.24600300150075	-1.00056443165593
0.252836418209105	-1.20809261190136
0.259669834917459	-1.08288554479576
0.266503251625813	-0.982670541497105
0.273336668334167	-0.946579309819657
0.280170085042521	-0.93939037554583
0.287003501750875	-0.918205389399766
0.29383691845923	-0.850766897029274
0.300670335167584	-0.725618353920408
0.307503751875938	-0.554528175432937
0.314337168584292	-0.366337450166087
0.321170585292646	-0.19711428008148
0.328004002001	-0.0737039548538202
0.334837418709355	-0.0225616514495522
0.341670835417709	-0.0652201353423334
0.348504252126063	-0.212812289168726
0.355337668834417	-0.466325174575526
0.362171085542771	-0.8107653742549
0.369004502251126	-1.2174335458581
0.37583791895948	-0.829442841205345
0.382671335667834	-0.486629974060742
0.389504752376188	-0.274394774588308
0.396338169084542	-0.268334323670983
0.403171585792896	-0.471272044456845
0.410005002501251	-0.811026605311783
0.416838419209605	-1.19194742476502
0.423671835917959	-0.939976559387662
0.430505252626313	-0.73393471869779
0.437338669334667	-0.662648357307937
0.444172086043022	-0.702136320238916
0.451005502751376	-0.814779375647992
0.45783891945973	-0.960682321023619
0.464672336168084	-1.10727014317889
0.471505752876438	-1.22310561052544
0.478339169584792	-1.13103000433627
0.485172586293147	-1.09281634308122
0.492006003001501	-1.126917928795
0.498839419709855	-1.22147417425125
0.505672836418209	-1.05129469883513
0.512506253126563	-0.867249400445064
0.519339669834918	-0.715345504528282
0.526173086543272	-0.647672800154635
0.533006503251626	-0.694795672873573
0.53983991995998	-0.851335045059693
0.546673336668334	-1.08584249485266
0.553506753376688	-1.12037641372271
0.560340170085043	-0.900775409786884
0.567173586793397	-0.737693086147124
0.574007003501751	-0.635489422986679
0.580840420210105	-0.569274020475568
0.587673836918459	-0.512901741518694
0.594507253626813	-0.441327826950145
0.601340670335168	-0.340721298287526
0.608174087043522	-0.215628246427788
0.615007503751876	-0.0783413662873373
0.62184092046023	0.0393693578985038
0.628674337168584	0.0996152820889252
0.635507753876939	0.0700826558243793
0.642341170585293	-0.060094865873935
0.649174587293647	-0.277027370152955
0.656008004002001	-0.549445042139337
0.662841420710355	-0.840506129652569
0.669674837418709	-1.12410477185197
0.676508254127064	-1.06221216308593
0.683341670835418	-0.796782412919619
0.690175087543772	-0.522250131895964
0.697008504252126	-0.228382685854341
0.70384192096048	0.0779474772506516
0.710675337668834	0.371475991092866
0.717508754377189	0.617182638347968
0.724342171085543	0.751268079557661
0.731175587793897	0.737049159372861
0.738009004502251	0.584596982138991
0.744842421210605	0.350789523779852
0.75167583791896	0.113711410677584
0.758509254627314	-0.0446562470015509
0.765342671335668	-0.0600156988199647
0.772176088044022	0.0966634244490565
0.779009504752376	0.412737538614858
0.78584292146073	0.8472614342075
0.792676338169085	1.32623000353339
0.799509754877439	1.73958243282785
0.806343171585793	1.9381574840518
0.813176588294147	1.76152799193351
0.820010005002501	1.11527492548658
0.826843421710855	0.0429040639673142
0.83367683841921	-1.19881932884355
0.840510255127564	0.0299444145333124
0.847343671835918	0.907772410880752
0.854177088544272	1.28816844629892
0.861010505252626	1.1812985907496
0.867843921960981	0.732410354655961
0.874677338669335	0.139921600422672
0.881510755377689	-0.419065606267436
0.888344172086043	-0.837070623575724
0.895177588794397	-1.08005443105427
0.902011005502751	-1.17456459687141
0.908844422211106	-1.19452299333442
0.91567783891946	-1.22692484228562
0.922511255627814	-1.10733179642203
0.929344672336168	-0.851481273317729
0.936178089044522	-0.481334412756564
0.943011505752877	-0.0624513440234147
0.949844922461231	0.326549238697293
0.956678339169585	0.645393008789702
0.963511755877939	0.903939906795793
0.970345172586293	1.12963430935818
0.977178589294647	1.30311259083611
0.984012006003002	1.3208217314588
0.990845422711356	1.04427777999368
0.99767883941971	0.392227471476844
1.00451225612806	-0.576451679007035
1.01134567283642	-0.804225616368136
1.01817908954477	0.108813597170119
1.02501250625313	0.655510459633384
1.03184592296148	0.796581877740251
1.03867933966984	0.672614585938652
1.04551275637819	0.487359230109202
1.05234617308654	0.369558615129321
1.0591795897949	0.3142088076633
1.06601300650325	0.234968594053547
1.07284642321161	0.0544778401852541
1.07967983991996	-0.241120134305046
1.08651325662831	-0.610374600306138
1.09334667333667	-0.993788081437527
1.10018009004502	-1.1178251201578
1.10701350675338	-0.837911467811534
1.11384692346173	-0.630784430670284
1.12068034017009	-0.495875011477715
1.12751375687844	-0.428459409970324
1.13434717358679	-0.416683802038129
1.14118059029515	-0.440789500937763
1.1480140070035	-0.470708562978908
1.15484742371186	-0.468221669209545
1.16168084042021	-0.39644913858677
1.16851425712856	-0.227584361684512
1.17534767383692	0.0487471662321971
1.18218109054527	0.412903212945678
1.18901450725363	0.812165279637546
1.19584792396198	1.17742825379319
1.20268134067034	1.44202344335701
1.20951475737869	1.55773364021228
1.21634817408704	1.49785850944808
1.2231815907954	1.24915529682978
1.23001500750375	0.796798200494116
1.23684842421211	0.121083970856702
1.24368184092046	-0.790586281936281
1.25051525762881	-0.544541077920236
1.25734867433717	0.703146483309163
1.26418209104552	1.93508482715371
1.27101550775388	2.97769338991306
1.27784892446223	3.67873038950377
1.28468234117059	3.9500484473165
1.29151575787894	3.7980395051753
1.29834917458729	3.31431415595225
1.30518259129565	2.64569172266045
1.312016008004	1.92814684851717
1.31884942471236	1.2588294721311
1.32568284142071	0.694584496812523
1.33251625812906	0.259483323022249
1.33934967483742	-0.0408523062054314
1.34618309154577	-0.216361395292542
1.35301650825413	-0.293588784030168
1.35984992496248	-0.309976388109058
1.36668334167084	-0.30439098609619
1.37351675837919	-0.301867333639636
1.38035017508754	-0.300023423536062
1.3871835917959	-0.27682055993382
1.39401700850425	-0.224727230771994
1.40085042521261	-0.150633485209117
1.40768384192096	-0.0862939102951853
1.41451725862931	-0.0733823728525704
1.42135067533767	-0.141676178223941
1.42818409204602	-0.306229172223336
1.43501750875438	-0.562587568742085
1.44185092546273	-0.892286385868949
1.44868434217109	-1.18995986179738
1.45551775887944	-0.81205918421996
1.46235117558779	-0.470979818812393
1.46918459229615	-0.207340023174089
1.4760180090045	-0.0483329882005923
1.48285142571286	-0.00304782390334931
1.48968484242121	-0.0569924021219067
1.49651825912956	-0.175324468226029
1.50335167583792	-0.318539337671207
1.51018509254627	-0.447055174124417
1.51701850925463	-0.545217261461923
1.52385192596298	-0.624351550853078
1.53068534267134	-0.710337653158971
1.53751875937969	-0.824505861981776
1.54435217608804	-0.979485033107197
1.5511855927964	-1.17897705964461
1.55801900950475	-1.03974717370716
1.56485242621311	-0.780672138440735
1.57168584292146	-0.529385872644707
1.57851925962982	-0.318800357011123
1.58535267633817	-0.189534517665828
1.59218609304652	-0.184944454794664
1.59901950975488	-0.3353825321385
1.60585292646323	-0.645647734515641
1.61268634317159	-1.08589363498437
1.61951975987994	-0.868216170203266
1.62635317658829	-0.397382099764656
1.63318659329665	-0.0393008379617175
1.640020010005	0.159591101829187
1.64685342671336	0.197852079504499
1.65368684342171	0.101343338136178
1.66052026013007	-0.104155015341667
1.66735367683842	-0.410219803236939
1.67418709354677	-0.81343726116551
1.68102051025513	-1.17647148765738
1.68785392696348	-0.728376168498207
1.69468734367184	-0.409686497993018
1.70152076038019	-0.305818978835562
1.70835417708854	-0.433967980490961
1.7151875937969	-0.744407505815241
1.72202101050525	-1.15051765614139
1.72885442721361	-0.888447345222174
1.73568784392196	-0.505468742349102
1.74252126063032	-0.183054012196792
1.74935467733867	0.0446150597482098
1.75618809404702	0.127854707346773
1.76302151075538	0.0153744723702429
1.76985492746373	-0.307640045491058
1.77668834417209	-0.795596021381248
1.78352176088044	-1.11125553183656
1.79035517758879	-0.612439059304137
1.79718859429715	-0.252880223013554
1.8040220110055	-0.0755039553446388
1.81085542771386	-0.0857800450656644
1.81768884442221	-0.267534206509489
1.82452226113057	-0.578371005081195
1.83135567783892	-0.959602140588317
1.83818909454727	-1.11527545441195
1.84502251125563	-0.804246044153194
1.85185592796398	-0.618526720096169
1.85868934467234	-0.573841460140894
1.86552276138069	-0.631346681062672
1.87235617808904	-0.72717984701328
1.8791895947974	-0.798057554933419
1.88602301150575	-0.811581678295847
1.89285642821411	-0.77077090924482
1.89968984492246	-0.702599104650854
1.90652326163082	-0.632607004085975
1.91335667833917	-0.563251462904715
1.92019009504752	-0.473041694399044
1.92702351175588	-0.346760484564585
1.93385692846423	-0.197308040902632
1.94069034517259	-0.0587092042660063
1.94752376188094	0.0462264204580485
1.95435717858929	0.136702407449809
1.96119059529765	0.260665010315552
1.968024012006	0.454824689000283
1.97485742871436	0.693713779479601
1.98169084542271	0.88351003739899
1.98852426213107	0.887251123396506
1.99535767883942	0.586702231697372
2.00219109554777	-0.0544405220545622
2.00902451225613	-0.946858135115143
2.01585792896448	-0.568973287444089
2.02269134567284	0.183999968614248
2.02952476238119	0.571502523958048
2.03635817908954	0.548099612563778
2.0431915957979	0.199677576907083
2.05002501250625	-0.32787515258306
2.05685842921461	-0.90179744355037
2.06369184592296	-1.0064755151287
2.07052526263132	-0.494458723864188
2.07735867933967	-0.0235929804803048
2.08419209604802	0.399341396163475
2.09102551275638	0.734852727568709
2.09785892946473	0.951503820601452
2.10469234617309	1.00739329534094
2.11152576288144	0.892392052955106
2.11835917958979	0.608597887488754
2.12519259629815	0.173135924007766
2.1320260130065	-0.400286861625556
2.13885942971486	-1.09875574997432
2.14569284642321	-0.556875951021078
2.15252626313157	0.299551849319062
2.15935967983992	1.13141660859103
2.16619309654827	1.85265354642279
2.17302651325663	2.36004233528808
2.17985992996498	2.61386620055909
2.18669334667334	2.59251767597119
2.19352676338169	2.34578033839146
2.20036018009005	1.93190737144547
2.2071935967984	1.43287099623424
2.21402701350675	0.90727434671678
2.22086043021511	0.40060485307675
2.22769384692346	-0.0668001939380906
2.23452726363182	-0.495857473651018
2.24136068034017	-0.886638203680816
2.24819409704852	-1.22019452719352
2.25502751375688	-0.926955772253663
2.26186093046523	-0.717086185269863
2.26869434717359	-0.616078937626281
2.27552776388194	-0.6384144708229
2.2823611805903	-0.775230803946655
2.28919459729865	-0.965288151802467
2.296028014007	-1.12369847999142
2.30286143071536	-1.17916621794352
2.30969484742371	-1.08087179197499
2.31652826413207	-0.810256500771639
2.32336168084042	-0.377765787022008
2.33019509754877	0.179294082196353
2.33702851425713	0.803462104697153
2.34386193096548	1.42190783072129
2.35069534767384	1.94558050912481
2.35752876438219	2.2746472833032
2.36436218109055	2.29211439170891
2.3711955977989	1.89180528474445
2.37802901450725	1.01853014016113
2.38486243121561	-0.284650598685831
2.39169584792396	-0.589215001367915
2.39852926463232	1.03289480233697
2.40536268134067	2.4029929378785
2.41219609804902	3.26352321637151
2.41902951475738	3.45442175799928
2.42586293146573	2.98151867135134
2.43269634817409	2.03215775306282
2.43952976488244	0.892298069704025
2.4463631815908	-0.162925207119909
2.45319659829915	-0.942047953567427
2.4600300150075	-1.07434456355346
2.46686343171586	-0.919331421758719
2.47369684842421	-0.936071968505234
2.48053026513257	-1.00306296691996
2.48736368184092	-1.03854686279401
2.49419709854927	-1.01786989629802
2.50103051525763	-0.957178187087944
2.50786393196598	-0.890672905450002
2.51469734867434	-0.84192330066566
2.52153076538269	-0.813056321069437
2.52836418209105	-0.791488299460564
2.5351975987994	-0.7671203331212
2.54203101550775	-0.740986671005883
2.54886443221611	-0.731225569601056
2.55569784892446	-0.766866222153791
2.56253126563282	-0.874066093483827
2.56936468234117	-1.05846043718623
2.57619809904952	-1.15060367972696
2.58303151575788	-0.886038682214253
2.58986493246623	-0.654247785480914
2.59669834917459	-0.481682562480015
2.60353176588294	-0.380108888403062
2.6103651825913	-0.330687835230746
2.61719859929965	-0.305304740271684
2.624032016008	-0.271797618869418
2.63086543271636	-0.204352613952983
2.63769884942471	-0.100202521971876
2.64453226613307	0.0201285929629975
2.65136568284142	0.121607984134631
2.65819909954977	0.168755799441268
2.66503251625813	0.144489513657787
2.67186593296648	0.0541194930756511
2.67869934967484	-0.0857472747909184
2.68553276638319	-0.254421538746696
2.69236618309155	-0.432979889571755
2.6991995997999	-0.610959639222085
2.70603301650825	-0.79211311475603
2.71286643321661	-0.986919137913868
2.71969984992496	-1.19527445901806
2.72653326663332	-1.05385076114695
2.73336668334167	-0.867343115676106
2.74020010005003	-0.726935575733379
2.74703351675838	-0.642567484429897
2.75386693346673	-0.597599003149858
2.76070035017509	-0.55679070885831
2.76753376688344	-0.479266077662044
2.7743671835918	-0.336724536518002
2.78120060030015	-0.118385571833415
2.7880340170085	0.168520552615207
2.79486743371686	0.50337746237818
2.80170085042521	0.854454211528816
2.80853426713357	1.18077764254275
2.81536768384192	1.44335410462637
2.82220110055028	1.62256344119142
2.82903451725863	1.72793000150759
2.83586793396698	1.78821438929449
2.84270135067534	1.82642298541338
2.84953476738369	1.83981752319091
2.85636818409205	1.79986364398958
2.8632016008004	1.65677426480631
2.87003501750875	1.34960486765358
2.87686843421711	0.830595780886817
2.88370185092546	0.095120457352596
2.89053526763382	-0.818171256565944
2.89736868434217	-0.629346825342139
2.90420210105053	0.363501653079781
2.91103551775888	1.22160959225104
2.91786893446723	1.85154079992021
2.92470235117559	2.19347016683028
2.93153576788394	2.23640678064658
2.9383691845923	2.00875966646459
2.94520260130065	1.57042135248032
2.952036018009	1.00296245663425
2.95886943471736	0.391450027421237
2.96570285142571	-0.190425419559614
2.97253626813407	-0.688976797363767
2.97936968484242	-1.07892209871887
2.98620310155078	-1.09112360665525
2.99303651825913	-0.876236261428237
2.99986993496748	-0.70071679906229
3.00670335167584	-0.545791522928586
3.01353676838419	-0.412827140923935
3.02037018509255	-0.308013795445316
3.0272036018009	-0.228079608844684
3.03403701850925	-0.157248981757081
3.04087043521761	-0.0786207508588026
3.04770385192596	0.007442801257344
3.05453726863432	0.0825085206402325
3.06137068534267	0.121717798579935
3.06820410205103	0.111224228064751
3.07503751875938	0.063431436119546
3.08187093546773	0.00980866388108568
3.08870435217609	-0.0194153866096672
3.09553776888444	-0.0105070766298019
3.1023711855928	0.0275111339138041
3.10920460230115	0.0654996298215232
3.1160380190095	0.064008778927856
3.12287143571786	-0.0140465216796283
3.12970485242621	-0.19805845431377
3.13653826913457	-0.509112731902023
3.14337168584292	-0.955066366939213
3.15020510255128	-0.942692036830049
3.15703851925963	-0.340530597313452
3.16387193596798	0.195885587798557
3.17070535267634	0.545652561925001
3.17753876938469	0.611861915411019
3.18437218609305	0.357926174247668
3.1912056028014	-0.186355147544287
3.19803901950976	-0.934738993041737
3.20487243621811	-0.685683161371515
3.21170585292646	0.124858531262012
3.21853926963482	0.82533022895713
3.22537268634317	1.36318683718106
3.23220610305153	1.71189799297957
3.23903951975988	1.86191157301667
3.24587293646823	1.81073715057774
3.25270635317659	1.56091137340905
3.25953976988494	1.12649802703132
3.2663731865933	0.530194467014409
3.27320660330165	-0.191628971527217
3.28004002001001	-0.993813537355431
3.28687343671836	-0.621300464852041
3.29370685342671	0.222168086760018
3.30054027013507	1.02343191505411
3.30737368684342	1.73598530792834
3.31420710355178	2.3222723792491
3.32104052026013	2.74239129745292
3.32787393696848	2.97847219327794
3.33470735367684	3.03439252732525
3.34154077038519	2.92924396142367
3.34837418709355	2.70251214015621
3.3552076038019	2.39016778395118
3.36204102051026	2.01988036770283
3.36887443721861	1.61970838179302
3.37570785392696	1.20606618780989
3.38254127063532	0.79125504405161
3.38937468734367	0.390341455943868
3.39620810405203	0.0139845203738534
3.40304152076038	-0.331348196847176
3.40987493746873	-0.638489604371179
3.41670835417709	-0.905378936456805
3.42354177088544	-1.13120858173876
3.4303751875938	-1.13488451417971
3.43720860430215	-0.968802115612517
3.44404202101051	-0.810365182679911
3.45087543771886	-0.646596994562404
3.45770885442721	-0.474175016300855
3.46454227113557	-0.299381366059446
3.47137568784392	-0.141342328936786
3.47820910455228	-0.01643791682175
3.48504252126063	0.0534943052439386
3.49187593796898	0.0652295544117046
3.49870935467734	0.0250501901472032
3.50554277138569	-0.0468344144625847
3.51237618809405	-0.133873203419377
3.5192096048024	-0.230942067616844
3.52604302151076	-0.342113631483068
3.53287643821911	-0.487724610690872
3.53970985492746	-0.68252864912912
3.54654327163582	-0.943316951780503
3.55337668834417	-1.19723693971052
3.56021010505253	-0.84192835263299
3.56704352176088	-0.483041676717562
3.57387693846923	-0.158986096522512
3.58071035517759	0.10437089061372
3.58754377188594	0.276710193182137
3.5943771885943	0.345602855683718
3.60121060530265	0.302264738307494
3.60804402201101	0.148168868414989
3.61487743871936	-0.104747677465105
3.62171085542771	-0.430854826156729
3.62854427213607	-0.793508597985145
3.63537768884442	-1.16335611709316
3.64221110555278	-0.960121216482199
3.64904452226113	-0.692622997574124
3.65587793896948	-0.508770329771816
3.66271135567784	-0.403965139278132
3.66954477238619	-0.351685085963935
3.67637818909455	-0.322036737984311
3.6832116058029	-0.294345524045627
3.69004502251126	-0.263295889575432
3.69687843921961	-0.231088881941979
3.70371185592796	-0.209278464903258
3.71054527263632	-0.200240314904478
3.71737868934467	-0.20260531778175
3.72421210605303	-0.203811751055471
3.73104552276138	-0.196816572868548
3.73787893946974	-0.171013689600204
3.74471235617809	-0.13221006644743
3.75154577288644	-0.0974871687626533
3.7583791895948	-0.078718766599798
3.76521260630315	-0.0997813378034908
3.77204602301151	-0.163293814049676
3.77887943971986	-0.272591385755357
3.78571285642821	-0.418748506092349
3.79254627313657	-0.578407348097891
3.79937968984492	-0.749671909118712
3.80621310655328	-0.912501823725569
3.81304652326163	-1.05777150252225
3.81987993996999	-1.18098419226521
3.82671335667834	-1.18746128303632
3.83354677338669	-1.13357754734383
3.84038019009505	-1.1126490081441
3.8472136068034	-1.12366789039055
3.85404702351176	-1.14481769946876
3.86088044022011	-1.12822240714028
3.86771385692846	-1.06437109216432
3.87454727363682	-0.922994083688786
3.88138069034517	-0.709534074410562
3.88821410705353	-0.489857030853294
3.89504752376188	-0.281650759527514
3.90188094047024	-0.178154091804404
3.90871435717859	-0.221032887607188
3.91554777388694	-0.448189758020423
3.9223811905953	-0.882314103047832
3.92921460730365	-0.96048806611761
3.93604802401201	-0.229038245076242
3.94288144072036	0.519794443945659
3.94971485742871	1.12953600753083
3.95654827413707	1.49532018013726
3.96338169084542	1.48008843081628
3.97021510755378	1.05903367983275
3.97704852426213	0.349782616624071
3.98388194097049	-0.430303787567161
3.99071535767884	-1.08726365315358
3.99754877438719	-0.95957015175451
4.00438219109555	-0.797543093986916
4.0112156078039	-0.775130362965315
4.01804902451226	-0.744090903370926
4.02488244122061	-0.607914176962043
4.03171585792896	-0.376975808222762
4.03854927463732	-0.151988853133804
4.04538269134567	-0.0752752544944719
4.05221610805403	-0.263704544877173
4.05904952476238	-0.736855435859107
4.06588294147074	-0.9961116575696
4.07271635817909	-0.135154956273693
4.07954977488744	0.72888236222068
4.0863831915958	1.4953262704283
4.09321660830415	2.064872665364
4.10005002501251	2.39147666387623
4.10688344172086	2.47593146991089
4.11371685842921	2.34976797543543
4.12055027513757	2.06100848479669
4.12738369184592	1.65203776729298
4.13421710855428	1.16888655706289
4.14105052526263	0.654037128101038
4.14788394197099	0.135744225451996
4.15471735867934	-0.363693344015046
4.16155077538769	-0.840515675707943
4.16838419209605	-1.1607046176993
4.1752176088044	-0.719105024866468
4.18205102551276	-0.285353981327733
4.18888444222111	0.144263554462527
4.19571785892946	0.572324526707966
4.20255127563782	1.00855471550521
4.20938469234617	1.45790906988188
4.21621810905453	1.91774938974139
4.22305152576288	2.36631341942857
4.22988494247124	2.76557552566319
4.23671835917959	3.07477316108953
4.24355177588794	3.25271221997958
4.2503851925963	3.28314170507193
4.25721860930465	3.18101838090012
4.26405202601301	2.9738689980325
4.27088544272136	2.68212678739873
4.27771885942972	2.31984171087269
4.28455227613807	1.89722491824039
4.29138569284642	1.42904919196417
4.29821910955478	0.935493429406012
4.30505252626313	0.449551980231759
4.31188594297149	0.00762624868515907
4.31871935967984	-0.361350321102772
4.32555277638819	-0.641595919442023
4.33238619309655	-0.84502123715364
4.3392196098049	-1.01005287411262
4.34605302651326	-1.16142929602616
4.35288644322161	-1.11621537934033
4.35971985992996	-0.895926385422274
4.36655327663832	-0.648966522245908
4.37338669334667	-0.407467964548283
4.38022011005503	-0.174115761271347
4.38705352676338	0.00139647280672787
4.39388694347174	0.0943603406401638
4.40072036018009	0.105998310586946
4.40755377688844	0.04088928082208
4.4143871935968	-0.0993389829632906
4.42122061030515	-0.27635069012301
4.42805402701351	-0.471552841620527
4.43488744372186	-0.66474599540375
4.44172086043022	-0.842627517986104
4.44855427713857	-0.996819811334607
4.45538769384692	-1.12000118785342
4.46222111055528	-1.20329680888687
4.46905452726363	-1.22292862903572
4.47588794397199	-1.21274521087106
4.48272136068034	-1.13805869513146
4.48955477738869	-1.03649775916216
4.49638819409705	-0.928923392623987
4.5032216108054	-0.869255546474027
4.51005502751376	-0.880553026518171
4.51688844422211	-0.985951787512091
4.52372186093047	-1.17728972359751
4.53055527763882	-1.04271312199815
4.53738869434717	-0.794761757730309
4.54422211105553	-0.601525556076076
4.55105552776388	-0.47517259442385
4.55788894447224	-0.447268390069652
4.56472236118059	-0.513655422303796
4.57155577788894	-0.655126571802356
4.5783891945973	-0.862222776299926
4.58522261130565	-1.11663547154835
4.59205602801401	-1.04779644964981
4.59888944472236	-0.733829964355102
4.60572286143072	-0.430964549354415
4.61255627813907	-0.185989860282865
4.61938969484742	-0.0534339670832072
4.62622311155578	-0.0703365536829253
4.63305652826413	-0.237631600483376
4.63988994497249	-0.520097809594986
4.64672336168084	-0.856416291955483
4.65355677838919	-1.17950237884909
4.66039019509755	-1.01437753845654
4.6672236118059	-0.824080252716564
4.67405702851426	-0.702590166347607
4.68089044522261	-0.635374532131909
4.68772386193097	-0.624560494095256
4.69455727863932	-0.69101210985363
4.70139069534767	-0.869118787752514
4.70822411205603	-1.17607610818122
4.71505752876438	-0.868998970260981
4.72189094547274	-0.416430083151606
4.72872436218109	-0.012668750809481
4.73555777888944	0.278512035177046
4.7423911955978	0.439706475478369
4.74922461230615	0.503370559900808
4.75605802901451	0.521560328393136
4.76289144572286	0.529008257327345
4.76972486243122	0.527412368825225
4.77655827913957	0.491426916654418
4.78339169584792	0.39886073857329
4.79022511255628	0.25967945024123
4.79705852926463	0.129181827227225
4.80389194597299	0.0915396162666883
4.81072536268134	0.215370587500406
4.8175587793897	0.515095517949777
4.82439219609805	0.925299988750247
4.8312256128064	1.32352161285936
4.83805902951476	1.59272998758231
4.84489244622311	1.65868432105298
4.85172586293147	1.50944256427806
4.85855927963982	1.18297007111499
4.86539269634817	0.746152238114967
4.87222611305653	0.27370894583935
4.87905952976488	-0.170642878397885
4.88589294647324	-0.541007069499825
4.89272636318159	-0.81641559853589
4.89955977988994	-1.00385558230467
4.9063931965983	-1.1337582150523
4.91322661330665	-1.20518446180716
4.92006003001501	-1.06410014570751
4.92689344672336	-0.887229987601478
4.93372686343172	-0.696103795183101
4.94056028014007	-0.557387202420355
4.94739369684843	-0.506187837919752
4.95422711355678	-0.589078657600411
4.96106053026513	-0.811272118796364
4.96789394697349	-1.12526688980069
4.97472736368184	-0.96113026092366
4.9815607803902	-0.621584929778178
4.98839419709855	-0.340144632413018
4.9952276138069	-0.157147941539816
5.00206103051526	-0.0715020510947914
5.00889444722361	-0.080002407339312
5.01572786393197	-0.177299243947804
5.02256128064032	-0.358296218497738
5.02939469734867	-0.61686846624582
5.03622811405703	-0.94901323762521
5.04306153076538	-1.12596577713924
5.04989494747374	-0.725523986360951
5.05672836418209	-0.308073027139378
5.06356178089045	0.068132829619355
5.0703951975988	0.367851667483121
5.07722861430715	0.589841763304672
5.08406203101551	0.717564803696357
5.09089544772386	0.745776258471058
5.09772886443222	0.678934653820399
5.10456228114057	0.54353383441954
5.11139569784893	0.343902401111378
5.11822911455728	0.12032370117459
5.12506253126563	-0.0761564766448288
5.13189594797399	-0.206268764408685
5.13872936468234	-0.246365108536394
5.1455627813907	-0.20972683965112
5.15239619809905	-0.113488962189579
5.1592296148074	-0.0529409772971476
5.16606303151576	-0.0723422081165911
5.17289644822411	-0.250130351195834
5.17972986493247	-0.599106733705624
5.18656328164082	-1.10592943269533
5.19339669834917	-0.75239662365699
5.20023011505753	-0.143810017476832
5.20706353176588	0.409311590551441
5.21389694847424	0.837928662649952
5.22073036518259	1.11813163067513
5.22756378189095	1.22565270365232
5.2343971985993	1.15664327949759
5.24123061530765	0.911939654069058
5.24806403201601	0.506566094690747
5.25489744872436	-0.0370302345819288
5.26173086543272	-0.675993365717739
5.26856428214107	-1.09915046094219
5.27539769884943	-0.416513735641376
5.28223111555778	0.228227368771863
5.28906453226613	0.822434219725403
5.29589794897449	1.36444441463145
5.30273136568284	1.85142938753058
5.3095647823912	2.26869944797253
5.31639819909955	2.57949896336236
5.3232316158079	2.73315409845441
5.33006503251626	2.68133152323243
5.33689844922461	2.39172655172547
5.34373186593297	1.86304484875051
5.35056528264132	1.12676120855706
5.35739869934967	0.235717754485513
5.36423211605803	-0.743012470462196
5.37106553276638	-0.72858355285813
5.37789894947474	0.168753322360014
5.38473236618309	0.907629876468875
5.39156578289145	1.44113219837998
5.3983991995998	1.73794089719453
5.40523261630815	1.78940248411191
5.41206603301651	1.60240850529438
5.41889944972486	1.23193760677344
5.42573286643322	0.719587077116059
5.43256628314157	0.148781210067622
5.43939969984993	-0.407374352538786
5.44623311655828	-0.906893277426822
5.45306653326663	-1.13832473823729
5.45989994997499	-0.812578950529363
5.46673336668334	-0.566781067292069
5.4735667833917	-0.390751944331256
5.48040020010005	-0.283079258314332
5.4872336168084	-0.245206565479087
5.49406703351676	-0.282318775813316
5.50090045022511	-0.389120261540661
5.50773386693347	-0.5555103304955
5.51456728364182	-0.748934922072223
5.52140070035018	-0.933637342817744
5.52823411705853	-1.07915261373784
5.53506753376688	-1.16493972229048
5.54190095047524	-1.20133296813692
5.54873436718359	-1.21011386969589
5.55556778389195	-1.21143683434291
5.5624012006003	-1.11460727446133
5.56923461730865	-0.940892521472552
5.57606803401701	-0.716042138787102
5.58290145072536	-0.509850268576876
5.58973486743372	-0.392847174679403
5.59656828414207	-0.441307086147029
5.60340170085043	-0.694409828197612
5.61023511755878	-1.1322770735954
5.61706853426713	-0.757772450231149
5.62390195097549	-0.143751828577711
5.63073536768384	0.419878177420296
5.6375687843922	0.847584949917285
5.64440220110055	1.07360942491037
5.6512356178089	1.0572711153121
5.65806903451726	0.778213133175604
5.66490245122561	0.244668067464545
5.67173586793397	-0.496377417526418
5.67856928464232	-1.10242861008412
5.68540270135068	-0.242595864753692
5.69223611805903	0.513448434704326
5.69906953476738	1.10169128080665
5.70590295147574	1.51218069777579
5.71273636818409	1.77515602491795
5.71956978489245	1.92461328285766
5.7264032016008	1.96905639703751
5.73323661830915	1.88156306410823
5.74007003501751	1.61522907727121
5.74690345172586	1.13267800565349
5.75373686843422	0.430317841718064
5.76057028514257	-0.455283651363013
5.76740370185093	-0.997084621776803
5.77423711855928	0.0456424342318002
5.78107053526763	1.04395315376065
5.78790395197599	1.92046775764096
5.79473736868434	2.5932599054999
5.8015707853927	2.98051289409565
5.80840420210105	2.99938444513604
5.8152376188094	2.60647674574423
5.82207103551776	1.8315384196383
5.82890445222611	0.783458229386362
5.83573786893447	-0.381969205492285
5.84257128564282	-0.957950441833182
5.84940470235118	-0.0162309767962806
5.85623811905953	0.678100131155372
5.86307153576788	1.11328523626396
5.86990495247624	1.31610062264179
5.87673836918459	1.32953912429907
5.88357178589295	1.19515470362018
5.8904052026013	0.95151693990213
5.89723861930966	0.642765224117646
5.90407203601801	0.310757110439831
5.91090545272636	-0.00940157437730971
5.91773886943472	-0.290761971458427
5.92457228614307	-0.5219891841706
5.93140570285143	-0.70968553829432
5.93823911955978	-0.866407659058155
5.94507253626813	-1.00380427389861
5.95190595297649	-1.11893928427706
5.95873936968484	-1.19891895668626
5.9655727863932	-1.22196039835427
5.97240620310155	-1.22425024302346
5.97923961980991	-1.18481746647471
5.98607303651826	-1.1400644568067
5.99290645322661	-1.11514992041267
5.99973986993497	-1.11571166024783
6.00657328664332	-1.11410763535086
6.01340670335168	-1.06478137114038
6.02024012006003	-0.917924190938382
6.02707353676838	-0.650896822807432
6.03390695347674	-0.296972898853896
6.04074037018509	0.0703751469811705
6.04757378689345	0.362881912878712
6.0544072036018	0.517789469599693
6.06124062031016	0.50814248915636
6.06807403701851	0.353916269932496
6.07490745372686	0.111904563865087
6.08174087043522	-0.15595761706222
6.08857428714357	-0.40260490586737
6.09540770385193	-0.601294923800605
6.10224112056028	-0.750811183889165
6.10907453726863	-0.858785820763598
6.11590795397699	-0.92933389981886
6.12274137068534	-0.967160557264787
6.1295747873937	-0.979566430979964
6.13640820410205	-0.983718796432754
6.14324162081041	-1.01521278660407
6.15007503751876	-1.12345946097966
6.15690845422711	-1.10014349137676
6.16374187093547	-0.709758288709388
6.17057528764382	-0.163641187862279
6.17740870435218	0.500262068851792
6.18424212106053	1.22053030372924
6.19107553776889	1.92238673619011
6.19790895447724	2.5236433601859
6.20474237118559	2.94754195133261
6.21157578789395	3.14349809451104
6.2184092046023	3.09497026624668
6.22524262131066	2.82130345901941
6.23207603801901	2.37256439895983
6.23890945472736	1.82240208975529
6.24574287143572	1.25030217785015
6.25257628814407	0.721805822130382
6.25940970485243	0.273115044436126
6.26624312156078	-0.0906503546581644
6.27307653826913	-0.383377630805254
6.27990995497749	-0.619693769071255
6.28674337168584	-0.803485729200981
6.2935767883942	-0.925215134932018
6.30041020510255	-0.968748621966115
6.30724362181091	-0.943927313765223
6.31407703851926	-0.886588835617578
6.32091045522761	-0.850713804528662
6.32774387193597	-0.897112089406531
6.33457728864432	-1.05504401456336
6.34141070535268	-1.12704953565386
6.34824412206103	-0.770598995067926
6.35507753876939	-0.398266552494266
6.36191095547774	-0.0671554204988649
6.36874437218609	0.154017799517144
6.37557778889445	0.226269612930237
6.3824112056028	0.148158905364983
6.38924462231116	-0.0508692462058903
6.39607803901951	-0.322759154810459
6.40291145572786	-0.623736201085443
6.40974487243622	-0.906753905482718
6.41657828914457	-1.14805376871175
6.42341170585293	-1.13218237145076
6.43024512256128	-1.01433600193486
6.43707853926963	-0.946972320403895
6.44391195597799	-0.907822485666624
6.45074537268634	-0.885992461572589
6.4575787893947	-0.8753048195173
6.46441220610305	-0.875051479796782
6.47124562281141	-0.880273384293035
6.47807903951976	-0.878799593280273
6.48491245622811	-0.839212148665113
6.49174587293647	-0.722662533602626
6.49857928964482	-0.509312197554017
6.50541270635318	-0.198220129235451
6.51224612306153	0.156799339817973
6.51907953976989	0.493853901841265
6.52591295647824	0.714163789631881
6.53274637318659	0.736977873860262
6.53957978989495	0.534730563871085
6.5464132066033	0.151018346209008
6.55324662331166	-0.313345693535487
6.56008004002001	-0.785318484232294
6.56691345672836	-1.16515701090551
6.57374687343672	-1.02651032422101
6.58058029014507	-0.886906417724474
6.58741370685343	-0.806842107539871
6.59424712356178	-0.748163483331553
6.60108054027013	-0.644041643902192
6.60791395697849	-0.486646105680108
6.61474737368684	-0.274108736123703
6.6215807903952	-0.0276437511536907
6.62841420710355	0.225098564768215
6.63524762381191	0.463669100343619
6.64208104052026	0.673717258861978
6.64891445722861	0.841617374342067
6.65574787393697	0.955601144302344
6.66258129064532	0.983021746573465
6.66941470735368	0.89839032988028
6.67624812406203	0.669606989771421
6.68308154077039	0.301450975559424
6.68991495747874	-0.185709888048079
6.69674837418709	-0.717268760553287
6.70358179089545	-1.21746188574854
6.7104152076038	-0.842703650841367
6.71724862431216	-0.599627438094234
6.72408204102051	-0.502450568940436
6.73091545772886	-0.508365924381633
6.73774887443722	-0.549979743160735
6.74458229114557	-0.584442120469811
6.75141570785393	-0.577296398595672
6.75824912456228	-0.553286061646845
6.76508254127064	-0.546569719965234
6.77191595797899	-0.613761975246013
6.77874937468734	-0.778564763123929
6.7855827913957	-1.05009852411185
6.79241620810405	-1.06538388765289
6.79924962481241	-0.730546412208704
6.80608304152076	-0.405200464489926
6.81291645822911	-0.0893291974617546
6.81974987493747	0.217060062492892
6.82658329164582	0.469535040043541
6.83341670835418	0.624915709767907
6.84025012506253	0.683241209647752
6.84708354177089	0.644511945966701
6.85391695847924	0.553710763256018
6.8607503751876	0.451312835702932
6.86758379189595	0.337318583322198
6.8744172086043	0.21191567274407
6.88125062531266	0.130472188302583
6.88808404202101	0.136781344765839
6.89491745872936	0.230841038604607
6.90175087543772	0.395652783115105
6.90858429214607	0.531011058883048
6.91541770885443	0.620610854573595
6.92225112556278	0.659675797554914
6.92908454227114	0.579957570903407
6.93591795897949	0.359081498116936
6.94275137568784	-0.00194753544417384
6.9495847923962	-0.42450298045526
6.95641820910455	-0.859095483836065
6.96325162581291	-1.15154211380295
6.97008504252126	-0.739868124842418
6.97691845922962	-0.423627226700025
6.98375187593797	-0.203157439225968
6.99058529264632	-0.080087051916794
6.99741870935468	-0.0519274555914504
7.00425212606303	-0.102230180019101
7.01108554277139	-0.220808670469628
7.01791895947974	-0.386749993806867
7.02475237618809	-0.584066032133219
7.03158579289645	-0.79133164482213
7.0384192096048	-0.984458618270478
7.04525262631316	-1.14074210685841
7.05208604302151	-1.22491462649135
7.05891945972987	-1.2235229597
7.06575287643822	-1.09906013622995
7.07258629314657	-0.834664006578657
7.07941970985493	-0.444988079329995
7.08625312656328	0.0383404409392716
7.09308654327164	0.581979291561254
7.09991995997999	1.0923315777472
7.10675337668834	1.54771698465661
7.1135867933967	1.86555716110343
7.12042021010505	2.03375917297906
7.12725362681341	2.05118072303883
7.13408704352176	1.91867793407564
7.14092046023012	1.68720497372866
7.14775387693847	1.38380306606626
7.15458729364682	1.04770838324103
7.16142071035518	0.73496120864334
7.16825412706353	0.448059626913089
7.17508754377189	0.210083870186387
7.18192096048024	0.0275316576535194
7.18875437718859	-0.112422922999259
7.19558779389695	-0.23778690216115
7.2024212106053	-0.35078977693988
7.20925462731366	-0.496226987778555
7.21608804402201	-0.696304200954926
7.22292146073037	-0.953006723794789
7.22975487743872	-1.19468320623091
7.23658829414707	-0.861240185233189
7.24342171085543	-0.540283962199204
7.25025512756378	-0.259293526139926
7.25708854427214	-0.0311776975844918
7.26392196098049	0.152194930564738
7.27075537768884	0.322353592926059
7.2775887943972	0.512583833678125
7.28442221110555	0.756911801323506
7.29125562781391	1.05526193381924
7.29808904452226	1.37659114642578
7.30492246123062	1.64005286313607
7.31175587793897	1.76963855871362
7.31858929464732	1.66968764142217
7.32542271135568	1.32562662185996
7.33225612806403	0.750315107027043
7.33908954477239	0.0527793603198444
7.34592296148074	-0.683967741282834
7.35275637818909	-1.14314424334438
7.35958979489745	-0.677075365940361
7.3664232116058	-0.424550598189471
7.37325662831416	-0.346607505016713
7.38009004502251	-0.399649305256729
7.38692346173087	-0.477832240776189
7.39375687843922	-0.507921058667452
7.40059029514757	-0.40863946776937
7.40742371185593	-0.143427992970701
7.41425712856428	0.272464402250987
7.42109054527264	0.773236800194734
7.42792396198099	1.25343927624507
7.43475737868935	1.58849310896139
7.4415907953977	1.67722612840713
7.44842421210605	1.47666713872584
7.45525762881441	1.02151877185182
7.46209104552276	0.414065585419108
7.46892446223112	-0.22080269287543
7.47575787893947	-0.763943652233212
7.48259129564782	-1.14248109681183
7.48942471235618	-1.10600573049193
7.49625812906453	-1.01869897201261
7.50309154577289	-0.998657696664764
7.50992496248124	-0.995808146532906
7.51675837918959	-0.987088200931459
7.52359179589795	-0.966971030456468
7.5304252126063	-0.930223459404041
7.53725862931466	-0.861726654174768
7.54409204602301	-0.746438399965008
7.55092546273137	-0.586440510106581
7.55775887943972	-0.410026732618177
7.56459229614807	-0.270648395467098
7.57142571285643	-0.225390290763971
7.57825912956478	-0.305046412559654
7.58509254627314	-0.495640256813791
7.59192596298149	-0.74804231756826
7.59875937968985	-0.990922425869771
7.6055927963982	-1.15851879229483
7.61242621310655	-1.22832798607018
7.61925962981491	-1.21258969461945
7.62609304652326	-1.1316976413291
7.63292646323162	-0.999232276740793
7.63975987993997	-0.796393906553988
7.64659329664832	-0.508738824774401
7.65342671335668	-0.146072389307489
7.66026013006503	0.235622768825699
7.66709354677339	0.535160241377937
7.67392696348174	0.664948368304727
7.68076038019009	0.589890328940291
7.68759379689845	0.336165988238304
7.6944272136068	0.0162863224171762
7.70126063031516	-0.233994695095884
7.70809404702351	-0.326438048268823
7.71492746373187	-0.218549593044397
7.72176088044022	0.0414261102139006
7.72859429714857	0.35531070317914
7.73542771385693	0.655089281831744
7.74226113056528	0.870349225720387
7.74909454727364	0.996615945875651
7.75592796398199	1.04590854280766
7.76276138069035	1.02222819392335
7.7695947973987	0.93351231861813
7.77642821410705	0.772847503463836
7.78326163081541	0.524645278415965
7.79009504752376	0.1923001626195
7.79692846423212	-0.215358428807682
7.80376188094047	-0.69244687080641
7.81059529764883	-1.20012219836118
7.81742871435718	-0.72671266568326
7.82426213106553	-0.180771792503633
7.83109554777389	0.377495588689295
7.83792896448224	0.934197558937136
7.84476238119059	1.46539925118853
7.85159579789895	1.94701223879925
7.8584292146073	2.29109649139632
7.86526263131566	2.47703313954575
7.87209604802401	2.46476966240513
7.87892946473237	2.27370948274562
7.88576288144072	1.97416763471545
7.89259629814908	1.59755592892056
7.89942971485743	1.22788296063839
7.90626313156578	0.87860686427071
7.91309654827414	0.563170273170758
7.91992996498249	0.268499012557191
7.92676338169085	-0.0173593389896228
7.9335967983992	-0.297166138751455
7.94043021510755	-0.565634023107977
7.94726363181591	-0.811426376482031
7.95409704852426	-1.03342923209626
7.96093046523262	-1.22467863586252
7.96776388194097	-1.04957827639213
7.97459729864932	-0.902628467398437
7.98143071535768	-0.795783795992235
7.98826413206603	-0.757557272060798
7.99509754877439	-0.786264254286661
8.00193096548274	-0.876368448744745
8.0087643821911	-0.986293262636875
8.01559779889945	-1.06209919029945
8.0224312156078	-1.0674011129439
8.02926463231616	-0.968385206650353
8.03609804902451	-0.792251634136661
8.04293146573287	-0.559317799049156
8.04976488244122	-0.340625841524812
8.05659829914958	-0.170000314719643
8.06343171585793	-0.0650085370039666
8.07026513256628	-0.0336244630075749
8.07709854927464	-0.0338202531518137
8.08393196598299	-0.041649027569715
8.09076538269135	-0.0386580620223417
8.0975987993997	-0.0118209122047504
8.10443221610806	0.0278741199866578
8.11126563281641	0.0708007092440187
8.11809904952476	0.112009056402568
8.12493246623312	0.159764696972045
8.13176588294147	0.244359044785113
8.13859929964982	0.378637060605989
8.14543271635818	0.568494963606028
8.15226613306653	0.773500756109923
8.15909954977489	0.942428919860309
8.16593296648324	0.999539480022628
8.1727663831916	0.876056754884213
8.17959979989995	0.554275944854572
8.1864332166083	0.0449016608354167
8.19326663331666	-0.567525667352001
8.20010005002501	-1.18573896696399
8.20693346673337	-0.753546047312506
8.21376688344172	-0.419505412005973
8.22060030015007	-0.295658368766307
8.22743371685843	-0.353834164435211
8.23426713356678	-0.510669226773057
8.24110055027514	-0.652778460354778
8.24793396698349	-0.686390571787224
8.25476738369185	-0.585519989803648
8.2616008004002	-0.406460303105462
8.26843421710856	-0.254547717034332
8.27526763381691	-0.229256970541967
8.28210105052526	-0.401866618626213
8.28893446723362	-0.754703672860092
8.29576788394197	-1.20518812736574
8.30260130065033	-0.789780714387035
8.30943471735868	-0.423534822392798
8.31626813406703	-0.213135496032394
8.32310155077539	-0.140528654579461
8.32993496748374	-0.187361345488136
8.3367683841921	-0.303528359228218
8.34360180090045	-0.395632693552336
8.3504352176088	-0.450163180808746
8.35726863431716	-0.433534247140391
8.36410205102551	-0.344227217977454
8.37093546773387	-0.236495124693481
8.37776888444222	-0.143546056958903
8.38460230115058	-0.0667975024008996
8.39143571785893	-0.0500855611342513
8.39826913456728	-0.114260996266316
8.40510255127564	-0.259230793234573
8.41193596798399	-0.483360266584159
8.41876938469235	-0.786038863545651
8.4256028014007	-1.1614249693146
8.43243621810906	-0.907210886220541
8.43926963481741	-0.520766941557736
8.44610305152576	-0.149819190085022
8.45293646823412	0.120293640634862
8.45976988494247	0.274444684618239
8.46660330165083	0.315803109449059
8.47343671835918	0.262444447959238
8.48027013506753	0.117229071499028
8.48710355177589	-0.106885184312667
8.49393696848424	-0.372792413376166
8.5007703851926	-0.678128643900495
8.50760380190095	-1.0183432549494
8.51443721860931	-1.0747752814065
8.52127063531766	-0.687083546940367
8.52810405202601	-0.30151764519529
8.53493746873437	0.0349260748160541
8.54177088544272	0.321251318722447
8.54860430215108	0.5262404207754
8.55543771885943	0.589610429641927
8.56227113556779	0.509918636149367
8.56910455227614	0.313279659023312
8.57593796898449	0.0475522647310789
8.58277138569285	-0.286246174655109
8.5896048024012	-0.656930619203496
8.59643821910956	-1.01029082120067
8.60327163581791	-1.11196910918006
8.61010505252626	-0.782044993639071
8.61693846923462	-0.43751036035659
8.62377188594297	-0.0781505142889784
8.63060530265133	0.287378781381569
8.63743871935968	0.650353035559985
8.64427213606803	1.01022691870483
8.65110555277639	1.3180748400036
8.65793896948474	1.54188715963214
8.6647723861931	1.68184519242148
8.67160580290145	1.74579876954012
8.67843921960981	1.73769663766409
8.68527263631816	1.66103708493192
8.69210605302651	1.53155373455497
8.69893946973487	1.34712457512927
8.70577288644322	1.09905746907568
8.71260630315158	0.785127795216012
8.71943971985993	0.40605350711539
8.72627313656828	0.00974226338559708
8.73310655327664	-0.366478781761854
8.73993996998499	-0.642989072623617
8.74677338669335	-0.777058065826591
8.7536068034017	-0.781402137997472
8.76044022011006	-0.708531026863063
8.76727363681841	-0.643976139929744
8.77410705352676	-0.653474323217062
8.78094047023512	-0.742247555100914
8.78777388694347	-0.892583730304352
8.79460730365183	-1.05220373051785
8.80144072036018	-1.19618094051986
8.80827413706854	-1.14846499880434
8.81510755377689	-1.03463680826431
8.82194097048524	-0.888949730646974
8.8287743871936	-0.682085227695773
8.83560780390195	-0.438563538208265
8.84244122061031	-0.206942897178063
8.84927463731866	-0.0513955120329897
8.85610805402701	-0.0223961231729659
8.86294147073537	-0.110177291143212
8.86977488744372	-0.286517834840429
8.87660830415208	-0.473696194800307
8.88344172086043	-0.632270802621869
8.89027513756879	-0.727753134621803
8.89710855427714	-0.776368846382245
8.90394197098549	-0.783030681374806
8.91077538769385	-0.774851799812872
8.9176088044022	-0.768866834084086
8.92444222111055	-0.760812738016156
8.93127563781891	-0.74258417212668
8.93810905452726	-0.713959747546141
8.94494247123562	-0.675136711387754
8.95177588794397	-0.627060333617062
8.95860930465233	-0.586386301656938
8.96544272136068	-0.559380840478659
8.97227613806903	-0.541041255160174
8.97910955477739	-0.504240793229816
8.98594297148574	-0.444844993487204
8.9927763881941	-0.36711261490861
8.99960980490245	-0.282924810723697
9.00644322161081	-0.193016355766109
9.01327663831916	-0.132508358657269
9.02011005502751	-0.149331878864711
9.02694347173587	-0.24355867360252
9.03377688844422	-0.403096464836177
9.04061030515258	-0.620703913590229
9.04744372186093	-0.88799118168155
9.05427713856928	-1.16095208893096
9.06111055527764	-1.02406692878352
9.06794397198599	-0.749572735010924
9.07477738869435	-0.46878691037617
9.0816108054027	-0.182465629669183
9.08844422211106	0.0968970090284736
9.09527763881941	0.365145099140389
9.10211105552776	0.606864112725349
9.10894447223612	0.779864510990528
9.11577788894447	0.881807439809085
9.12261130565283	0.91679806765578
9.12944472236118	0.911895910141335
9.13627813906954	0.872304285127326
9.14311155577789	0.797993425991846
9.14994497248624	0.713231783538398
9.1567783891946	0.642093953898787
9.16361180590295	0.584570058640865
9.17044522261131	0.531300284284769
9.17727863931966	0.430020988936909
9.18411205602801	0.272556626049185
9.19094547273637	0.0589349231072856
9.19777888944472	-0.236109170993802
9.20461230615308	-0.636806945614777
9.21144572286143	-1.12669798182105
9.21827913956979	-0.784681226592624
9.22511255627814	-0.224256182070252
9.23194597298649	0.311895723365761
9.23877938969485	0.791181656606001
9.2456128064032	1.18168865382989
9.25244622311155	1.44877553308203
9.25927963981991	1.55534266097646
9.26611305652826	1.47583673644266
9.27294647323662	1.20617416643765
9.27977988994497	0.774724781354887
9.28661330665333	0.234910878252604
9.29344672336168	-0.356385888671467
9.30028014007004	-0.945127726165386
9.30711355677839	-0.972892512965275
9.31394697348674	-0.521108661829436
9.3207803901951	-0.200027149149514
9.32761380690345	-0.0655665569387419
9.33444722361181	-0.171566135168006
9.34128064032016	-0.536210726364011
9.34811405702852	-1.12240850480252
9.35494747373687	-0.631691464355754
9.36178089044522	0.0334101267007652
9.36861430715358	0.507628340085164
9.37544772386193	0.704221187617646
9.38228114057029	0.620662876345397
9.38911455727864	0.326201370198983
9.39594797398699	-0.0559154624145602
9.40278139069535	-0.409884926817762
9.4096148074037	-0.665778793928375
9.41644822411206	-0.801037951918811
9.42328164082041	-0.821310019619976
9.43011505752876	-0.737868015186683
9.43694847423712	-0.559805224743915
9.44378189094547	-0.296313142538578
9.45061530765383	0.0327082311202373
9.45744872436218	0.375082844216494
9.46428214107054	0.659106941128812
9.47111555777889	0.805304907821371
9.47794897448724	0.754215012311169
9.4847823911956	0.513699668415121
9.49161580790395	0.131528687228366
9.49844922461231	-0.303781537694124
9.50528264132066	-0.705433991387497
9.51211605802902	-1.03373725668402
9.51894947473737	-1.15376005007959
9.52578289144572	-0.896693046741115
9.53261630815408	-0.596663226963449
9.53944972486243	-0.220927932621318
9.54628314157079	0.21538469406839
9.55311655827914	0.680416337112747
9.55994997498749	1.12101540404656
9.56678339169585	1.48836160219444
9.5736168084042	1.75950813588868
9.58045022511256	1.92194863827441
9.58728364182091	1.98253575944809
9.59411705852927	1.95814193922387
9.60095047523762	1.86933987243964
9.60778389194597	1.74229724905377
9.61461730865433	1.5966696822606
9.62145072536268	1.43260357720847
9.62828414207104	1.21847903449919
9.63511755877939	0.904548484930841
9.64195097548775	0.439759220701122
9.6487843921961	-0.194370397358007
9.65561780890445	-0.953639880524701
9.66245122561281	-0.734366833316882
9.66928464232116	-0.105193068018608
9.67611805902952	0.25570180648477
9.68295147573787	0.298883125680561
9.68978489244622	0.0773608499495669
9.69661830915458	-0.2786349111419
9.70345172586293	-0.629376877469963
9.71028514257129	-0.880636465368254
9.71711855927964	-1.00467845534882
9.72395197598799	-1.03526425663537
9.73078539269635	-1.02712028595328
9.7376188094047	-1.02319446231873
9.74445222611306	-1.038542647174
9.75128564282141	-1.0597020385672
9.75811905952976	-1.06504380833279
9.76495247623812	-1.03551129978955
9.77178589294647	-0.965647415795999
9.77861930965483	-0.864799173725288
9.78545272636318	-0.752937819765663
9.79228614307154	-0.641571284707336
9.79911955977989	-0.532172958036362
9.80595297648824	-0.421302493207867
9.8127863931966	-0.307612367560781
9.81961980990495	-0.198747395906805
9.82645322661331	-0.107925326697016
9.83328664332166	-0.0404626249484911
9.84012006003002	0.00332188364863727
9.84695347673837	0.033554062676421
9.85378689344672	0.0656392550931766
9.86062031015508	0.107678575728134
9.86745372686343	0.156235785548725
9.87428714357179	0.200200425705417
9.88112056028014	0.22670121443679
9.88795397698849	0.218619132658126
9.89478739369685	0.170518715543229
9.9016208104052	0.0762910737924428
9.90845422711356	-0.0628141919324459
9.91528764382191	-0.236197706523546
9.92212106053027	-0.441323781908128
9.92895447723862	-0.672151409867821
9.93578789394697	-0.921237164136149
9.94262131065533	-1.18845300989333
9.94945472736368	-0.984328793270553
9.95628814407204	-0.68255155662557
9.96312156078039	-0.361685570801888
9.96995497748875	-0.0200237081703072
9.9767883941971	0.339624464445139
9.98362181090545	0.690107500814193
9.99045522761381	1.02472163136497
9.99728864432216	1.32388117821219
10.0041220610305	1.53663666897392
10.0109554777389	1.6601524867512
10.0177888944472	1.67621200277661
10.0246223111556	1.57061165200477
10.0314557278639	1.34327492973345
10.0382891445723	0.994310517072804
10.0451225612806	0.53713088204352
10.051955977989	0.0578513576311277
10.0587893946973	-0.422294900236461
10.0656228114057	-0.841554432100738
10.0724562281141	-1.18306834309963
10.0792896448224	-1.02384955941648
10.0861230615308	-0.868363742044163
10.0929564782391	-0.783609508559936
10.0997898949475	-0.733762534469302
10.1066233116558	-0.675214715449518
10.1134567283642	-0.5648291683803
10.1202901450725	-0.386584366501085
10.1271235617809	-0.161354123386304
10.1339569784892	0.0571845050902949
10.1407903951976	0.185847315127977
10.147623811906	0.160550065485605
10.1544572286143	-0.0179003267732999
10.1612906453227	-0.29197812449674
10.168124062031	-0.548913131484798
10.1749574787394	-0.652712589659594
10.1817908954477	-0.513661556599749
10.1886243121561	-0.121953482639342
10.1954577288644	0.457655156272221
10.2022911455728	1.08476679501435
10.2091245622811	1.59280700731073
10.2159579789895	1.85916713444547
10.2227913956979	1.81657832477075
10.2296248124062	1.4638788247116
10.2364582291146	0.873709479403036
10.2432916458229	0.159751357932482
10.2501250625313	-0.572462069831852
10.2569584792396	-1.22152164583146
10.263791895948	-0.680547628110538
10.2706253126563	-0.260475852810487
10.2774587293647	0.0717108667523847
10.284292146073	0.349663211320368
10.2911255627814	0.590362112230254
10.2979589794897	0.779011966707759
10.3047923961981	0.872437815700195
10.3116258129065	0.829611132617539
10.3184592296148	0.643745410703983
10.3252926463232	0.359711488651537
10.3321260630315	0.0604595371796602
10.3389594797399	-0.173894932992877
10.3457928964482	-0.278661784105116
10.3526263131566	-0.241729248589005
10.3594597298649	-0.100624356418983
10.3662931465733	0.0985543622382565
10.3731265632816	0.314399592076205
10.37995997999	0.531044357216767
10.3867933966983	0.744167557287828
10.3936268134067	0.962758731840455
10.4004602301151	1.17986565465849
10.4072936468234	1.37330266468598
10.4141270635318	1.49885342399496
10.4209604802401	1.50730255758495
10.4277938969485	1.35193824394855
10.4346273136568	1.00835371181253
10.4414607303652	0.505766928396368
10.4482941470735	-0.131439284438387
10.4551275637819	-0.804695980037068
10.4619609804902	-0.983692544206834
10.4687943971986	-0.40986740408261
10.475627813907	0.0415021982117223
10.4824612306153	0.321917396189087
10.4892946473237	0.426733286515802
10.496128064032	0.351572093319655
10.5029614807404	0.12082143866193
10.5097948974487	-0.224421809239993
10.5166283141571	-0.62313502748466
10.5234617308654	-0.995189734206431
10.5302951475738	-1.18217552793529
10.5371285642821	-1.04551986901593
10.5439619809905	-1.0646522311642
10.5507953976989	-1.22188470698112
10.5576288144072	-0.955165896369453
10.5644622311156	-0.614738204600634
10.5712956478239	-0.242311217318714
10.5781290645323	0.158654477867967
10.5849624812406	0.589300320226125
10.591795897949	1.05333060847922
10.5986293146573	1.52497388115329
10.6054627313657	1.96431300594392
10.612296148074	2.2989228389958
10.6191295647824	2.46783744890605
10.6259629814907	2.4524123638122
10.6327963981991	2.27850470254988
10.6396298149075	2.01353386022737
10.6464632316158	1.74349339023827
10.6532966483242	1.52407363547074
10.6601300650325	1.36756466132082
10.6669634817409	1.25008384645151
10.6737968984492	1.13117591389852
10.6806303151576	0.972700582977757
10.6874637318659	0.754909278208627
10.6942971485743	0.474818689103113
10.7011305652826	0.137243967079707
10.707963981991	-0.249607277040098
10.7147973986993	-0.674458114686214
10.7216308154077	-1.11905581358027
10.7284642321161	-0.904625185129612
10.7352976488244	-0.516980058942002
10.7421310655328	-0.228084090235515
10.7489644822411	-0.0454101909636125
10.7557978989495	0.0292942533866436
10.7626313156578	-0.012336371914072
10.7694647323662	-0.153919175557208
10.7762981490745	-0.36825798867903
10.7831315657829	-0.602306331245659
10.7899649824912	-0.819476914010751
10.7967983991996	-0.959136410096334
10.803631815908	-0.998891745690115
10.8104652326163	-0.924786019979747
10.8172986493247	-0.761019337497823
10.824132066033	-0.531683360338112
10.8309654827414	-0.283588918707403
10.8377988994497	-0.0515760103243593
10.8446323161581	0.142695959687402
10.8514657328664	0.303515738583131
10.8582991495748	0.446418763411302
10.8651325662831	0.604879378406663
10.8719659829915	0.799563992332137
10.8787993996999	1.04041162887324
10.8856328164082	1.30510168414449
10.8924662331166	1.57374452815899
10.8992996498249	1.81658774142338
10.9061330665333	2.02358348455151
10.9129664832416	2.18697011897103
10.91979989995	2.30298698295495
10.9266333166583	2.36430846300155
10.9334667333667	2.33568894067005
10.940300150075	2.19253258419316
10.9471335667834	1.88595056895505
10.9539669834917	1.40789806364547
10.9608004002001	0.772578029647996
10.9676338169085	0.0510288639247683
10.9744672336168	-0.675282358294798
10.9813006503252	-1.12112421557097
10.9881340670335	-0.565976155567507
10.9949674837419	-0.0971172150575827
11.0018009004502	0.329509278639245
11.0086343171586	0.790924787441031
11.0154677338669	1.32405913100246
11.0223011505753	1.93776056531058
11.0291345672836	2.57675372600945
11.035967983992	3.13971622805196
11.0428014007004	3.53368565122304
11.0496348174087	3.66384547442049
11.0564682341171	3.48249990089248
11.0633016508254	3.00745654243361
11.0701350675338	2.28974865881441
11.0769684842421	1.4279148778114
11.0838019009505	0.52112084361295
11.0906353176588	-0.365486525757546
11.0974687343672	-1.17879882697147
11.1043021510755	-0.53318175067394
11.1111355677839	0.165979331822366
11.1179689844922	0.84720460601434
11.1248024012006	1.52060649715226
11.131635817909	2.15720172914011
11.1384692346173	2.71126886954905
11.1453026513257	3.10267304440964
11.152136068034	3.25079981477561
11.1589694847424	3.10679811007104
11.1658029014507	2.65066113158322
11.1726363181591	1.93064322692367
11.1794697348674	1.05356026860387
11.1863031515758	0.124036222654358
11.1931365682841	-0.724789956545382
11.1999699849925	-1.05087439168142
11.2068034017009	-0.56876115796314
11.2136368184092	-0.279169969907291
11.2204702351176	-0.122943459530094
11.2273036518259	-0.0549651871711569
11.2341370685343	-0.0105430498673621
11.2409704852426	0.0194563438887366
11.247803901951	0.0385405137992265
11.2546373186593	0.0251014853481676
11.2614707353677	-0.0335852580208036
11.268304152076	-0.125470909686945
11.2751375687844	-0.23972495994472
11.2819709854927	-0.345516952445323
11.2888044022011	-0.443238864609794
11.2956378189095	-0.540313111137949
11.3024712356178	-0.657142997803775
11.3093046523262	-0.820972125363359
11.3161380690345	-1.02457550388226
11.3229714857429	-1.19612491762026
11.3298049024512	-0.987978073915613
11.3366383191596	-0.842654158880533
11.3434717358679	-0.781884209077747
11.3503051525763	-0.832331373379043
11.3571385692846	-0.973198312003574
11.363971985993	-1.15111209643703
11.3708054027014	-1.1076705752391
11.3776388194097	-0.954713413206873
11.3844722361181	-0.854820953088529
11.3913056528264	-0.795566043876763
11.3981390695348	-0.772463945869195
11.4049724862431	-0.73380732200368
11.4118059029515	-0.652754543030795
11.4186393196598	-0.534078998471811
11.4254727363682	-0.382981018026065
11.4323061530765	-0.235639731536906
11.4391395697849	-0.177063459367541
11.4459729864932	-0.221409527592362
11.4528064032016	-0.420483925036077
11.45963981991	-0.777354369453259
11.4664732366183	-1.19917222761509
11.4733066533267	-0.810816496211455
11.480140070035	-0.448344889492049
11.4869734867434	-0.316218703465376
11.4938069034517	-0.429259143821079
11.5006403201601	-0.845452592316111
11.5074737368684	-0.898339373980868
11.5143071535768	-0.0366794501911992
11.5211405702851	0.774565648954991
11.5279739869935	1.36292479417364
11.5348074037019	1.62768129639404
11.5416408204102	1.5686813452715
11.5484742371186	1.25733965720309
11.5553076538269	0.821758110675547
11.5621410705353	0.375354982324932
11.5689744872436	0.00799004051411571
11.575807903952	-0.229143443612808
11.5826413206603	-0.339189028919987
11.5894747373687	-0.347983272339116
11.596308154077	-0.2991217508681
11.6031415707854	-0.243773487238137
11.6099749874937	-0.212860376600074
11.6168084042021	-0.231576412932917
11.6236418209105	-0.312215692780339
11.6304752376188	-0.457875309952533
11.6373086543272	-0.659435480727208
11.6441420710355	-0.895218750637733
11.6509754877439	-1.12656904753066
11.6578089044522	-1.14733225741913
11.6646423211606	-1.04464898524068
11.6714757378689	-1.02728485018486
11.6783091545773	-1.07913100450426
11.6851425712856	-1.16431701475287
11.691975987994	-1.21199032931048
11.6988094047024	-1.16627193478068
11.7056428214107	-1.17306065694631
11.7124762381191	-1.223103654429
11.7193096548274	-1.12915896609177
11.7261430715358	-1.02845263105454
11.7329764882441	-0.932496654679637
11.7398099049525	-0.858249470002312
11.7466433216608	-0.814315533521887
11.7534767383692	-0.797363855186575
11.7603101550775	-0.800924912798457
11.7671435717859	-0.822733953858285
11.7739769884942	-0.849730455374789
11.7808104052026	-0.879204523106189
11.787643821911	-0.893947770008704
11.7944772386193	-0.884869060176049
11.8013106553277	-0.846882111804718
11.808144072036	-0.770760481966548
11.8149774887444	-0.660440459085555
11.8218109054527	-0.53898373413733
11.8286443221611	-0.410092322596108
11.8354777388694	-0.291229583888324
11.8423111555778	-0.19170231725341
11.8491445722861	-0.104513780189596
11.8559779889945	-0.0187242510651015
11.8628114057029	0.0657771166493115
11.8696448224112	0.151375545381672
11.8764782391196	0.239676545328589
11.8833116558279	0.330701300883939
11.8901450725363	0.389046809758462
11.8969784892446	0.368412492840023
11.903811905953	0.26860030893167
11.9106453226613	0.0993399236043511
11.9174787393697	-0.116551561348196
11.924312156078	-0.378243293816787
11.9311455727864	-0.667599089536509
11.9379789894947	-0.90451291012757
11.9448124062031	-1.07937115952892
11.9516458229115	-1.20001962368565
11.9584792396198	-1.15912589974791
11.9653126563282	-1.08020659359087
11.9721460730365	-1.01304848693085
11.9789794897449	-0.942307431937228
11.9858129064532	-0.867418815592665
11.9926463231616	-0.824798202336482
11.9994797398699	-0.846850095962124
12.0063131565783	-0.933578443924452
12.0131465732866	-1.08581113697967
12.019979989995	-1.15340868839644
12.0268134067034	-0.87359513801591
12.0336468234117	-0.593586806139647
12.0404802401201	-0.33402328185938
12.0473136568284	-0.095029011000512
12.0541470735368	0.105277522813297
12.0609804902451	0.25439633975211
12.0678139069535	0.352584760167311
12.0746473236618	0.38514441854131
12.0814807403702	0.329603559440456
12.0883141570785	0.185962105593134
12.0951475737869	-0.0348408848164225
12.1019809904952	-0.297401411425415
12.1088144072036	-0.599383428259029
12.115647823912	-0.854629368025615
12.1224812406203	-0.986555019703037
12.1293146573287	-0.989188163932421
12.136148074037	-0.874454480568206
12.1429814907454	-0.774541961174219
12.1498149074537	-0.751804442322612
12.1566483241621	-0.929873279758919
12.1634817408704	-1.14768261663913
12.1703151575788	-0.590628119793216
12.1771485742871	0.0444551289475256
12.1839819909955	0.671499343127614
12.1908154077039	1.22270008119125
12.1976488244122	1.67769173306973
12.2044822411206	2.07355947121993
12.2113156578289	2.4237345770513
12.2181490745373	2.74855609704603
12.2249824912456	3.006138721421
12.231815907954	3.137672139629
12.2386493246623	3.08067307716345
12.2454827413707	2.79806956703233
12.252316158079	2.3360038218801
12.2591495747874	1.73359436669346
12.2659829914957	1.12375537671753
12.2728164082041	0.571161312826472
12.2796498249125	0.148174705396617
12.2864832416208	-0.166104329500675
12.2933166583292	-0.392323407555098
12.3001500750375	-0.588711809670054
12.3069834917459	-0.77296916806917
12.3138169084542	-0.953273030998123
12.3206503251626	-1.11464571252506
12.3274837418709	-1.21387599351155
12.3343171585793	-1.12012042298726
12.3411505752876	-1.04549767773302
12.347983991996	-0.963820973285394
12.3548174087044	-0.858488026846835
12.3616508254127	-0.723161089860713
12.3684842421211	-0.560930047892805
12.3753176588294	-0.366363415351089
12.3821510755378	-0.121470399409757
12.3889844922461	0.199250263648603
12.3958179089545	0.61766246742683
12.4026513256628	1.11614167508538
12.4094847423712	1.64948248542445
12.4163181590795	2.13936315609719
12.4231515757879	2.49129895601816
12.4299849924962	2.65151192310636
12.4368184092046	2.59247615829581
12.443651825913	2.34133242311156
12.4504852426213	1.96096144364907
12.4573186593297	1.50573031702636
12.464152076038	1.02279659023871
12.4709854927464	0.514165808555491
12.4778189094547	-0.0400509531334477
12.4846523261631	-0.64588932574026
12.4914857428714	-1.18413420481464
12.4983191595798	-0.612223699144171
12.5051525762881	-0.144396071086065
12.5119859929965	0.109014513233887
12.5188194097049	0.13834805016464
12.5256528264132	-0.0685019721949436
12.5324862431216	-0.481452974693204
12.5393196598299	-0.984565162747958
12.5461530765383	-0.925959073603164
12.5529864932466	-0.470619758667293
12.559819909955	-0.120418868205292
12.5666533266633	0.087445879764431
12.5734867433717	0.130207187651593
12.58032016008	0.0140533525127104
12.5871535767884	-0.220586116703321
12.5939869934967	-0.567183652232863
12.6008204102051	-0.992461977270674
12.6076538269135	-1.02386278955023
12.6144872436218	-0.569899382113995
12.6213206603302	-0.15821988873907
12.6281540770385	0.183433972688972
12.6349874937469	0.450405516366435
12.6418209104552	0.633855852351436
12.6486543271636	0.738786536553418
12.6554877438719	0.794984968527272
12.6623211605803	0.80747573627483
12.6691545772886	0.786515231858118
12.675987993997	0.737516552038932
12.6828214107054	0.654221664995123
12.6896548274137	0.526661403711088
12.6964882441221	0.354679381976557
12.7033216608304	0.138158308519468
12.7101550775388	-0.110081439914351
12.7169884942471	-0.344838566227306
12.7238219109555	-0.56202089808688
12.7306553276638	-0.761461983875116
12.7374887443722	-0.943256971213855
12.7443221610805	-1.1070281187979
12.7511555777889	-1.21182325603694
12.7579889944972	-1.10105076570164
12.7648224112056	-1.01797922010485
12.771655827914	-0.962633227026892
12.7784892446223	-0.934932511636331
12.7853226613307	-0.928137965004899
12.792156078039	-0.934255293707073
12.7989894947474	-0.953146746398532
12.8058229114557	-0.984682215457517
12.8126563281641	-1.02911549053938
12.8194897448724	-1.08381065978495
12.8263231615808	-1.13816459729319
12.8331565782891	-1.19103055726904
12.8399899949975	-1.21482512945212
12.8468234117059	-1.19711430525147
12.8536568284142	-1.15609474858982
12.8604902451226	-0.925398584132908
12.8673236618309	-0.615363741242941
12.8741570785393	-0.295326203002697
12.8809904952476	0.0341004024081678
12.887823911956	0.274075121624569
12.8946573286643	0.336769472722884
12.9014907453727	0.224470694096902
12.908324162081	0.0240689105030986
12.9151575787894	-0.222775553249748
12.9219909954977	-0.446247958023379
12.9288244122061	-0.565980687602081
12.9356578289145	-0.583870846376345
12.9424912456228	-0.530775013797038
12.9493246623312	-0.506939922628832
12.9561580790395	-0.576501307299665
12.9629914957479	-0.796663832263658
12.9698249124562	-1.15467265711626
12.9766583291646	-0.831611011188785
12.9834917458729	-0.344004517322526
12.9903251625813	0.115391359340724
12.9971585792896	0.481076104203459
13.003991995998	0.754938640805198
13.0108254127064	0.941248417217031
13.0176588294147	1.07271749857139
13.0244922461231	1.16314465948047
13.0313256628314	1.21745244356065
13.0381590795398	1.23668785963169
13.0449924962481	1.20984865228506
13.0518259129565	1.13299238735515
13.0586593296648	1.01024916454949
13.0654927463732	0.84390137011239
13.0723261630815	0.641261003629479
13.0791595797899	0.408573625574634
13.0859929964983	0.153167755769196
13.0928264132066	-0.113878083077673
13.099659829915	-0.377970634650982
13.1064932466233	-0.621538267409524
13.1133266633317	-0.829096333848328
13.12016008004	-0.998047560962529
13.1269934967484	-1.13118848007256
13.1338269134567	-1.21312254760676
13.1406603301651	-1.10827740678173
13.1474937468734	-0.998332171906622
13.1543271635818	-0.880666212762952
13.1611605802901	-0.754132569952274
13.1679939969985	-0.613400218599001
13.1748274137069	-0.45311813419253
13.1816608304152	-0.258709179711868
13.1884942471236	-0.0269202143335437
13.1953276638319	0.242846425806663
13.2021610805403	0.493504167233478
13.2089944972486	0.66967728267935
13.215827913957	0.668664748680826
13.2226613306653	0.442950884917828
13.2294947473737	-0.0228775456070172
13.236328164082	-0.638903067509111
13.2431615807904	-1.11741922423265
13.2499949974987	-0.548939522643176
13.2568284142071	-0.138694872009226
13.2636618309155	0.113279011858575
13.2704952476238	0.206994728151294
13.2773286643322	0.142416751298845
13.2841620810405	-0.00561125208642367
13.2909954977489	-0.15441642601118
13.2978289144572	-0.303926532399724
13.3046623311656	-0.454068679306138
13.3114957478739	-0.605086417280203
13.3183291645823	-0.756726694120732
13.3251625812906	-0.907295679192172
13.331995997999	-1.04495077754627
13.3388294147074	-1.16680041421278
13.3456628314157	-1.1840556146495
13.3524962481241	-1.09303284537369
13.3593296648324	-1.01753754020317
13.3661630815408	-0.969356473725319
13.3729964982491	-0.970577630633463
13.3798299149575	-1.0215774304166
13.3866633316658	-1.12238306629794
13.3934967483742	-1.18401675196147
13.4003301650825	-0.990567735702784
13.4071635817909	-0.767967875608771
13.4139969984993	-0.543528526943724
13.4208304152076	-0.331732512624444
13.427663831916	-0.153816762226992
13.4344972486243	-0.0200002079135121
13.4413306653327	0.0645992992490338
13.448164082041	0.0973997488869204
13.4549974987494	0.0843935275972583
13.4618309154577	0.0353513718658541
13.4686643321661	-0.0353369066154544
13.4754977488744	-0.115193131744405
13.4823311655828	-0.201193409292068
13.4891645822911	-0.298924965099069
13.4959979989995	-0.415803447338729
13.5028314157079	-0.554926212109397
13.5096648324162	-0.707901512365137
13.5164982491246	-0.855728579588762
13.5233316658329	-0.978904153471912
13.5301650825413	-1.06238105376606
13.5369984992496	-1.10312121941693
13.543831915958	-1.11358304477598
13.5506653326663	-1.10728323585623
13.5574987493747	-1.09625875560785
13.564332166083	-1.08884400712281
13.5711655827914	-1.09091947609235
13.5779989994997	-1.10830744425334
13.5848324162081	-1.14717471256999
13.5916658329165	-1.20992740090715
13.5984992496248	-1.16379307003989
13.6053326663332	-1.06823011610298
13.6121660830415	-0.975221495516464
13.6189994997499	-0.901662151765148
13.6258329164582	-0.856026532474638
13.6326663331666	-0.835236741876529
13.6394997498749	-0.830008201798332
13.6463331665833	-0.830078422976074
13.6531665832916	-0.829972822427589
13.66	-0.829999649535724
13.67	0
14.0369696969697	0
14.4039393939394	0
14.7709090909091	0
15.1378787878788	0
15.5048484848485	0
15.8718181818182	0
16.2387878787879	0
16.6057575757576	0
16.9727272727273	0
17.339696969697	0
17.7066666666667	0
18.0736363636364	0
18.4406060606061	0
18.8075757575758	0
19.1745454545455	0
19.5415151515151	0
19.9084848484849	0
20.2754545454545	0
20.6424242424242	0
21.0093939393939	0
21.3763636363636	0
21.7433333333333	0
22.110303030303	0
22.4772727272727	0
22.8442424242424	0
23.2112121212121	0
23.5781818181818	0
23.9451515151515	0
24.3121212121212	0
24.6790909090909	0
25.0460606060606	0
25.4130303030303	0
25.78	0
26.1469696969697	0
26.5139393939394	0
26.8809090909091	0
27.2478787878788	0
27.6148484848485	0
27.9818181818182	0
28.3487878787879	0
28.7157575757576	0
29.0827272727273	0
29.449696969697	0
29.8166666666667	0
30.1836363636364	0
30.5506060606061	0
30.9175757575758	0
31.2845454545455	0
31.6515151515151	0
32.0184848484849	0
32.3854545454545	0
32.7524242424242	0
33.1193939393939	0
33.4863636363636	0
33.8533333333333	0
34.220303030303	0
34.5872727272727	0
34.9542424242424	0
35.3212121212121	0
35.6881818181818	0
36.0551515151515	0
36.4221212121212	0
36.7890909090909	0
37.1560606060606	0
37.5230303030303	0
37.89	0
38.2569696969697	0
38.6239393939394	0
38.9909090909091	0
39.3578787878788	0
39.7248484848485	0
40.0918181818182	0
40.4587878787879	0
40.8257575757576	0
41.1927272727273	0
41.559696969697	0
41.9266666666667	0
42.2936363636364	0
42.6606060606061	0
43.0275757575758	0
43.3945454545455	0
43.7615151515151	0
44.1284848484848	0
44.4954545454545	0
44.8624242424242	0
45.2293939393939	0
45.5963636363636	0
45.9633333333333	0
46.330303030303	0
46.6972727272727	0
47.0642424242424	0
47.4312121212121	0
47.7981818181818	0
48.1651515151515	0
48.5321212121212	0
48.8990909090909	0
49.2660606060606	0
49.6330303030303	0
50	0
