time	Quartz
0	0.244300684211786
0.00683341670835418	0.0836742822305474
0.0136668334167084	-0.0769521229841022
0.0205002501250625	-0.236877145427187
0.0273336668334167	-0.387114598978892
0.0341670835417709	-0.510446611093899
0.0410005002501251	-0.589477615087918
0.0478339169584792	-0.614927887072349
0.0546673336668334	-0.582038131830226
0.0615007503751876	-0.495641097941319
0.0683341670835418	-0.368119847934808
0.075167583791896	-0.215336805707298
0.0820010005002501	-0.0572432677642955
0.0888344172086043	0.0877315483681555
0.0956678339169585	0.206859723851957
0.102501250625313	0.295930919026506
0.109334667333667	0.359561218625844
0.116168084042021	0.408508464976122
0.123001500750375	0.455645186715701
0.129834917458729	0.512127620560119
0.136668334167084	0.586511673689669
0.143501750875438	0.681704575769655
0.150335167583792	0.79589927641329
0.157168584292146	0.922121723259858
0.1640020010005	1.05028597317852
0.170835417708854	1.16809538237877
0.177668834417209	1.26537329945343
0.184502251125563	1.33757514858372
0.191335667833917	1.38648817131277
0.198169084542271	1.41891422926292
0.205002501250625	1.4434332614342
0.211835917958979	1.46735999338051
0.218669334667334	1.4948777236407
0.225502751375688	1.52634838928598
0.232336168084042	1.55837464527004
0.239169584792396	1.58570658196205
0.24600300150075	1.60379842600553
0.252836418209105	1.61055101404197
0.259669834917459	1.60685408360554
0.266503251625813	1.59582523769728
0.273336668334167	1.58119531206399
0.280170085042521	1.56557856178057
0.287003501750875	1.54936168330044
0.29383691845923	1.53081394057014
0.300670335167584	1.50700558904317
0.307503751875938	1.47500627255538
0.314337168584292	1.43302908515391
0.321170585292646	1.38114234954319
0.328004002001	1.32113318971679
0.334837418709355	1.2562491716598
0.341670835417709	1.19106857064299
0.348504252126063	1.13106082869905
0.355337668834417	1.08201012937597
0.362171085542771	1.04942098260172
0.369004502251126	1.03759391141045
0.37583791895948	1.04824775614226
0.382671335667834	1.07985462569294
0.389504752376188	1.12699932153728
0.396338169084542	1.18030680559241
0.403171585792896	1.22805327840792
0.410005002501251	1.26061836747299
0.416838419209605	1.27301684896706
0.423671835917959	1.26572766790769
0.430505252626313	1.24372040116012
0.437338669334667	1.21414133035456
0.444172086043022	1.18386748203638
0.451005502751376	1.15796977651302
0.45783891945973	1.1393029681839
0.464672336168084	1.12872284392897
0.471505752876438	1.12568258263478
0.478339169584792	1.12868414931676
0.485172586293147	1.13533496631783
0.492006003001501	1.1421894791336
0.498839419709855	1.14508296528015
0.505672836418209	1.14022591322536
0.512506253126563	1.12553417886221
0.519339669834918	1.10127686294582
0.526173086543272	1.07095266543562
0.533006503251626	1.03994448480829
0.53983991995998	1.0146489627552
0.546673336668334	1.00022979242253
0.553506753376688	0.999271088273574
0.560340170085043	1.011422964162
0.567173586793397	1.03407547781058
0.574007003501751	1.06391227199234
0.580840420210105	1.09826436372318
0.587673836918459	1.13576471446375
0.594507253626813	1.17672169086969
0.601340670335168	1.22233692197043
0.608174087043522	1.27418697875408
0.615007503751876	1.33327928410986
0.62184092046023	1.39947395353399
0.628674337168584	1.47072055633563
0.635507753876939	1.54293679947507
0.642341170585293	1.61078423681771
0.649174587293647	1.66900509178175
0.656008004002001	1.71368213598608
0.662841420710355	1.74286622889583
0.669674837418709	1.75626514899152
0.676508254127064	1.75451962531775
0.683341670835418	1.73820085480749
0.690175087543772	1.70718373936684
0.697008504252126	1.66065201211598
0.70384192096048	1.59768230101916
0.710675337668834	1.51815056926824
0.717508754377189	1.42366011789966
0.724342171085543	1.31853851521286
0.731175587793897	1.21007748956943
0.738009004502251	1.10632659461343
0.744842421210605	1.01345774767292
0.75167583791896	0.933835640600696
0.758509254627314	0.865352550376252
0.765342671335668	0.801846351923441
0.772176088044022	0.734511692488982
0.779009504752376	0.654134622401001
0.78584292146073	0.553005657824441
0.792676338169085	0.4265070862271
0.799509754877439	0.275053941629042
0.806343171585793	0.106122719648874
0.813176588294147	-0.0640522620750942
0.820010005002501	-0.211921776747963
0.826843421710855	-0.312286507287818
0.83367683841921	-0.346628775610939
0.840510255127564	-0.310400458359419
0.847343671835918	-0.215616814255075
0.854177088544272	-0.0861442466805582
0.861010505252626	0.0503990681045585
0.867843921960981	0.17091268296396
0.874677338669335	0.262052598351653
0.881510755377689	0.321080693831334
0.888344172086043	0.353122427811705
0.895177588794397	0.367089795297459
0.902011005502751	0.372093498264928
0.908844422211106	0.374369538769987
0.91567783891946	0.375606639340639
0.922511255627814	0.372890693842863
0.929344672336168	0.359885088781402
0.936178089044522	0.329569418877875
0.943011505752877	0.277337108732534
0.949844922461231	0.202743484072055
0.956678339169585	0.10873741287278
0.963511755877939	-0.000895274474856783
0.970345172586293	-0.123695568619651
0.977178589294647	-0.257652247446436
0.984012006003002	-0.397478847973553
0.990845422711356	-0.530818614737986
0.99767883941971	-0.638884703323223
1.00451225612806	-0.702031360405756
1.01134567283642	-0.70812849175403
1.01817908954477	-0.658707552313923
1.02501250625313	-0.568773975054685
1.03184592296148	-0.460359068228747
1.03867933966984	-0.352377536444016
1.04551275637819	-0.253698521970242
1.05234617308654	-0.163577370566341
1.0591795897949	-0.0779037248683412
1.06601300650325	0.00453464564799679
1.07284642321161	0.0801146006465046
1.07967983991996	0.142593420252048
1.08651325662831	0.186651508209787
1.09334667333667	0.209876029134719
1.10018009004502	0.213009874751504
1.10701350675338	0.198985710093511
1.11384692346173	0.171646934938383
1.12068034017009	0.134980687971008
1.12751375687844	0.0928163554060582
1.13434717358679	0.048560607827209
1.14118059029515	0.00475525871594982
1.1480140070035	-0.0374081772258827
1.15484742371186	-0.0786375021439427
1.16168084042021	-0.121744141931967
1.16851425712856	-0.171324655306681
1.17534767383692	-0.233080367211664
1.18218109054527	-0.312515726482143
1.18901450725363	-0.413107132901836
1.19584792396198	-0.534911528342863
1.20268134067034	-0.674182719694809
1.20951475737869	-0.824004081223583
1.21634817408704	-0.975422492691696
1.2231815907954	-1.11845821491206
1.23001500750375	-1.24242627870566
1.23684842421211	-1.33567119942503
1.24368184092046	-1.38557293098543
1.25051525762881	-1.37968010846428
1.25734867433717	-1.30858564426891
1.26418209104552	-1.16900292135343
1.27101550775388	-0.966507229594798
1.27784892446223	-0.715782538638475
1.28468234117059	-0.438271987128783
1.29151575787894	-0.157757814939145
1.29834917458729	0.104834432302711
1.30518259129565	0.335273978967808
1.312016008004	0.527300010238867
1.31884942471236	0.681079014031567
1.32568284142071	0.800991930491625
1.33251625812906	0.893560958278696
1.33934967483742	0.966052117291773
1.34618309154577	1.02561756102536
1.35301650825413	1.07844708675452
1.35984992496248	1.12889731778326
1.36668334167084	1.17920752568703
1.37351675837919	1.22980829403515
1.38035017508754	1.2804395981737
1.3871835917959	1.33166365026294
1.39401700850425	1.38496559606177
1.40085042521261	1.4417786317654
1.40768384192096	1.50253491304242
1.41451725862931	1.56559076421653
1.42135067533767	1.62727739812885
1.42818409204602	1.68259398857795
1.43501750875438	1.72636346463815
1.44185092546273	1.75403037606341
1.44868434217109	1.76231574933163
1.45551775887944	1.74981254316783
1.46235117558779	1.71743270475777
1.46918459229615	1.6684009329357
1.4760180090045	1.60776078161509
1.48285142571286	1.54154305017735
1.48968484242121	1.47564638857363
1.49651825912956	1.41465946121355
1.50335167583792	1.36101547792368
1.51018509254627	1.31493850017843
1.51701850925463	1.27506091706737
1.52385192596298	1.23993496976838
1.53068534267134	1.20919192459064
1.53751875937969	1.18383630288035
1.54435217608804	1.16578735797287
1.5511855927964	1.15742608823303
1.55801900950475	1.16108069135938
1.56485242621311	1.17844758516898
1.57168584292146	1.20988214249346
1.57851925962982	1.25410477632518
1.58535267633817	1.30781003862754
1.59218609304652	1.36535569413351
1.59901950975488	1.41900068604777
1.60585292646323	1.46001864243524
1.61268634317159	1.48030971824281
1.61951975987994	1.47443975888159
1.62635317658829	1.44154047287198
1.63318659329665	1.38569510138516
1.640020010005	1.31453331545046
1.64685342671336	1.23696622339254
1.65368684342171	1.16113194831642
1.66052026013007	1.09362659339871
1.66735367683842	1.04010059009554
1.67418709354677	1.00600072987287
1.68102051025513	0.995939100795395
1.68785392696348	1.01136199367823
1.69468734367184	1.0482173030716
1.70152076038019	1.09688277667601
1.70835417708854	1.14478036638632
1.7151875937969	1.18035940729987
1.72202101050525	1.19594681875972
1.72885442721361	1.18870486227808
1.73568784392196	1.15944141737418
1.74252126063032	1.11079277694334
1.74935467733867	1.04692010221777
1.75618809404702	0.974302118672929
1.76302151075538	0.902305962250332
1.76985492746373	0.842262338735654
1.77668834417209	0.804713442466982
1.78352176088044	0.79608876644512
1.79035517758879	0.816593577882368
1.79718859429715	0.86084547111197
1.8040220110055	0.919856840566824
1.81085542771386	0.983402543459709
1.81768884442221	1.04158295486226
1.82452226113057	1.08605316328228
1.83135567783892	1.11132329017896
1.83818909454727	1.11541250103667
1.84502251125563	1.10026321836727
1.85185592796398	1.07135157161163
1.85868934467234	1.03621021124479
1.86552276138069	1.00167852700446
1.87235617808904	0.971639904228131
1.8791895947974	0.94639756591135
1.88602301150575	0.923531212917899
1.89285642821411	0.899830409935266
1.89968984492246	0.873009491387627
1.90652326163082	0.842339273597259
1.91335667833917	0.807920199792135
1.92019009504752	0.769250049479665
1.92702351175588	0.724690012420497
1.93385692846423	0.672463896564801
1.94069034517259	0.612206101773487
1.94752376188094	0.545288715802621
1.95435717858929	0.473216972643764
1.96119059529765	0.395521227111152
1.968024012006	0.309190742088402
1.97485742871436	0.210774514957412
1.98169084542271	0.100077759967934
1.98852426213107	-0.0165387802978837
1.99535767883942	-0.125471967282823
2.00219109554777	-0.208576710441337
2.00902451225613	-0.249125484360687
2.01585792896448	-0.238517773564059
2.02269134567284	-0.18055973189106
2.02952476238119	-0.0908968233136492
2.03635817908954	0.00858757788938511
2.0431915957979	0.0973374728354265
2.05002501250625	0.161444421509892
2.05685842921461	0.194958457915022
2.06369184592296	0.197666642821263
2.07052526263132	0.171370736984274
2.07735867933967	0.118191870109809
2.08419209604802	0.0405785027663995
2.09102551275638	-0.058027857110427
2.09785892946473	-0.171845238879212
2.10469234617309	-0.293231626456225
2.11152576288144	-0.413031642769785
2.11835917958979	-0.521863248294413
2.12519259629815	-0.611000863853874
2.1320260130065	-0.672527135309766
2.13885942971486	-0.699236070720169
2.14569284642321	-0.684748277137002
2.15252626313157	-0.624888760772576
2.15935967983992	-0.518216052178131
2.16619309654827	-0.368962350267107
2.17302651325663	-0.185652566697948
2.17985992996498	0.0185492386675609
2.18669334667334	0.229135918568634
2.19352676338169	0.431904843243175
2.20036018009005	0.616610659107887
2.2071935967984	0.77576313452986
2.21402701350675	0.906889273643326
2.22086043021511	1.00955143053783
2.22769384692346	1.08560911933627
2.23452726363182	1.13718595440399
2.24136068034017	1.16636722431772
2.24819409704852	1.17527576651276
2.25502751375688	1.16651371047334
2.26186093046523	1.14385292356768
2.26869434717359	1.11258035648977
2.27552776388194	1.07918660274201
2.2823611805903	1.05020257022153
2.28919459729865	1.03063217056923
2.296028014007	1.02091235574621
2.30286143071536	1.01733289132252
2.30969484742371	1.01272445779563
2.31652826413207	0.998041028578901
2.32336168084042	0.964029872742067
2.33019509754877	0.902757049000686
2.33702851425713	0.808916279903604
2.34386193096548	0.680752905546088
2.35069534767384	0.520962372758217
2.35752876438219	0.33738571874223
2.36436218109055	0.143806053274165
2.3711955977989	-0.039712441768058
2.37802901450725	-0.188505776247068
2.38486243121561	-0.277405677813524
2.39169584792396	-0.286422923715464
2.39852926463232	-0.206545973550623
2.40536268134067	-0.0436227420118287
2.41219609804902	0.181113840803731
2.41902951475738	0.434947250884645
2.42586293146573	0.68062678036794
2.43269634817409	0.886316569647446
2.43952976488244	1.03360170527827
2.4463631815908	1.11978492362766
2.45319659829915	1.15525136510047
2.4600300150075	1.15737794843182
2.46686343171586	1.14365867711467
2.47369684842421	1.12675411281755
2.48053026513257	1.11263167867673
2.48736368184092	1.10153853952385
2.49419709854927	1.09081298254959
2.50103051525763	1.07773398014438
2.50786393196598	1.06105254715765
2.51469734867434	1.04116312664121
2.52153076538269	1.01916787522736
2.52836418209105	0.995866214344289
2.5351975987994	0.97135341242147
2.54203101550775	0.945389229603016
2.54886443221611	0.918330763914793
2.55569784892446	0.891884377382005
2.56253126563282	0.869223875767328
2.56936468234117	0.85455303351975
2.57619809904952	0.851873928640498
2.58303151575788	0.863345782186362
2.58986493246623	0.888625626574178
2.59669834917459	0.925046030180583
2.60353176588294	0.968915425525175
2.6103651825913	1.01683525012155
2.61719859929965	1.06657004428647
2.624032016008	1.11782213663864
2.63086543271636	1.17176397636841
2.63769884942471	1.23039896495028
2.64453226613307	1.29534333841611
2.65136568284142	1.3665446656741
2.65819909954977	1.44189388642554
2.66503251625813	1.51789135626556
2.67186593296648	1.59071771787951
2.67869934967484	1.6571671330887
2.68553276638319	1.71507498736845
2.69236618309155	1.76341316616951
2.6991995997999	1.80202352761407
2.70603301650825	1.83085147332624
2.71286643321661	1.84944858822703
2.71969984992496	1.85701967457122
2.72653326663332	1.85310388138625
2.73336668334167	1.8382802147159
2.74020010005003	1.8144537486297
2.74703351675838	1.78452282588946
2.75386693346673	1.75115416478779
2.76070035017509	1.71562900997586
2.76753376688344	1.67704461002309
2.7743671835918	1.63254304273083
2.78120060030015	1.57819902854497
2.7880340170085	1.50999152680432
2.79486743371686	1.42468865285733
2.80170085042521	1.32049232332903
2.80853426713357	1.19759441892728
2.81536768384192	1.05845026587232
2.82220110055028	0.907196594959545
2.82903451725863	0.748269854080332
2.83586793396698	0.584962773076027
2.84270135067534	0.4190383430129
2.84953476738369	0.251647224468851
2.85636818409205	0.0847331412035096
2.8632016008004	-0.0774572659870327
2.87003501750875	-0.227533746108188
2.87686843421711	-0.355211262190945
2.88370185092546	-0.44858618489794
2.89053526763382	-0.496537816168764
2.89736868434217	-0.491497285474927
2.90420210105053	-0.431329200715522
2.91103551775888	-0.320153447166013
2.91786893446723	-0.167895091453792
2.92470235117559	0.0111022401347104
2.93153576788394	0.200549610672198
2.9383691845923	0.384708035089602
2.94520260130065	0.550318315951743
2.952036018009	0.688074802634021
2.95886943471736	0.793286097333495
2.96570285142571	0.86563332940496
2.97253626813407	0.908287735144966
2.97936968484242	0.926614727971463
2.98620310155078	0.926540610254788
2.99303651825913	0.912914960744348
2.99986993496748	0.88875601027104
3.00670335167584	0.855603018585223
3.01353676838419	0.814551801871899
3.02037018509255	0.766991643724041
3.0272036018009	0.714434890272227
3.03403701850925	0.657850529054566
3.04087043521761	0.597229364318201
3.04770385192596	0.532056872558454
3.05453726863432	0.462374450405437
3.06137068534267	0.389459262611869
3.06820410205103	0.315745920360688
3.07503751875938	0.243738246418783
3.08187093546773	0.174661574962257
3.08870435217609	0.107961646054989
3.09553776888444	0.041838566915008
3.1023711855928	-0.025654098400772
3.10920460230115	-0.0953986722679526
3.1160380190095	-0.166321766892007
3.12287143571786	-0.23524084114735
3.12970485242621	-0.297097106909773
3.13653826913457	-0.345519780539856
3.14337168584292	-0.373244911473727
3.15020510255128	-0.373313731638056
3.15703851925963	-0.341208657464311
3.16387193596798	-0.277453708740246
3.17070535267634	-0.188943474252885
3.17753876938469	-0.0887621744997705
3.18437218609305	0.00625990082375342
3.1912056028014	0.0791880461731704
3.19803901950976	0.116375590557961
3.20487243621811	0.10974587974632
3.21170585292646	0.05766824547705
3.21853926963482	-0.0360254026255819
3.22537268634317	-0.163753102942283
3.23220610305153	-0.315763741866661
3.23903951975988	-0.481412500757441
3.24587293646823	-0.649756717529269
3.25270635317659	-0.809867999325333
3.25953976988494	-0.951185810179997
3.2663731865933	-1.06417615386298
3.27320660330165	-1.14102339994155
3.28004002001001	-1.1760866493284
3.28687343671836	-1.16596270509461
3.29370685342671	-1.10963273360227
3.30054027013507	-1.00825925612202
3.30737368684342	-0.865263399579352
3.31420710355178	-0.686582020489598
3.32104052026013	-0.480342864829523
3.32787393696848	-0.256102886354274
3.33470735367684	-0.0239846560288543
3.34154077038519	0.206667882976698
3.34837418709355	0.428131633470602
3.3552076038019	0.63464879869988
3.36204102051026	0.822403504150406
3.36887443721861	0.989053234526078
3.37570785392696	1.13338049676184
3.38254127063532	1.25501232832675
3.38937468734367	1.35433030493945
3.39620810405203	1.43235696149411
3.40304152076038	1.49064435665882
3.40987493746873	1.5310952253035
3.41670835417709	1.55585549577086
3.42354177088544	1.56717015071364
3.4303751875938	1.56711982107284
3.43720860430215	1.55741439934823
3.44404202101051	1.53887091661746
3.45087543771886	1.51159725525564
3.45770885442721	1.47510995750003
3.46454227113557	1.42912268369753
3.47137568784392	1.37391782773822
3.47820910455228	1.31089329315033
3.48504252126063	1.2425019467328
3.49187593796898	1.17187423120606
3.49870935467734	1.10212170918029
3.50554277138569	1.03547129865474
3.51237618809405	0.973250054724529
3.5192096048024	0.916039956727319
3.52604302151076	0.864487165826224
3.53287643821911	0.81984637230751
3.53970985492746	0.784401782457689
3.54654327163582	0.761397190007412
3.55337668834417	0.754225727973639
3.56021010505253	0.765594911256427
3.56704352176088	0.796532704841759
3.57387693846923	0.8463584540546
3.58071035517759	0.912345861044061
3.58754377188594	0.990303555486874
3.5943771885943	1.07493131624933
3.60121060530265	1.16025408235609
3.60804402201101	1.24017863821697
3.61487743871936	1.30883794717664
3.62171085542771	1.36162782792056
3.62854427213607	1.39540330335637
3.63537768884442	1.40895696804782
3.64221110555278	1.4032217202253
3.64904452226113	1.38086735923988
3.65587793896948	1.34617788341349
3.66271135567784	1.30369634095322
3.66954477238619	1.25703994807401
3.67637818909455	1.20826065223466
3.6832116058029	1.15799557136019
3.69004502251126	1.10611975627921
3.69687843921961	1.05248973937655
3.70371185592796	0.997340685049171
3.71054527263632	0.941351709058054
3.71737868934467	0.885202305208053
3.72421210605303	0.829207073967942
3.73104552276138	0.773104876076487
3.73787893946974	0.716122764875513
3.74471235617809	0.657284086534387
3.75154577288644	0.596417231633518
3.7583791895948	0.533945288747945
3.76521260630315	0.471517525923626
3.77204602301151	0.411377804745762
3.77887943971986	0.35595623499956
3.78571285642821	0.307638476245057
3.79254627313657	0.267700644139061
3.79937968984492	0.236818388616154
3.80621310655328	0.215182193068846
3.81304652326163	0.201961298168098
3.81987993996999	0.196136087140117
3.82671335667834	0.196118360249664
3.83354677338669	0.199997310821563
3.84038019009505	0.20590723958741
3.8472136068034	0.212087821316266
3.85404702351176	0.217103967096132
3.86088044022011	0.22195693533757
3.86771385692846	0.228882390801128
3.87454727363682	0.241351945330761
3.88138069034517	0.263676069116984
3.88821410705353	0.298069550944481
3.89504752376188	0.344231972784898
3.90188094047024	0.399455626134773
3.90871435717859	0.456342271210351
3.91554777388694	0.506144069918144
3.9223811905953	0.53780434823445
3.92921460730365	0.540740892011524
3.93604802401201	0.506254614488232
3.94288144072036	0.431106682975969
3.94971485742871	0.318052676705031
3.95654827413707	0.177694306938662
3.96338169084542	0.0273670266707776
3.97021510755378	-0.110779875988558
3.97704852426213	-0.217237827863351
3.98388194097049	-0.281934967264347
3.99071535767884	-0.306561557801031
3.99754877438719	-0.301839847548203
4.00438219109555	-0.281850959559018
4.0112156078039	-0.257443954905437
4.01804902451226	-0.232064921681555
4.02488244122061	-0.202432972903729
4.03171585792896	-0.162572210652473
4.03854927463732	-0.109473038179224
4.04538269134567	-0.0474336335375156
4.05221610805403	0.0116672569391074
4.05904952476238	0.0527771644779191
4.06588294147074	0.0606108321208423
4.07271635817909	0.0249500433912713
4.07954977488744	-0.0587395711886732
4.0863831915958	-0.187303095730114
4.09321660830415	-0.352675487586951
4.10005002501251	-0.542649104933942
4.10688344172086	-0.743788405720296
4.11371685842921	-0.94360825932905
4.12055027513757	-1.13183656902772
4.12738369184592	-1.30075590196805
4.13421710855428	-1.44520107400255
4.14105052526263	-1.56219834012003
4.14788394197099	-1.65080797146847
4.15471735867934	-1.71160456805448
4.16155077538769	-1.74572667565703
4.16838419209605	-1.7543829641725
4.1752176088044	-1.73855911063956
4.18205102551276	-1.69885578550102
4.18888444222111	-1.63557512629606
4.19571785892946	-1.5489006506856
4.20255127563782	-1.4386456930523
4.20938469234617	-1.30422849964983
4.21621810905453	-1.14489270544931
4.22305152576288	-0.960685744988361
4.22988494247124	-0.75307292036779
4.23671835917959	-0.525869045578491
4.24355177588794	-0.285272296808149
4.2503851925963	-0.0389770663297436
4.25721860930465	0.205281923220285
4.26405202601301	0.440926410062907
4.27088544272136	0.662867231455623
4.27771885942972	0.866915561842471
4.28455227613807	1.04948142026228
4.29138569284642	1.20759238677406
4.29821910955478	1.33934264409457
4.30505252626313	1.44422359429041
4.31188594297149	1.5235375157307
4.31871935967984	1.58059195610373
4.32555277638819	1.61993406796703
4.33238619309655	1.64611832031725
4.3392196098049	1.66248872866957
4.34605302651326	1.67028883117017
4.35288644322161	1.66923864481455
4.35971985992996	1.65726484401338
4.36655327663832	1.63234194432345
4.37338669334667	1.59404812482527
4.38022011005503	1.54275062290496
4.38705352676338	1.47997433419371
4.39388694347174	1.40986483592043
4.40072036018009	1.33691677726636
4.40755377688844	1.26543855943352
4.4143871935968	1.19959727004039
4.42122061030515	1.14265643262432
4.42805402701351	1.0958870602453
4.43488744372186	1.05987476006289
4.44172086043022	1.03399877912269
4.44855427713857	1.01726477461642
4.45538769384692	1.00810657475619
4.46222111055528	1.00468215417569
4.46905452726363	1.00438384669804
4.47588794397199	1.00434795941908
4.48272136068034	1.0016757552397
4.48955477738869	0.993995614348686
4.49638819409705	0.980531280270422
4.5032216108054	0.962222594259671
4.51005502751376	0.942525261187762
4.51688844422211	0.925942378958467
4.52372186093047	0.91764933074651
4.53055527763882	0.921130726992784
4.53738869434717	0.93827264360887
4.54422211105553	0.967510966453365
4.55105552776388	1.00563093092113
4.55788894447224	1.04801229087698
4.56472236118059	1.08924788699318
4.57155577788894	1.12477802562672
4.5783891945973	1.15068331721392
4.58522261130565	1.16394562430892
4.59205602801401	1.16222353546075
4.59888944472236	1.14383208442548
4.60572286143072	1.10834319307896
4.61255627813907	1.05764190866543
4.61938969484742	0.996465388665541
4.62622311155578	0.932021876194404
4.63305652826413	0.872641702694727
4.63988994497249	0.8258490307081
4.64672336168084	0.796328020140036
4.65355677838919	0.784939938018661
4.66039019509755	0.789791148715001
4.6672236118059	0.807014013287939
4.67405702851426	0.832724461173364
4.68089044522261	0.863526276080389
4.68772386193097	0.896532233211378
4.69455727863932	0.928175854632339
4.70139069534767	0.953240482834276
4.70822411205603	0.96505847099932
4.71505752876438	0.957087585987706
4.72189094547274	0.925102412930323
4.72872436218109	0.869331081195379
4.73555777888944	0.79435901361408
4.7423911955978	0.707045922009021
4.74922461230615	0.613807551331867
4.75605802901451	0.518590951314868
4.76289144572286	0.422778166144494
4.76972486243122	0.326711594770086
4.77655827913957	0.231513391676505
4.78339169584792	0.139817677589018
4.79022511255628	0.0546273905790001
4.79705852926463	-0.0229005103935714
4.80389194597299	-0.0954948157068614
4.81072536268134	-0.170175724650146
4.8175587793897	-0.256538745359886
4.82439219609805	-0.362769635932237
4.8312256128064	-0.491708175072718
4.83805902951476	-0.63930210424848
4.84489244622311	-0.796206023688777
4.85172586293147	-0.950784828121686
4.85855927963982	-1.09215654149374
4.86539269634817	-1.21235225670893
4.87222611305653	-1.30734834272693
4.87905952976488	-1.37700705681988
4.88589294647324	-1.42425784875576
4.89272636318159	-1.45387074300424
4.89955977988994	-1.47094407234601
4.9063931965983	-1.47947441995285
4.91322661330665	-1.4814420136527
4.92006003001501	-1.47650208558944
4.92689344672336	-1.46277661113102
4.93372686343172	-1.43892462960875
4.94056028014007	-1.40566516449648
4.94739369684843	-1.3671309587528
4.95422711355678	-1.32926050121366
4.96106053026513	-1.29986359127392
4.96789394697349	-1.28525951722472
4.97472736368184	-1.28977027340843
4.9815607803902	-1.31383270297078
4.98839419709855	-1.35510824793637
4.9952276138069	-1.40909707283075
5.00206103051526	-1.47039892051006
5.00889444722361	-1.5338075774379
5.01572786393197	-1.59427896847248
5.02256128064032	-1.64714731626077
5.02939469734867	-1.68796449042381
5.03622811405703	-1.71264719585757
5.04306153076538	-1.71756706403498
5.04989494747374	-1.70110191131214
5.05672836418209	-1.66227530721162
5.06356178089045	-1.60136213736006
5.0703951975988	-1.5219867943691
5.07722861430715	-1.4283356072457
5.08406203101551	-1.3250540849026
5.09089544772386	-1.21751330238107
5.09772886443222	-1.11110781229236
5.10456228114057	-1.01030643720497
5.11139569784893	-0.918656563983206
5.11822911455728	-0.838976104120952
5.12506253126563	-0.77078576553648
5.13189594797399	-0.71179481807786
5.13872936468234	-0.657436691895505
5.1455627813907	-0.603103550161497
5.15239619809905	-0.544903626167448
5.1592296148074	-0.482076860795782
5.16606303151576	-0.417760011701377
5.17289644822411	-0.358698711161182
5.17972986493247	-0.31397939327529
5.18656328164082	-0.292909035326858
5.19339669834917	-0.302196015535519
5.20023011505753	-0.34500428611661
5.20706353176588	-0.4198353579765
5.21389694847424	-0.521617446925933
5.22073036518259	-0.642945221377892
5.22756378189095	-0.774871194463224
5.2343971985993	-0.907870808512246
5.24123061530765	-1.0322556826776
5.24806403201601	-1.13883937024428
5.25489744872436	-1.21924486127763
5.26173086543272	-1.26731172467107
5.26856428214107	-1.27888457634269
5.27539769884943	-1.25312106667511
5.28223111555778	-1.19091766954549
5.28906453226613	-1.09486682444562
5.29589794897449	-0.96777703636125
5.30273136568284	-0.812550027039315
5.3095647823912	-0.632492594592759
5.31639819909955	-0.432323721346053
5.3232316158079	-0.219238729915868
5.33006503251626	-0.00319846757202353
5.33689844922461	0.203604613353856
5.34373186593297	0.387982314930179
5.35056528264132	0.53761299566524
5.35739869934967	0.642518944916717
5.36423211605803	0.696002066339216
5.37106553276638	0.695417240733823
5.37789894947474	0.642928595830239
5.38473236618309	0.545666932059947
5.39156578289145	0.413319146769008
5.3983991995998	0.258280425002329
5.40523261630815	0.0936848269737143
5.41206603301651	-0.0670304072355166
5.41889944972486	-0.212363236535165
5.42573286643322	-0.333130605013129
5.43256628314157	-0.424167105707779
5.43939969984993	-0.484016746307752
5.44623311655828	-0.514868427415559
5.45306653326663	-0.520787652419461
5.45989994997499	-0.506568468902698
5.46673336668334	-0.476803079671148
5.4735667833917	-0.435523152004024
5.48040020010005	-0.386500402926958
5.4872336168084	-0.333475671742881
5.49406703351676	-0.280424285695615
5.50090045022511	-0.231344517216924
5.50773386693347	-0.189839603822721
5.51456728364182	-0.158248820920118
5.52140070035018	-0.13725014114681
5.52823411705853	-0.125336746776742
5.53506753376688	-0.119800106048918
5.54190095047524	-0.117473003485146
5.54873436718359	-0.116240770168337
5.55556778389195	-0.11602987108359
5.5624012006003	-0.119236148394763
5.56923461730865	-0.129930800767462
5.57606803401701	-0.151621928814317
5.58290145072536	-0.185469633787546
5.58973486743372	-0.228631042804963
5.59656828414207	-0.273821757853472
5.60340170085043	-0.31085542236465
5.61023511755878	-0.328872800753365
5.61706853426713	-0.318971530786772
5.62390195097549	-0.276422008914915
5.63073536768384	-0.20133748358715
5.6375687843922	-0.0988177078623857
5.64440220110055	0.0217993605869801
5.6512356178089	0.148284987817611
5.65806903451726	0.26673610130882
5.66490245122561	0.362864067300468
5.67173586793397	0.423855459257755
5.67856928464232	0.440644818917582
5.68540270135068	0.409960956896285
5.69223611805903	0.3347583361856
5.69906953476738	0.222699464569452
5.70590295147574	0.0834458077700338
5.71273636818409	-0.0740334894415031
5.71956978489245	-0.242686608059569
5.7264032016008	-0.416681371100832
5.73323661830915	-0.589664054387847
5.74007003501751	-0.753186016669498
5.74690345172586	-0.896382677366837
5.75373686843422	-1.00716816049738
5.76057028514257	-1.07435032484486
5.76740370185093	-1.08954570413657
5.77423711855928	-1.04839677245568
5.78107053526763	-0.951123941384835
5.78790395197599	-0.802259323403421
5.79473736868434	-0.610695277394278
5.8015707853927	-0.389800605330339
5.80840420210105	-0.157492375063302
5.8152376188094	0.0646312554296519
5.82207103551776	0.254521578848832
5.82890445222611	0.393980990931091
5.83573786893447	0.472197736397154
5.84257128564282	0.48734784725177
5.84940470235118	0.445792604886839
5.85623811905953	0.359381586203779
5.86307153576788	0.242229080101963
5.86990495247624	0.107780909974727
5.87673836918459	-0.0324109315894032
5.88357178589295	-0.169076076067909
5.8904052026013	-0.295197465154177
5.89723861930966	-0.40602927001624
5.90407203601801	-0.49920174164728
5.91090545272636	-0.574432264966557
5.91773886943472	-0.633144195346144
5.92457228614307	-0.677830144127394
5.93140570285143	-0.711129872050284
5.93823911955978	-0.735110189915057
5.94507253626813	-0.751052378222997
5.95190595297649	-0.760070273091118
5.95873936968484	-0.763702229646987
5.9655727863932	-0.764105271122512
5.97240620310155	-0.763861172122096
5.97923961980991	-0.765068226907002
5.98607303651826	-0.76876903330017
5.99290645322661	-0.774390596650815
5.99973986993497	-0.780688136494416
6.00657328664332	-0.786811874530532
6.01340670335168	-0.794015922193839
6.02024012006003	-0.806448098698869
6.02707353676838	-0.830216251715528
6.03390695347674	-0.871124496077969
6.04074037018509	-0.932138094803219
6.04757378689345	-1.01163520376922
6.0544072036018	-1.10356594183432
6.06124062031016	-1.19941149099747
6.06807403701851	-1.29063497484114
6.07490745372686	-1.37080982754423
6.08174087043522	-1.43668449845585
6.08857428714357	-1.48834596592794
6.09540770385193	-1.52781943984082
6.10224112056028	-1.55779148804184
6.10907453726863	-1.58076841263523
6.11590795397699	-1.59888024965029
6.12274137068534	-1.61405941656485
6.1295747873937	-1.62790746154854
6.13640820410205	-1.6414309236933
6.14324162081041	-1.65421252926781
6.15007503751876	-1.663414959838
6.15690845422711	-1.66345715668371
6.16374187093547	-1.64650200931646
6.17057528764382	-1.60388004881018
6.17740870435218	-1.52799989288875
6.18424212106053	-1.41402938706303
6.19107553776889	-1.26084615603199
6.19790895447724	-1.07165836714205
6.20474237118559	-0.854142480313658
6.21157578789395	-0.619532233822984
6.2184092046023	-0.380913465363949
6.22524262131066	-0.151294265779644
6.23207603801901	0.0582780358635133
6.23890945472736	0.240239163573735
6.24574287143572	0.39125517129162
6.25257628814407	0.511959447493492
6.25940970485243	0.605849544095763
6.26624312156078	0.677576653742381
6.27307653826913	0.731466919838329
6.27990995497749	0.77096210496332
6.28674337168584	0.798941573986322
6.2935767883942	0.818521463909693
6.30041020510255	0.833548038506421
6.30724362181091	0.848138658929923
6.31407703851926	0.865267837476784
6.32091045522761	0.885231405756255
6.32774387193597	0.905012019927148
6.33457728864432	0.919384509095503
6.34141070535268	0.921780227945432
6.34824412206103	0.906835307385805
6.35507753876939	0.871527937988073
6.36191095547774	0.816746958838909
6.36874437218609	0.746666615313236
6.37557778889445	0.668453746037391
6.3824112056028	0.590436801819424
6.38924462231116	0.520212783819612
6.39607803901951	0.463142224668992
6.40291145572786	0.421799938495299
6.40974487243622	0.396638334693783
6.41657828914457	0.385915012354301
6.42341170585293	0.38664514487439
6.43024512256128	0.395385373236957
6.43707853926963	0.409102544262113
6.44391195597799	0.425673701040515
6.45074537268634	0.443847208158348
6.4575787893947	0.462906432257568
6.46441220610305	0.482261512848204
6.47124562281141	0.501445008272935
6.47807903951976	0.520387890388406
6.48491245622811	0.54037581211377
6.49174587293647	0.564400462847281
6.49857928964482	0.59741234752001
6.50541270635318	0.64481677649893
6.51224612306153	0.710690319776793
6.51907953976989	0.795978405852527
6.52591295647824	0.896874283394487
6.53274637318659	1.00462704449395
6.53957978989495	1.10744107184257
6.5464132066033	1.19395199227218
6.55324662331166	1.25688228879045
6.56008004002001	1.29363583970013
6.56691345672836	1.30704352213504
6.57374687343672	1.3026615740613
6.58058029014507	1.28731289091813
6.58741370685343	1.26628464797011
6.59424712356178	1.24173735707839
6.60108054027013	1.21288430860787
6.60791395697849	1.17689961664102
6.61474737368684	1.13081178021277
6.6215807903952	1.07196745365784
6.62841420710355	0.999480305024924
6.63524762381191	0.913421802353302
6.64208104052026	0.81509623722381
6.64891445722861	0.706370474483585
6.65574787393697	0.589835950611438
6.66258129064532	0.469350811117687
6.66941470735368	0.35019427598144
6.67624812406203	0.239593722891329
6.68308154077039	0.145326505336942
6.68991495747874	0.0747203691216519
6.69674837418709	0.0321000712273524
6.70358179089545	0.0182701114469826
6.7104152076038	0.0290646381267451
6.71724862431216	0.0575420866625152
6.72408204102051	0.0950590585776253
6.73091545772886	0.134995532973495
6.73774887443722	0.17321894660304
6.74458229114557	0.209209201556878
6.75141570785393	0.244407519233875
6.75824912456228	0.280631386276834
6.76508254127064	0.317984531251807
6.77191595797899	0.353774835016925
6.77874937468734	0.383349520945473
6.7855827913957	0.401006140400322
6.79241620810405	0.401439045984658
6.79924962481241	0.38333145607051
6.80608304152076	0.347191778177272
6.81291645822911	0.293537862469306
6.81974987493747	0.222887566303111
6.82658329164582	0.136573872189385
6.83341670835418	0.0391196808853243
6.84025012506253	-0.0641718986555722
6.84708354177089	-0.167997776806169
6.85391695847924	-0.267897458581737
6.8607503751876	-0.362520136166727
6.86758379189595	-0.451232208873756
6.8744172086043	-0.533400285059972
6.88125062531266	-0.609470795605065
6.88808404202101	-0.683489086763601
6.89491745872936	-0.76024935235281
6.90175087543772	-0.844389186589927
6.90858429214607	-0.937027535264315
6.91541770885443	-1.03581030055996
6.92225112556278	-1.13820882122881
6.92908454227114	-1.23982921215531
6.93591795897949	-1.33323937568269
6.94275137568784	-1.41073013757387
6.9495847923962	-1.46625523365173
6.95641820910455	-1.49836809849927
6.96325162581291	-1.50641082468829
6.97008504252126	-1.49052539693171
6.97691845922962	-1.45475139093958
6.98375187593797	-1.40431466188548
6.99058529264632	-1.34448756547639
6.99741870935468	-1.28058210335117
7.00425212606303	-1.21732932740254
7.01108554277139	-1.15879761329332
7.01791895947974	-1.10806351366
7.02475237618809	-1.06741268101143
7.03158579289645	-1.03781752565434
7.0384192096048	-1.01937062858458
7.04525262631316	-1.01046774525505
7.05208604302151	-1.00862257515925
7.05891945972987	-1.00904211701296
7.06575287643822	-1.00599330863599
7.07258629314657	-0.99233148532218
7.07941970985493	-0.960611671898713
7.08625312656328	-0.90502244968123
7.09308654327164	-0.820911668140659
7.09991995997999	-0.707882769998744
7.10675337668834	-0.568197893159134
7.1135867933967	-0.407168039327138
7.12042021010505	-0.232860764349104
7.12725362681341	-0.0534782748738543
7.13408704352176	0.122732023402436
7.14092046023012	0.288669281636988
7.14775387693847	0.439996958138357
7.15458729364682	0.57343218546236
7.16142071035518	0.689133979569649
7.16825412706353	0.788414691918092
7.17508754377189	0.873257145077102
7.18192096048024	0.946613337893596
7.18875437718859	1.0113279659466
7.19558779389695	1.06881862567848
7.2024212106053	1.11982873861112
7.20925462731366	1.16405986445238
7.21608804402201	1.19885400546447
7.22292146073037	1.22119397255157
7.22975487743872	1.22795653901418
7.23658829414707	1.21705424061989
7.24342171085543	1.188105983914
7.25025512756378	1.14257578123003
7.25708854427214	1.08317715230412
7.26392196098049	1.01255267817519
7.27075537768884	0.932550300185397
7.2775887943972	0.84276424404506
7.28442221110555	0.741262015548364
7.29125562781391	0.624788754402119
7.29808904452226	0.491336575150247
7.30492246123062	0.341270359162859
7.31175587793897	0.180222595056032
7.31858929464732	0.0180278708482673
7.32542271135568	-0.131975335762154
7.33225612806403	-0.256792406311113
7.33908954477239	-0.346149528425199
7.34592296148074	-0.395847614060563
7.35275637818909	-0.407806980865531
7.35958979489745	-0.389433525125876
7.3664232116058	-0.351467357650468
7.37325662831416	-0.304686863367741
7.38009004502251	-0.257677699612712
7.38692346173087	-0.214457752958732
7.39375687843922	-0.174767010525766
7.40059029514757	-0.133426404817424
7.40742371185593	-0.0821248256462708
7.41425712856428	-0.012036186979497
7.42109054527264	0.0834256675598135
7.42792396198099	0.206227964897793
7.43475737868935	0.35184484133819
7.4415907953977	0.509413230030663
7.44842421210605	0.663995302516602
7.45525762881441	0.800419723849237
7.46209104552276	0.907159111575079
7.46892446223112	0.979261965834659
7.47575787893947	1.0188264268137
7.48259129564782	1.03309524499067
7.48942471235618	1.03135841353724
7.49625812906453	1.02182038713682
7.50309154577289	1.00969254082793
7.50992496248124	0.99704349827105
7.51675837918959	0.984126797986605
7.52359179589795	0.970439975517538
7.5304252126063	0.955228168273162
7.53725862931466	0.93724185228448
7.54409204602301	0.914290476611188
7.55092546273137	0.883721599084191
7.55775887943972	0.843746789365551
7.56459229614807	0.794922508868949
7.57142571285643	0.740860293842782
7.57825912956478	0.687628311647391
7.58509254627314	0.64194862911906
7.59192596298149	0.608758391440565
7.59875937968985	0.589362097280614
7.6055927963982	0.581348127849627
7.61242621310655	0.579891533865065
7.61925962981491	0.579768766120425
7.62609304652326	0.576922730941384
7.63292646323162	0.568272848150151
7.63975987993997	0.550543391887281
7.64659329664832	0.519493910466368
7.65342671335668	0.470446737752888
7.66026013006503	0.40075960257934
7.66709354677339	0.312100334640845
7.67392696348174	0.211256164082398
7.68076038019009	0.108952705820967
7.68759379689845	0.0159994625493673
7.6944272136068	-0.060894547015105
7.70126063031516	-0.121504147009326
7.70809404702351	-0.172371996718298
7.71492746373187	-0.223805703442887
7.72176088044022	-0.285460320630717
7.72859429714857	-0.363403983222882
7.73542771385693	-0.458382872768506
7.74226113056528	-0.56758814080902
7.74909454727364	-0.686067399960011
7.75592796398199	-0.809322111442328
7.76276138069035	-0.933233100097621
7.7695947973987	-1.05406420738233
7.77642821410705	-1.1681793624825
7.78326163081541	-1.27113815691322
7.79009504752376	-1.35818824847121
7.79692846423212	-1.42501855949056
7.80376188094047	-1.46757786861287
7.81059529764883	-1.48310786683357
7.81742871435718	-1.47027516942461
7.82426213106553	-1.42800009478257
7.83109554777389	-1.35556482485995
7.83792896448224	-1.25251096204229
7.84476238119059	-1.11973165208089
7.85159579789895	-0.958912441546282
7.8584292146073	-0.775370342386525
7.86526263131566	-0.577163927038903
7.87209604802401	-0.374148559990583
7.87892946473237	-0.177022723017303
7.88576288144072	0.00659338701552349
7.89259629814908	0.171343569177452
7.89942971485743	0.315576511502209
7.90626313156578	0.440077639647581
7.91309654827414	0.546450605368629
7.91992996498249	0.6362067238559
7.92676338169085	0.710166255344053
7.9335967983992	0.768654339641437
7.94043021510755	0.812123588414891
7.94726363181591	0.841519078999367
7.95409704852426	0.858141292289137
7.96093046523262	0.863260990315883
7.96776388194097	0.858137667361532
7.97459729864932	0.844212668274864
7.98143071535768	0.823195789208489
7.98826413206603	0.79818699186908
7.99509754877439	0.7729541830776
8.00193096548274	0.750969224705263
8.0087643821911	0.734877528288102
8.01559779889945	0.723865151943438
8.0224312156078	0.715388731165182
8.02926463231616	0.704345619023972
8.03609804902451	0.685587111143897
8.04293146573287	0.655600524738287
8.04976488244122	0.612847024058629
8.05659829914958	0.559447903666731
8.06343171585793	0.498409754249797
8.07026513256628	0.433666652432175
8.07709854927464	0.368354900970646
8.08393196598299	0.303265464150997
8.09076538269135	0.238449268930639
8.0975987993997	0.1728178219951
8.10443221610806	0.105276839458261
8.11126563281641	0.0354706604250831
8.11809904952476	-0.0366554387705879
8.12493246623312	-0.111066691823714
8.13176588294147	-0.189046138293203
8.13859929964982	-0.272911590396688
8.14543271635818	-0.365708365107659
8.15226613306653	-0.469463500328325
8.15909954977489	-0.583910257426403
8.16593296648324	-0.704676665230972
8.1727663831916	-0.823939500508329
8.17959979989995	-0.931010952482854
8.1864332166083	-1.01524385486524
8.19326663331666	-1.06843536286554
8.20010005002501	-1.08730629846464
8.20693346673337	-1.0748048077599
8.21376688344172	-1.03883516536443
8.22060030015007	-0.990261709002867
8.22743371685843	-0.940270583879865
8.23426713356678	-0.896653092743101
8.24110055027514	-0.861630145844436
8.24793396698349	-0.831668373180188
8.25476738369185	-0.799853947011679
8.2616008004002	-0.76009142741361
8.26843421710856	-0.710560280438201
8.27526763381691	-0.655834039414231
8.28210105052526	-0.605061085362207
8.28893446723362	-0.568742608835978
8.29576788394197	-0.555091693560599
8.30260130065033	-0.566428086663363
8.30943471735868	-0.601115092157259
8.31626813406703	-0.651552739919478
8.32310155077539	-0.709555111673031
8.32993496748374	-0.768261434933345
8.3367683841921	-0.821903738103454
8.34360180090045	-0.869806426481996
8.3504352176088	-0.913537078894981
8.35726863431716	-0.956183963131975
8.36410205102551	-1.00174385763171
8.37093546773387	-1.05306816307921
8.37776888444222	-1.10987362124108
8.38460230115058	-1.17134646329323
8.39143571785893	-1.23564029855366
8.39826913456728	-1.29863817529792
8.40510255127564	-1.35592150312661
8.41193596798399	-1.40311435569136
8.41876938469235	-1.43591750710756
8.4256028014007	-1.45008038083833
8.43243621810906	-1.44312613361783
8.43926963481741	-1.41500111071633
8.44610305152576	-1.36594313604996
8.45293646823412	-1.29910305881867
8.45976988494247	-1.22067395446533
8.46660330165083	-1.13696212153937
8.47343671835918	-1.05363158085318
8.48027013506753	-0.97572498441636
8.48710355177589	-0.908093906835417
8.49393696848424	-0.853897433700562
8.5007703851926	-0.815304074143246
8.50760380190095	-0.794405729008096
8.51443721860931	-0.792757013385963
8.52127063531766	-0.811644562265809
8.52810405202601	-0.851963156776885
8.53493746873437	-0.912027054737295
8.54177088544272	-0.989101972373336
8.54860430215108	-1.07998364873301
8.55543771885943	-1.17823134278278
8.56227113556779	-1.27603366210838
8.56910455227614	-1.36597161646958
8.57593796898449	-1.44325560126757
8.58277138569285	-1.50416415324563
8.5896048024012	-1.54546104741332
8.59643821910956	-1.56695737440423
8.60327163581791	-1.56965140454207
8.61010505252626	-1.55432898599077
8.61693846923462	-1.52058890908052
8.62377188594297	-1.46762270759093
8.63060530265133	-1.39477782596715
8.63743871935968	-1.30203464854123
8.64427213606803	-1.1895348195195
8.65110555277639	-1.05843858512718
8.65793896948474	-0.912820228826866
8.6647723861931	-0.757271076878115
8.67160580290145	-0.596202326959195
8.67843921960981	-0.433607384471847
8.68527263631816	-0.273385433669794
8.69210605302651	-0.118833493573754
8.69893946973487	0.0271971708195544
8.70577288644322	0.16142139649426
8.71260630315158	0.280313108817485
8.71943971985993	0.380219818996921
8.72627313656828	0.458689897116609
8.73310655327664	0.515749736460443
8.73993996998499	0.554762643133493
8.74677338669335	0.582393852368824
8.7536068034017	0.606453076817927
8.76044022011006	0.632810299464592
8.76727363681841	0.663152465306244
8.77410705352676	0.695232275624067
8.78094047023512	0.724527506926286
8.78777388694347	0.74721710597302
8.79460730365183	0.761172687151046
8.80144072036018	0.766747517612075
8.80827413706854	0.765313893664653
8.81510755377689	0.757907749938965
8.82194097048524	0.743596190449115
8.8287743871936	0.719636430211797
8.83560780390195	0.683262218691437
8.84244122061031	0.633477860225099
8.84927463731866	0.572941811516306
8.85610805402701	0.507230956466285
8.86294147073537	0.443280531216498
8.86977488744372	0.386754401527862
8.87660830415208	0.340418343473847
8.88344172086043	0.303795359667986
8.89027513756879	0.274089178219223
8.89710855427714	0.248246936344904
8.90394197098549	0.223906445371568
8.91077538769385	0.199330108335384
8.9176088044022	0.174366538906262
8.92444222111055	0.14907277455328
8.93127563781891	0.123065247608293
8.93810905452726	0.0957770418987805
8.94494247123562	0.0666468142489079
8.95177588794397	0.0351233115370994
8.95860930465233	0.00108687612496042
8.96544272136068	-0.0347985907751552
8.97227613806903	-0.0718336536779177
8.97910955477739	-0.11029724471579
8.98594297148574	-0.151388892213261
8.9927763881941	-0.196288101421917
8.99960980490245	-0.245624875587857
9.00644322161081	-0.299716771883208
9.01327663831916	-0.35828969996478
9.02011005502751	-0.418063235445119
9.02694347173587	-0.474799249752278
9.03377688844422	-0.524519536106201
9.04061030515258	-0.563938489883546
9.04744372186093	-0.589965555273578
9.05427713856928	-0.601114739822819
9.06111055527764	-0.597371366576645
9.06794397198599	-0.578726065061186
9.07477738869435	-0.544914781590519
9.0816108054027	-0.49559578460723
9.08844422211106	-0.430764692025229
9.09527763881941	-0.350975464150713
9.10211105552776	-0.257037089458274
9.10894447223612	-0.151718933240421
9.11577788894447	-0.0388898914251251
9.12261130565283	0.077603333716985
9.12944472236118	0.194827371662164
9.13627813906954	0.310836698695726
9.14311155577789	0.423735068128748
9.14994497248624	0.532068609683293
9.1567783891946	0.636144046802223
9.16361180590295	0.736706015735435
9.17044522261131	0.834410450715423
9.17727863931966	0.928042493572924
9.18411205602801	1.0146060716574
9.19094547273637	1.09103433238688
9.19777888944472	1.15379601219007
9.20461230615308	1.19754083916098
9.21144572286143	1.21685906723685
9.21827913956979	1.2076834334557
9.22511255627814	1.16807054015699
9.23194597298649	1.09835338234053
9.23877938969485	1.0007606011172
9.2456128064032	0.879260641470038
9.25244622311155	0.739625543103697
9.25927963981991	0.589635378100901
9.26611305652826	0.438853571954599
9.27294647323662	0.297656445173152
9.27977988994497	0.175752860215067
9.28661330665333	0.0806668462057695
9.29344672336168	0.016786380723117
9.30028014007004	-0.0146181539860923
9.30711355677839	-0.0150461559705624
9.31394697348674	0.0117615571887564
9.3207803901951	0.05987003727751
9.32761380690345	0.120669929073155
9.33444722361181	0.182495669409799
9.34128064032016	0.231452459267685
9.34811405702852	0.254016878347882
9.35494747373687	0.240699223010194
9.36178089044522	0.189400385131998
9.36861430715358	0.106475793401419
9.37544772386193	0.00486723246126528
9.38228114057029	-0.0995845621534058
9.38911455727864	-0.19314611982887
9.39594797398699	-0.2677691234273
9.40278139069535	-0.321885155096551
9.4096148074037	-0.359103137922836
9.41644822411206	-0.385594409163405
9.42328164082041	-0.407905424496443
9.43011505752876	-0.431994375879522
9.43694847423712	-0.46326007795158
9.44378189094547	-0.506638401413123
9.45061530765383	-0.566292007212929
9.45744872436218	-0.64462530745511
9.46428214107054	-0.74054951414519
9.47111555777889	-0.84843782707257
9.47794897448724	-0.959085135016969
9.4847823911956	-1.06165587687487
9.49161580790395	-1.14674328149795
9.49844922461231	-1.20918977445741
9.50528264132066	-1.24850527581564
9.51211605802902	-1.26774062530065
9.51894947473737	-1.27085069297244
9.52578289144572	-1.25987587273956
9.53261630815408	-1.23383228078819
9.53944972486243	-1.18940137879732
9.54628314157079	-1.12265987081778
9.55311655827914	-1.03101798716065
9.55994997498749	-0.914507277030451
9.56678339169585	-0.775722047947933
9.5736168084042	-0.61939159860364
9.58045022511256	-0.451241178699538
9.58728364182091	-0.27702935634038
9.59411705852927	-0.101916793370338
9.60095047523762	0.0699413285210014
9.60778389194597	0.235837402962422
9.61461730865433	0.394229573816495
9.62145072536268	0.544184122517682
9.62828414207104	0.684033657171288
9.63511755877939	0.809779089175628
9.64195097548775	0.914396155112568
9.6487843921961	0.988923448433961
9.65561780890445	1.02499084422849
9.66245122561281	1.01864691584638
9.66928464232116	0.973447831684752
9.67611805902952	0.90078292889555
9.68295147573787	0.817109312310515
9.68978489244622	0.73875955095972
9.69661830915458	0.676843018188307
9.70345172586293	0.634791081938238
9.71028514257129	0.609486602332586
9.71711855927964	0.594415145346498
9.72395197598799	0.583330017673439
9.73078539269635	0.57261330292993
9.7376188094047	0.561425514344538
9.74445222611306	0.55055430651208
9.75128564282141	0.54076992658971
9.75811905952976	0.531809122719371
9.76495247623812	0.522247536623596
9.77178589294647	0.509959879156819
9.77861930965483	0.492928910563563
9.78545272636318	0.470009362669186
9.79228614307154	0.440964537971626
9.79911955977989	0.405903387427555
9.80595297648824	0.364841001432452
9.8127863931966	0.317635893361745
9.81961980990495	0.264287164442668
9.82645322661331	0.205440108636778
9.83328664332166	0.142265945799801
9.84012006003002	0.0760551663210236
9.84695347673837	0.00789993868798857
9.85378689344672	-0.0618791566305857
9.86062031015508	-0.133693876664282
9.86745372686343	-0.207995026634515
9.87428714357179	-0.284904175501007
9.88112056028014	-0.363819133359869
9.88795397698849	-0.443264039722876
9.89478739369685	-0.521220486926604
9.9016208104052	-0.595290453860421
9.90845422711356	-0.662962152924208
9.91528764382191	-0.722058431847779
9.92212106053027	-0.770817187907231
9.92895447723862	-0.807606268564319
9.93578789394697	-0.831285405390295
9.94262131065533	-0.840860624280901
9.94945472736368	-0.835363958455021
9.95628814407204	-0.81385337347524
9.96312156078039	-0.775352563576853
9.96995497748875	-0.718754849868957
9.9767883941971	-0.642943904149465
9.98362181090545	-0.547626362038777
9.99045522761381	-0.433596617763095
9.99728864432216	-0.301982981617194
10.0041220610305	-0.156327380785346
10.0109554777389	-0.00148440858697839
10.0177888944472	0.157318549064337
10.0246223111556	0.313675000610424
10.0314557278639	0.460937223290611
10.0382891445723	0.592457489820069
10.0451225612806	0.701708159442004
10.051955977989	0.785110153245621
10.0587893946973	0.842182577353832
10.0656228114057	0.874427563261015
10.0724562281141	0.885878845649162
10.0792896448224	0.881090172754284
10.0861230615308	0.865248438589377
10.0929564782391	0.842967535338544
10.0997898949475	0.817284001971559
10.1066233116558	0.788813357988625
10.1134567283642	0.755832907406651
10.1202901450725	0.715030229192551
10.1271235617809	0.66295759754586
10.1339569784892	0.598403619832958
10.1407903951976	0.524116934412491
10.147623811906	0.446773596139599
10.1544572286143	0.375109329022059
10.1612906453227	0.31637777892764
10.168124062031	0.27264814142215
10.1749574787394	0.239193861150432
10.1817908954477	0.205170039797739
10.1886243121561	0.15647026835302
10.1954577288644	0.0806031618427253
10.2022911455728	-0.0287232392544984
10.2091245622811	-0.169709337168488
10.2159579789895	-0.332498178271073
10.2227913956979	-0.501467413245962
10.2296248124062	-0.659457434313858
10.2364582291146	-0.791367328527132
10.2432916458229	-0.887083161831909
10.2501250625313	-0.942706046695698
10.2569584792396	-0.959927411914678
10.263791895948	-0.944199938922266
10.2706253126563	-0.902261831207307
10.2774587293647	-0.839962849256921
10.284292146073	-0.761180533843403
10.2911255627814	-0.668184779515785
10.2979589794897	-0.563339562463147
10.3047923961981	-0.450600397442346
10.3116258129065	-0.336328428386826
10.3184592296148	-0.228339709773001
10.3252926463232	-0.133472214446213
10.3321260630315	-0.0550283683734227
10.3389594797399	0.00844399640524167
10.3457928964482	0.0625740124770981
10.3526263131566	0.114852272181514
10.3594597298649	0.172227185304116
10.3662931465733	0.239202574868098
10.3731265632816	0.317540458284343
10.37995997999	0.407773562326748
10.3867933966983	0.509721025871242
10.3936268134067	0.623431014568039
10.4004602301151	0.749159162387012
10.4072936468234	0.886127785858047
10.4141270635318	1.03222403282423
10.4209604802401	1.18200432641139
10.4277938969485	1.32808660804027
10.4346273136568	1.46049449628325
10.4414607303652	1.56965211094838
10.4482941470735	1.64739343402495
10.4551275637819	1.68902517755686
10.4619609804902	1.69362760432091
10.4687943971986	1.66409697964503
10.475627813907	1.60631000150701
10.4824612306153	1.52847547101373
10.4892946473237	1.44009308392574
10.496128064032	1.35089664341445
10.5029614807404	1.27034083609465
10.5097948974487	1.20553445599456
10.5166283141571	1.16167756444886
10.5234617308654	1.13889088092852
10.5302951475738	1.13443177382469
10.5371285642821	1.14136619713221
10.5439619809905	1.1515777807264
10.5507953976989	1.15644258684698
10.5576288144072	1.14917852116222
10.5644622311156	1.1251414076488
10.5712956478239	1.08156254418327
10.5781290645323	1.0168618279754
10.5849624812406	0.92945899200997
10.591795897949	0.817626193990747
10.5986293146573	0.680033206850216
10.6054627313657	0.517234415251826
10.612296148074	0.333112034201456
10.6191295647824	0.134950714015966
10.6259629814907	-0.0673965349338664
10.6327963981991	-0.264257204065594
10.6396298149075	-0.448792607092249
10.6464632316158	-0.618438777531172
10.6532966483242	-0.774522485300037
10.6601300650325	-0.920335490565421
10.6669634817409	-1.05888991551478
10.6737968984492	-1.19118801349378
10.6806303151576	-1.31600505076957
10.6874637318659	-1.43059334552303
10.6942971485743	-1.53158601468652
10.7011305652826	-1.61566279479095
10.707963981991	-1.67990419811472
10.7147973986993	-1.72191166978522
10.7216308154077	-1.74011713142951
10.7284642321161	-1.73409841292583
10.7352976488244	-1.70546771983998
10.7421310655328	-1.65821633049644
10.7489644822411	-1.5980855402742
10.7557978989495	-1.53089524056756
10.7626313156578	-1.46277782687142
10.7694647323662	-1.39985162685269
10.7762981490745	-1.34671503873703
10.7831315657829	-1.30610509966071
10.7899649824912	-1.27808486650849
10.7967983991996	-1.25992399338448
10.803631815908	-1.24681584921415
10.8104652326163	-1.2327247976843
10.8172986493247	-1.21203005823718
10.824132066033	-1.18035267479915
10.8309654827414	-1.13557150681839
10.8377988994497	-1.07743414372682
10.8446323161581	-1.00766386107891
10.8514657328664	-0.92820956901428
10.8582991495748	-0.840654011318454
10.8651325662831	-0.744900313106461
10.8719659829915	-0.639646078833416
10.8787993996999	-0.522435258934817
10.8856328164082	-0.391337589148852
10.8924662331166	-0.245482097295877
10.8992996498249	-0.0856376157964005
10.9061330665333	0.0865678108257166
10.9129664832416	0.268895560690038
10.91979989995	0.458874703745671
10.9266333166583	0.653805927201661
10.9334667333667	0.849736852501293
10.940300150075	1.04123772070743
10.9471335667834	1.22051394457783
10.9539669834917	1.37839775579854
10.9608004002001	1.50558610650239
10.9676338169085	1.59555539802661
10.9744672336168	1.64535213590302
10.9813006503252	1.65715380788113
10.9881340670335	1.63559998445859
10.9949674837419	1.58634636941299
11.0018009004502	1.51285708846612
11.0086343171586	1.41535804316348
11.0154677338669	1.29089555276443
11.0223011505753	1.13489994823219
11.0291345672836	0.944500202786611
11.035967983992	0.720688370334558
11.0428014007004	0.470156011048023
11.0496348174087	0.205141326471278
11.0564682341171	-0.0586278878301505
11.0633016508254	-0.304261336907767
11.0701350675338	-0.516848801374851
11.0769684842421	-0.686074459667489
11.0838019009505	-0.806448372459422
11.0906353176588	-0.877519864503248
11.0974687343672	-0.902120580373064
11.1043021510755	-0.884189202582196
11.1111355677839	-0.827009194456294
11.1179689844922	-0.732157171968757
11.1248024012006	-0.600331208312023
11.131635817909	-0.432488542919606
11.1384692346173	-0.231768868457153
11.1453026513257	-0.00500861174530829
11.152136068034	0.236884220072641
11.1589694847424	0.479113348840064
11.1658029014507	0.704797233674135
11.1726363181591	0.898172148583769
11.1794697348674	1.04727868538072
11.1863031515758	1.14632039095322
11.1931365682841	1.19657243608325
11.1999699849925	1.20456091060507
11.2068034017009	1.18078966982133
11.2136368184092	1.13598865118336
11.2204702351176	1.07937835027385
11.2273036518259	1.01690168411651
11.2341370685343	0.951496994913292
11.2409704852426	0.884085959125385
11.247803901951	0.8153293671596
11.2546373186593	0.746261411933653
11.2614707353677	0.679186471241405
11.268304152076	0.616273143587908
11.2751375687844	0.559120558620776
11.2819709854927	0.508040024601576
11.2888044022011	0.462474346544364
11.2956378189095	0.422222766918549
11.3024712356178	0.387600555054574
11.3093046523262	0.360641876140539
11.3161380690345	0.343776889578685
11.3229714857429	0.338962716544539
11.3298049024512	0.346710862000953
11.3366383191596	0.364114896263817
11.3434717358679	0.387364324097152
11.3503051525763	0.410895653865148
11.3571385692846	0.428912389962034
11.363971985993	0.438164084642591
11.3708054027014	0.43689712327296
11.3776388194097	0.425861816835637
11.3844722361181	0.407946728691495
11.3913056528264	0.385735061932726
11.3981390695348	0.361305935251331
11.4049724862431	0.335522536910567
11.4118059029515	0.306469862674221
11.4186393196598	0.271917003154742
11.4254727363682	0.229994802398883
11.4323061530765	0.179434702493481
11.4391395697849	0.123169239025967
11.4459729864932	0.0663310805510938
11.4528064032016	0.0160072824763047
11.45963981991	-0.0190398554360029
11.4664732366183	-0.0322872552769535
11.4733066533267	-0.0217957074505563
11.480140070035	0.0119641707473508
11.4869734867434	0.0592502995609852
11.4938069034517	0.107290407154506
11.5006403201601	0.141001204646571
11.5074737368684	0.143601877274427
11.5143071535768	0.102417731116073
11.5211405702851	0.0145567842948191
11.5279739869935	-0.112334915030565
11.5348074037019	-0.262726113402073
11.5416408204102	-0.418399040622456
11.5484742371186	-0.563631105807398
11.5553076538269	-0.687964859491649
11.5621410705353	-0.787490934985797
11.5689744872436	-0.864549818790003
11.575807903952	-0.925026926041519
11.5826413206603	-0.976052146640334
11.5894747373687	-1.02410075102141
11.596308154077	-1.07337769558316
11.6031415707854	-1.12568977903879
11.6099749874937	-1.18055058101618
11.6168084042021	-1.23578374935772
11.6236418209105	-1.28833931217036
11.6304752376188	-1.33471921645053
11.6373086543272	-1.37153851104371
11.6441420710355	-1.39623348938657
11.6509754877439	-1.40799744410446
11.6578089044522	-1.40829426179117
11.6646423211606	-1.40063811131485
11.6714757378689	-1.38974568650101
11.6783091545773	-1.37995723872534
11.6851425712856	-1.37403251114953
11.691975987994	-1.37279237870462
11.6988094047024	-1.37517813307618
11.7056428214107	-1.37865928027847
11.7124762381191	-1.38022677310952
11.7193096548274	-1.37747983540931
11.7261430715358	-1.36927512405307
11.7329764882441	-1.35568668534076
11.7398099049525	-1.33734194704372
11.7466433216608	-1.31576914739284
11.7534767383692	-1.29257441148199
11.7603101550775	-1.26901831201175
11.7671435717859	-1.24619475812895
11.7739769884942	-1.22474653125826
11.7808104052026	-1.20485169003087
11.787643821911	-1.18627614533185
11.7944772386193	-1.16785534418786
11.8013106553277	-1.1482085997792
11.808144072036	-1.12544640852136
11.8149774887444	-1.09752117250604
11.8218109054527	-1.06320271849976
11.8286443221611	-1.02203156822778
11.8354777388694	-0.973980132791434
11.8423111555778	-0.919964043739503
11.8491445722861	-0.860926244750815
11.8559779889945	-0.797169846460379
11.8628114057029	-0.728762955517477
11.8696448224112	-0.655726935610661
11.8764782391196	-0.577941030518245
11.8833116558279	-0.495257340250057
11.8901450725363	-0.408125228280218
11.8969784892446	-0.319956094041532
11.903811905953	-0.235078011986474
11.9106453226613	-0.157681380920906
11.9174787393697	-0.0908246235896215
11.924312156078	-0.0370107899160929
11.9311455727864	0.00144988707387634
11.9379789894947	0.0253448869988999
11.9448124062031	0.0379922094469491
11.9516458229115	0.0426967656757762
11.9584792396198	0.0414927036185367
11.9653126563282	0.0354529463846674
11.9721460730365	0.0255190766707218
11.9789794897449	0.0118293253476905
11.9858129064532	-0.00584112740371034
11.9926463231616	-0.0270325748249137
11.9994797398699	-0.0487847651755678
12.0063131565783	-0.0675678762091481
12.0131465732866	-0.0798298065029484
12.019979989995	-0.081977036775846
12.0268134067034	-0.0704346851883156
12.0336468234117	-0.0432981423097083
12.0404802401201	-0.00142400208730113
12.0473136568284	0.054071919624849
12.0541470735368	0.121699637059038
12.0609804902451	0.198871854094497
12.0678139069535	0.282801062906557
12.0746473236618	0.370464761431899
12.0814807403702	0.457509113554498
12.0883141570785	0.53911218216807
12.0951475737869	0.610591404257091
12.1019809904952	0.668813975190627
12.1088144072036	0.711611515937307
12.115647823912	0.738452851216346
12.1224812406203	0.754715606651196
12.1293146573287	0.767268019894255
12.136148074037	0.783171727402041
12.1429814907454	0.805463912607163
12.1498149074537	0.831603138300806
12.1566483241621	0.853762498539716
12.1634817408704	0.86052954005214
12.1703151575788	0.841693432849409
12.1771485742871	0.789470842405014
12.1839819909955	0.702699961331493
12.1908154077039	0.583377198531525
12.1976488244122	0.436685813648007
12.2044822411206	0.266865694317258
12.2113156578289	0.0767723646914755
12.2181490745373	-0.131732919756997
12.2249824912456	-0.356597954138208
12.231815907954	-0.592118928453296
12.2386493246623	-0.830123630293124
12.2454827413707	-1.05878831507409
12.252316158079	-1.26688607165288
12.2591495747874	-1.44548356222515
12.2659829914957	-1.5905917494218
12.2728164082041	-1.70343373373274
12.2796498249125	-1.78961410850513
12.2864832416208	-1.85580910203404
12.2933166583292	-1.90738712404833
12.3001500750375	-1.94763183386104
12.3069834917459	-1.97754559134492
12.3138169084542	-1.9974644842191
12.3206503251626	-2.00799512517885
12.3274837418709	-2.01052692719384
12.3343171585793	-2.00704044618518
12.3411505752876	-1.99904924518157
12.347983991996	-1.98686876389177
12.3548174087044	-1.9696675757516
12.3616508254127	-1.94587469016812
12.3684842421211	-1.91395973077904
12.3753176588294	-1.8723259084105
12.3821510755378	-1.81885393275725
12.3889844922461	-1.75001980563883
12.3958179089545	-1.66103335967414
12.4026513256628	-1.54687870413097
12.4094847423712	-1.40410729210743
12.4163181590795	-1.23311848179737
12.4231515757879	-1.03880218196333
12.4299849924962	-0.830187474181062
12.4368184092046	-0.618903897252713
12.443651825913	-0.416176201722238
12.4504852426213	-0.231139228182276
12.4573186593297	-0.0691381434034774
12.464152076038	0.0671547817981402
12.4709854927464	0.17637676498093
12.4778189094547	0.256709183904254
12.4846523261631	0.305287436945095
12.4914857428714	0.319851271213876
12.4983191595798	0.30151052079039
12.5051525762881	0.254188933927541
12.5119859929965	0.18703433325741
12.5188194097049	0.112096640537983
12.5256528264132	0.041989314203467
12.5324862431216	-0.0106933296847769
12.5393196598299	-0.0381284853940544
12.5461530765383	-0.0363187038120727
12.5529864932466	-0.00687079237123398
12.559819909955	0.0445943542997494
12.5666533266633	0.111565588507642
12.5734867433717	0.185381453516385
12.58032016008	0.257078879395203
12.5871535767884	0.319066462505303
12.5939869934967	0.365176016039773
12.6008204102051	0.389798868965328
12.6076538269135	0.390721097716308
12.6144872436218	0.367162143609429
12.6213206603302	0.319613652437399
12.6281540770385	0.251488841908027
12.6349874937469	0.166680193667659
12.6418209104552	0.0695626486738754
12.6486543271636	-0.0353341668144858
12.6554877438719	-0.144547363204767
12.6623211605803	-0.255628172906147
12.6691545772886	-0.366411056499027
12.675987993997	-0.475283701287662
12.6828214107054	-0.580613514704611
12.6896548274137	-0.680188105917482
12.6964882441221	-0.771579873296264
12.7033216608304	-0.852361034943713
12.7101550775388	-0.920249967050143
12.7169884942471	-0.974860600572786
12.7238219109555	-1.01712908199073
12.7306553276638	-1.04801848421544
12.7374887443722	-1.06849189043662
12.7443221610805	-1.07951512596083
12.7511555777889	-1.08224934423887
12.7579889944972	-1.0781773270726
12.7648224112056	-1.06881192596402
12.771655827914	-1.05566591785104
12.7784892446223	-1.04025217561095
12.7853226613307	-1.02396550691255
12.792156078039	-1.00765972936925
12.7989894947474	-0.992033640760644
12.8058229114557	-0.977786032221475
12.8126563281641	-0.965615657190683
12.8194897448724	-0.956193530796607
12.8263231615808	-0.949772495332832
12.8331565782891	-0.946282179290362
12.8399899949975	-0.945643844968795
12.8468234117059	-0.94735275188303
12.8536568284142	-0.946807396441866
12.8604902451226	-0.937119799437734
12.8673236618309	-0.912145147590885
12.8741570785393	-0.869941576956997
12.8809904952476	-0.80999802040691
12.887823911956	-0.733651895607413
12.8946573286643	-0.649037997536085
12.9014907453727	-0.565843897050369
12.908324162081	-0.491719536804057
12.9151575787894	-0.429813010623756
12.9219909954977	-0.381439374788743
12.9288244122061	-0.342437946143641
12.9356578289145	-0.307184395856478
12.9424912456228	-0.270509463534413
12.9493246623312	-0.231562092343803
12.9561580790395	-0.193346505749196
12.9629914957479	-0.16306511274435
12.9698249124562	-0.14863775401187
12.9766583291646	-0.157202055021281
12.9834917458729	-0.192186933870821
12.9903251625813	-0.253450825231916
12.9971585792896	-0.337296029865633
13.003991995998	-0.438581764468607
13.0108254127064	-0.552398930438363
13.0176588294147	-0.674712627923337
13.0244922461231	-0.803084784846736
13.0313256628314	-0.9353854460956
13.0381590795398	-1.06970966696481
13.0449924962481	-1.20388273898173
13.0518259129565	-1.33521579070425
13.0586593296648	-1.46107688298461
13.0654927463732	-1.57902009339034
13.0723261630815	-1.68686802347188
13.0791595797899	-1.78277361041185
13.0859929964983	-1.86531754113035
13.0928264132066	-1.93355389787511
13.099659829915	-1.98715326688461
13.1064932466233	-2.02685273123946
13.1133266633317	-2.05416906452359
13.12016008004	-2.07121327779903
13.1269934967484	-2.08001585690915
13.1338269134567	-2.08220443528842
13.1406603301651	-2.0784862893919
13.1474937468734	-2.06893793670467
13.1543271635818	-2.05318129910029
13.1611605802901	-2.03076286299026
13.1679939969985	-2.0010756780283
13.1748274137069	-1.9632172634923
13.1816608304152	-1.91570927104143
13.1884942471236	-1.85657081318378
13.1953276638319	-1.78369427814935
13.2021610805403	-1.69624743571186
13.2089944972486	-1.59670321774467
13.215827913957	-1.49217700493423
13.2226613306653	-1.3935405559046
13.2294947473737	-1.31404828591786
13.236328164082	-1.26439227244615
13.2431615807904	-1.25153216749874
13.2499949974987	-1.27385540218106
13.2568284142071	-1.322912977212
13.2636618309155	-1.39005825571499
13.2704952476238	-1.46664469432648
13.2773286643322	-1.54402562614807
13.2841620810405	-1.61488376328416
13.2909954977489	-1.67763455162775
13.2978289144572	-1.73223845635324
13.3046623311656	-1.77865599700828
13.3114957478739	-1.81684769653547
13.3183291645823	-1.84677409586306
13.3251625812906	-1.86841037053885
13.331995997999	-1.88213555807013
13.3388294147074	-1.8887736351121
13.3456628314157	-1.88917157742958
13.3524962481241	-1.88417628484715
13.3593296648324	-1.87463475246273
13.3661630815408	-1.86157191247821
13.3729964982491	-1.84721340170184
13.3798299149575	-1.83428104120993
13.3866633316658	-1.82549831776545
13.3934967483742	-1.82358862912597
13.4003301650825	-1.83116652566915
13.4071635817909	-1.85013178161084
13.4139969984993	-1.8814793719209
13.4208304152076	-1.92476128673339
13.427663831916	-1.978818786309
13.4344972486243	-2.0413925897481
13.4413306653327	-2.10996596674368
13.448164082041	-2.18174125908316
13.4549974987494	-2.25402026506131
13.4618309154577	-2.32452537631434
13.4686643321661	-2.39170681889683
13.4754977488744	-2.45474757501162
13.4823311655828	-2.51325087549901
13.4891645822911	-2.56678331659203
13.4959979989995	-2.61448398444164
13.5028314157079	-2.65517426628538
13.5096648324162	-2.68784263441951
13.5164982491246	-2.71219286667175
13.5233316658329	-2.72902901026826
13.5301650825413	-2.74018507407849
13.5369984992496	-2.74799529671849
13.543831915958	-2.75446142908759
13.5506653326663	-2.76086816777647
13.5574987493747	-2.76779248039568
13.564332166083	-2.7752583368749
13.5711655827914	-2.78289752849581
13.5779989994997	-2.7900291168602
13.5848324162081	-2.795640252107
13.5916658329165	-2.79848376187685
13.5984992496248	-2.79730515002878
13.6053326663332	-2.79116188913129
13.6121660830415	-2.77979707866401
13.6189994997499	-2.76383842389844
13.6258329164582	-2.7446000920915
13.6326663331666	-2.72357815641744
13.6394997498749	-2.70190023064285
13.6463331665833	-2.68012305508367
13.6531665832916	-2.65834587223682
13.66	-2.63656865809779
13.67	0
14.0369696969697	0
14.4039393939394	0
14.7709090909091	0
15.1378787878788	0
15.5048484848485	0
15.8718181818182	0
16.2387878787879	0
16.6057575757576	0
16.9727272727273	0
17.339696969697	0
17.7066666666667	0
18.0736363636364	0
18.4406060606061	0
18.8075757575758	0
19.1745454545455	0
19.5415151515151	0
19.9084848484849	0
20.2754545454545	0
20.6424242424242	0
21.0093939393939	0
21.3763636363636	0
21.7433333333333	0
22.110303030303	0
22.4772727272727	0
22.8442424242424	0
23.2112121212121	0
23.5781818181818	0
23.9451515151515	0
24.3121212121212	0
24.6790909090909	0
25.0460606060606	0
25.4130303030303	0
25.78	0
26.1469696969697	0
26.5139393939394	0
26.8809090909091	0
27.2478787878788	0
27.6148484848485	0
27.9818181818182	0
28.3487878787879	0
28.7157575757576	0
29.0827272727273	0
29.449696969697	0
29.8166666666667	0
30.1836363636364	0
30.5506060606061	0
30.9175757575758	0
31.2845454545455	0
31.6515151515151	0
32.0184848484849	0
32.3854545454545	0
32.7524242424242	0
33.1193939393939	0
33.4863636363636	0
33.8533333333333	0
34.220303030303	0
34.5872727272727	0
34.9542424242424	0
35.3212121212121	0
35.6881818181818	0
36.0551515151515	0
36.4221212121212	0
36.7890909090909	0
37.1560606060606	0
37.5230303030303	0
37.89	0
38.2569696969697	0
38.6239393939394	0
38.9909090909091	0
39.3578787878788	0
39.7248484848485	0
40.0918181818182	0
40.4587878787879	0
40.8257575757576	0
41.1927272727273	0
41.559696969697	0
41.9266666666667	0
42.2936363636364	0
42.6606060606061	0
43.0275757575758	0
43.3945454545455	0
43.7615151515151	0
44.1284848484848	0
44.4954545454545	0
44.8624242424242	0
45.2293939393939	0
45.5963636363636	0
45.9633333333333	0
46.330303030303	0
46.6972727272727	0
47.0642424242424	0
47.4312121212121	0
47.7981818181818	0
48.1651515151515	0
48.5321212121212	0
48.8990909090909	0
49.2660606060606	0
49.6330303030303	0
50	0
