time	TIC
0	0.236524067213298
0.00683341670835418	0.410210228940247
0.0136668334167084	0.583896397506024
0.0205002501250625	0.756601869457846
0.0273336668334167	0.913124439261119
0.0341670835417709	1.02335682114207
0.0410005002501251	1.05773926898829
0.0478339169584792	1.00289172095505
0.0546673336668334	0.854241238274532
0.0615007503751876	0.624231910531917
0.0683341670835418	0.33856437479906
0.075167583791896	0.0275476487144878
0.0820010005002501	-0.274788307103099
0.0888344172086043	-0.536651014065871
0.0956678339169585	-0.731097577177402
0.102501250625313	-0.849255496539912
0.109334667333667	-0.904616679421817
0.116168084042021	-0.920926005114407
0.123001500750375	-0.923189189589749
0.129834917458729	-0.934585461660094
0.136668334167084	-0.962280609223355
0.143501750875438	-0.995141675367769
0.150335167583792	-1.0180719745173
0.157168584292146	-1.01978004313117
0.1640020010005	-1.00131345804886
0.170835417708854	-0.981091282627747
0.177668834417209	-0.977995257975993
0.184502251125563	-0.993987879343903
0.191335667833917	-1.01494752633309
0.198169084542271	-1.02502951901408
0.205002501250625	-1.02047976021594
0.211835917958979	-1.00750536592056
0.218669334667334	-0.995176200842314
0.225502751375688	-0.991526529137723
0.232336168084042	-0.997060383642812
0.239169584792396	-1.00749473980523
0.24600300150075	-1.01543590044377
0.252836418209105	-1.01451760832348
0.259669834917459	-1.00410603975021
0.266503251625813	-0.991092102331898
0.273336668334167	-0.983829040418342
0.280170085042521	-0.985510339829024
0.287003501750875	-0.992237705015923
0.29383691845923	-0.998362591232838
0.300670335167584	-0.999926092229438
0.307503751875938	-0.994830741385631
0.314337168584292	-0.98564709064628
0.321170585292646	-0.978224860682024
0.328004002001	-0.976928836119099
0.334837418709355	-0.983664256578886
0.341670835417709	-0.993787112959574
0.348504252126063	-0.999336516078893
0.355337668834417	-0.995318351283924
0.362171085542771	-0.982583340009188
0.369004502251126	-0.96654966468123
0.37583791895948	-0.953922877953417
0.382671335667834	-0.94957667853846
0.389504752376188	-0.952202526727617
0.396338169084542	-0.956688079026813
0.403171585792896	-0.957978459497841
0.410005002501251	-0.956082885503974
0.416838419209605	-0.956221646682255
0.423671835917959	-0.961899031514499
0.430505252626313	-0.972584328184003
0.437338669334667	-0.98260324829746
0.444172086043022	-0.982819219514136
0.451005502751376	-0.968646008465516
0.45783891945973	-0.944754961737258
0.464672336168084	-0.922940497191789
0.471505752876438	-0.914250906194725
0.478339169584792	-0.923878870092812
0.485172586293147	-0.948281632322774
0.492006003001501	-0.975552248242948
0.498839419709855	-0.994573725500046
0.505672836418209	-1.00199092990995
0.512506253126563	-1.00029257682825
0.519339669834918	-0.993905999181259
0.526173086543272	-0.986795028634062
0.533006503251626	-0.979398283049123
0.53983991995998	-0.970001888280718
0.546673336668334	-0.957540311455367
0.553506753376688	-0.942843436054712
0.560340170085043	-0.929349200911716
0.567173586793397	-0.921736919306918
0.574007003501751	-0.923390188439137
0.580840420210105	-0.934768318750926
0.587673836918459	-0.952606537201466
0.594507253626813	-0.970070566239128
0.601340670335168	-0.9807590725345
0.608174087043522	-0.980371953049026
0.615007503751876	-0.969883802592181
0.62184092046023	-0.955607004174396
0.628674337168584	-0.945527803618102
0.635507753876939	-0.944701948015536
0.642341170585293	-0.951778989021422
0.649174587293647	-0.960896374017529
0.656008004002001	-0.966190479034129
0.662841420710355	-0.964831050324459
0.669674837418709	-0.956597554538274
0.676508254127064	-0.943526672427488
0.683341670835418	-0.929331572409735
0.690175087543772	-0.918178652468964
0.697008504252126	-0.913255282838659
0.70384192096048	-0.91584642114386
0.710675337668834	-0.925583944447003
0.717508754377189	-0.939668166589752
0.724342171085543	-0.953258913290506
0.731175587793897	-0.961978264634985
0.738009004502251	-0.963668519479638
0.744842421210605	-0.959742199130728
0.75167583791896	-0.955232769710105
0.758509254627314	-0.955395721859548
0.765342671335668	-0.961366303745961
0.772176088044022	-0.963465348445949
0.779009504752376	-0.941712331804437
0.78584292146073	-0.872110332441216
0.792676338169085	-0.735477046937099
0.799509754877439	-0.523857902479515
0.806343171585793	-0.24889673425922
0.813176588294147	0.0484197242151994
0.820010005002501	0.307346874571633
0.826843421710855	0.469659480057891
0.83367683841921	0.511944143699733
0.840510255127564	0.441423818782469
0.847343671835918	0.275414910941091
0.854177088544272	0.0530933351199832
0.861010505252626	-0.172027229923835
0.867843921960981	-0.349112492920136
0.874677338669335	-0.451315568064401
0.881510755377689	-0.484151722561962
0.888344172086043	-0.477768267749652
0.895177588794397	-0.469093054006116
0.902011005502751	-0.483044057619567
0.908844422211106	-0.521888720499942
0.91567783891946	-0.572567477311474
0.922511255627814	-0.616834485518462
0.929344672336168	-0.636715102814395
0.936178089044522	-0.621991177133239
0.943011505752877	-0.572508163683049
0.949844922461231	-0.495450588480847
0.956678339169585	-0.400106690444773
0.963511755877939	-0.293410937203839
0.970345172586293	-0.179018750502538
0.977178589294647	-0.0601357928830018
0.984012006003002	0.0568554360031877
0.990845422711356	0.162415338179328
0.99767883941971	0.246169422959783
1.00451225612806	0.298080823814361
1.01134567283642	0.311050466648161
1.01817908954477	0.287230006927795
1.02501250625313	0.237519663931535
1.03184592296148	0.176783794264617
1.03867933966984	0.117318685175834
1.04551275637819	0.0647104781415771
1.05234617308654	0.0190549876513455
1.0591795897949	-0.0208475635514934
1.06601300650325	-0.0538112770379102
1.07284642321161	-0.0748318418864361
1.07967983991996	-0.0785488953102624
1.08651325662831	-0.0626490498547131
1.09334667333667	-0.0263538536038278
1.10018009004502	0.0238569195635695
1.10701350675338	0.0733042733600612
1.11384692346173	0.104841519872007
1.12068034017009	0.103332868606712
1.12751375687844	0.0636746150088444
1.13434717358679	-0.0118763648275137
1.14118059029515	-0.108218512413438
1.1480140070035	-0.203507593106211
1.15484742371186	-0.275820380583807
1.16168084042021	-0.31056835625752
1.16851425712856	-0.306180824425795
1.17534767383692	-0.270124631926158
1.18218109054527	-0.210848489214917
1.18901450725363	-0.130725153340294
1.19584792396198	-0.0240071971537671
1.20268134067034	0.119658083882732
1.20951475737869	0.309266697933026
1.21634817408704	0.540070728140248
1.2231815907954	0.789941390142452
1.23001500750375	1.03054546803333
1.23684842421211	1.225952261494
1.24368184092046	1.34304759623588
1.25051525762881	1.35903069453696
1.25734867433717	1.26440011205179
1.26418209104552	1.06942879993485
1.27101550775388	0.794698202817147
1.27784892446223	0.477713297615836
1.28468234117059	0.160944480608516
1.29151575787894	-0.121693893530612
1.29834917458729	-0.352489901544721
1.30518259129565	-0.529171181845158
1.312016008004	-0.65963071773584
1.31884942471236	-0.755087558367363
1.32568284142071	-0.826449454695841
1.33251625812906	-0.879800922546932
1.33934967483742	-0.915546115108049
1.34618309154577	-0.932901076979876
1.35301650825413	-0.934032619474888
1.35984992496248	-0.92518790240115
1.36668334167084	-0.914142343745957
1.37351675837919	-0.906799177495991
1.38035017508754	-0.906584904018981
1.3871835917959	-0.912847230400072
1.39401700850425	-0.922470068045514
1.40085042521261	-0.932560210299261
1.40768384192096	-0.941895199800093
1.41451725862931	-0.949583517677622
1.42135067533767	-0.954887526291506
1.42818409204602	-0.957853051957703
1.43501750875438	-0.958943609743165
1.44185092546273	-0.958909901106013
1.44868434217109	-0.959094540986961
1.45551775887944	-0.961516779797778
1.46235117558779	-0.968335041967305
1.46918459229615	-0.979866846886397
1.4760180090045	-0.993475798447274
1.48285142571286	-1.00490592283609
1.48968484242121	-1.00945924732847
1.49651825912956	-1.00424197048131
1.50335167583792	-0.99006993967428
1.51018509254627	-0.972899432460872
1.51701850925463	-0.959710445512268
1.52385192596298	-0.953449689552162
1.53068534267134	-0.952705480835163
1.53751875937969	-0.952911723535218
1.54435217608804	-0.949082762888592
1.5511855927964	-0.940203796645965
1.55801900950475	-0.931169331650679
1.56485242621311	-0.929989972494094
1.57168584292146	-0.940511583599592
1.57851925962982	-0.958608443569581
1.58535267633817	-0.97528731564484
1.59218609304652	-0.982964365744186
1.59901950975488	-0.980348661530468
1.60585292646323	-0.972204100812019
1.61268634317159	-0.965555237969938
1.61951975987994	-0.965143398693965
1.62635317658829	-0.969748125420384
1.63318659329665	-0.971828135028682
1.640020010005	-0.964983534657179
1.64685342671336	-0.949383632270379
1.65368684342171	-0.928425302623657
1.66052026013007	-0.907913096024186
1.66735367683842	-0.895086255691874
1.67418709354677	-0.895166188282526
1.68102051025513	-0.906816846262563
1.68785392696348	-0.922475131252213
1.69468734367184	-0.934644988856647
1.70152076038019	-0.940188865971877
1.70835417708854	-0.940511043460948
1.7151875937969	-0.93932779042172
1.72202101050525	-0.938713418979176
1.72885442721361	-0.93824669617627
1.73568784392196	-0.936666883370025
1.74252126063032	-0.933465076740317
1.74935467733867	-0.929829290650326
1.75618809404702	-0.927582058774331
1.76302151075538	-0.926981227760179
1.76985492746373	-0.926654346162367
1.77668834417209	-0.92515473072588
1.78352176088044	-0.922898388691924
1.79035517758879	-0.922459687726907
1.79718859429715	-0.92685819959466
1.8040220110055	-0.93741645910448
1.81085542771386	-0.951303153335766
1.81768884442221	-0.962141226303631
1.82452226113057	-0.964255652309422
1.83135567783892	-0.956386552073429
1.83818909454727	-0.943033731336189
1.84502251125563	-0.931988426079631
1.85185592796398	-0.929227540226876
1.85868934467234	-0.934297880913478
1.86552276138069	-0.94208131220513
1.87235617808904	-0.946475234674219
1.8791895947974	-0.943140664542326
1.88602301150575	-0.932080136674236
1.89285642821411	-0.919664970980675
1.89968984492246	-0.914986308803219
1.90652326163082	-0.922042562667552
1.91335667833917	-0.936384653078485
1.92019009504752	-0.947397468218407
1.92702351175588	-0.944179379614587
1.93385692846423	-0.920277227956998
1.94069034517259	-0.881433013930031
1.94752376188094	-0.840279553447612
1.95435717858929	-0.801416115918255
1.96119059529765	-0.754745127376594
1.968024012006	-0.677191600441962
1.97485742871436	-0.539713681131722
1.98169084542271	-0.321294585139522
1.98852426213107	-0.0274307357226006
1.99535767883942	0.30101129431362
2.00219109554777	0.593589711190477
2.00902451225613	0.771801665201673
2.01585792896448	0.788701213402918
2.02269134567284	0.644417743857453
2.02952476238119	0.393740643262643
2.03635817908954	0.116321103609318
2.0431915957979	-0.123390028021702
2.05002501250625	-0.289259891435349
2.05685842921461	-0.373362694748629
2.06369184592296	-0.384494192937791
2.07052526263132	-0.34238908780978
2.07735867933967	-0.261604244425299
2.08419209604802	-0.150774924766016
2.09102551275638	-0.0102940623742675
2.09785892946473	0.163248399576343
2.10469234617309	0.371749427658992
2.11152576288144	0.613841152118825
2.11835917958979	0.870113544527171
2.12519259629815	1.10343120756048
2.1320260130065	1.27370181003573
2.13885942971486	1.35439634899309
2.14569284642321	1.33479824969789
2.15252626313157	1.20817213411255
2.15935967983992	0.98164153864494
2.16619309654827	0.679198680704034
2.17302651325663	0.334760788533192
2.17985992996498	-0.0155854018351325
2.18669334667334	-0.340338326118235
2.19352676338169	-0.613050224528523
2.20036018009005	-0.818079535560218
2.2071935967984	-0.946785422861215
2.21402701350675	-1.00655526346722
2.22086043021511	-1.01646319377262
2.22769384692346	-0.997279923911373
2.23452726363182	-0.968598424802061
2.24136068034017	-0.943975825523491
2.24819409704852	-0.928317108097589
2.25502751375688	-0.921142708376202
2.26186093046523	-0.919210994085073
2.26869434717359	-0.920146021638217
2.27552776388194	-0.923398105438931
2.2823611805903	-0.930207384078994
2.28919459729865	-0.941247313205636
2.296028014007	-0.954355286379136
2.30286143071536	-0.966309764761713
2.30969484742371	-0.975601964842724
2.31652826413207	-0.982911309130184
2.32336168084042	-0.988138318008452
2.33019509754877	-0.98678319056391
2.33702851425713	-0.968056825779594
2.34386193096548	-0.913115552037603
2.35069534767384	-0.798745890327474
2.35752876438219	-0.608582640254336
2.36436218109055	-0.345222540080044
2.3711955977989	-0.0366686420887726
2.37802901450725	0.265814550905627
2.38486243121561	0.504952079130478
2.39169584792396	0.629458819830577
2.39852926463232	0.602113140804548
2.40536268134067	0.41692985227761
2.41219609804902	0.113389057066398
2.41902951475738	-0.236330249580074
2.42586293146573	-0.556444384016025
2.43269634817409	-0.791296524325826
2.43952976488244	-0.926649835283337
2.4463631815908	-0.983730396610942
2.45319659829915	-0.995156350838675
2.4600300150075	-0.98695128368777
2.46686343171586	-0.971222582919308
2.47369684842421	-0.95342149899773
2.48053026513257	-0.936553172047271
2.48736368184092	-0.923891289592305
2.49419709854927	-0.918878900031254
2.50103051525763	-0.922548151876057
2.50786393196598	-0.932780783550096
2.51469734867434	-0.944529609193033
2.52153076538269	-0.951740798801848
2.52836418209105	-0.951623262538612
2.5351975987994	-0.946552659923767
2.54203101550775	-0.94205651347318
2.54886443221611	-0.943049857043118
2.55569784892446	-0.951094263366916
2.56253126563282	-0.962630368500419
2.56936468234117	-0.970501234545751
2.57619809904952	-0.96875865507851
2.58303151575788	-0.957879372153816
2.58986493246623	-0.942759281710728
2.59669834917459	-0.931608082837608
2.60353176588294	-0.931361858098689
2.6103651825913	-0.943078352751061
2.61719859929965	-0.961541477283545
2.624032016008	-0.979738969926678
2.63086543271636	-0.99210101688958
2.63769884942471	-0.994491019572176
2.64453226613307	-0.986314746822849
2.65136568284142	-0.972772840375095
2.65819909954977	-0.960499784398392
2.66503251625813	-0.953273736685854
2.67186593296648	-0.950478165817143
2.67869934967484	-0.948977907663708
2.68553276638319	-0.946076318879311
2.69236618309155	-0.94079298109422
2.6991995997999	-0.934545285987629
2.70603301650825	-0.929422146657538
2.71286643321661	-0.926442130730493
2.71969984992496	-0.924196764480393
2.72653326663332	-0.920824784915963
2.73336668334167	-0.915971652238946
2.74020010005003	-0.911434172415611
2.74703351675838	-0.910478552827621
2.75386693346673	-0.915406633197683
2.76070035017509	-0.925728260193991
2.76753376688344	-0.93906024327801
2.7743671835918	-0.950483382455726
2.78120060030015	-0.95474829083651
2.7880340170085	-0.949254955696573
2.79486743371686	-0.937182560051879
2.80170085042521	-0.924540586682616
2.80853426713357	-0.914837240824078
2.81536768384192	-0.905775863889883
2.82220110055028	-0.89289397756958
2.82903451725863	-0.86877995834833
2.83586793396698	-0.823129342812402
2.84270135067534	-0.747350793378533
2.84953476738369	-0.634346378160733
2.85636818409205	-0.482161459556269
2.8632016008004	-0.293624374508327
2.87003501750875	-0.0789576554242716
2.87686843421711	0.139312962820255
2.88370185092546	0.330230958051934
2.89053526763382	0.460617078838189
2.89736868434217	0.503251141704991
2.90420210105053	0.44542138966201
2.91103551775888	0.294972022470675
2.91786893446723	0.0804593768189301
2.92470235117559	-0.158956112348887
2.93153576788394	-0.384839237496669
2.9383691845923	-0.566856690379132
2.94520260130065	-0.695639331252248
2.952036018009	-0.774879560807744
2.95886943471736	-0.815213643205264
2.96570285142571	-0.831078159518246
2.97253626813407	-0.836260791445273
2.97936968484242	-0.840152057612562
2.98620310155078	-0.844541620617052
2.99303651825913	-0.845321008954096
2.99986993496748	-0.840589616059923
3.00670335167584	-0.833258991086767
3.01353676838419	-0.829119724389348
3.02037018509255	-0.829977188094725
3.0272036018009	-0.832961900311948
3.03403701850925	-0.833637763598511
3.04087043521761	-0.822675044444905
3.04770385192596	-0.791163760656088
3.05453726863432	-0.734442287377021
3.06137068534267	-0.657745732078338
3.06820410205103	-0.574985562920351
3.07503751875938	-0.498624084663689
3.08187093546773	-0.431534988830025
3.08870435217609	-0.364593475114774
3.09553776888444	-0.282435946893437
3.1023711855928	-0.173023193797782
3.10920460230115	-0.0346651299730537
3.1160380190095	0.123072813319102
3.12287143571786	0.284359424853167
3.12970485242621	0.432317972498206
3.13653826913457	0.550758803428732
3.14337168584292	0.624118294457018
3.15020510255128	0.638387397656545
3.15703851925963	0.584945157404634
3.16387193596798	0.466860964667216
3.17070535267634	0.298495776993575
3.17753876938469	0.103560322320757
3.18437218609305	-0.0896160759009193
3.1912056028014	-0.25274898658334
3.19803901950976	-0.360908176990735
3.20487243621811	-0.395837588097995
3.21170585292646	-0.35141755260859
3.21853926963482	-0.230725313854039
3.22537268634317	-0.0469563053952689
3.23220610305153	0.179456050875991
3.23903951975988	0.421721673780595
3.24587293646823	0.652685243060907
3.25270635317659	0.8516147766914
3.25953976988494	1.0084945481983
3.2663731865933	1.12381853922006
3.27320660330165	1.20345920492521
3.28004002001001	1.25166826348197
3.28687343671836	1.26520837525868
3.29370685342671	1.23443729054501
3.30054027013507	1.14968642318058
3.30737368684342	1.0051496005745
3.31420710355178	0.797310983918388
3.32104052026013	0.534271533489212
3.32787393696848	0.241482614781058
3.33470735367684	-0.0466993915517493
3.34154077038519	-0.298991560908556
3.34837418709355	-0.497704101620003
3.3552076038019	-0.640909554961729
3.36204102051026	-0.734694825916159
3.36887443721861	-0.790816144140807
3.37570785392696	-0.822131868900441
3.38254127063532	-0.839415142814643
3.38937468734367	-0.850884855082686
3.39620810405203	-0.861303741911832
3.40304152076038	-0.87255903618938
3.40987493746873	-0.885116286704765
3.41670835417709	-0.898558467116204
3.42354177088544	-0.912153728081357
3.4303751875938	-0.924490670108876
3.43720860430215	-0.934103076271979
3.44404202101051	-0.940004351924137
3.45087543771886	-0.94231637194483
3.45770885442721	-0.942407829580284
3.46454227113557	-0.942331382760529
3.47137568784392	-0.943953376153821
3.47820910455228	-0.948296521631476
3.48504252126063	-0.95526543535418
3.49187593796898	-0.963375523946659
3.49870935467734	-0.970964305725364
3.50554277138569	-0.97665378125105
3.51237618809405	-0.979559557540689
3.5192096048024	-0.980122284162589
3.52604302151076	-0.979073064922126
3.53287643821911	-0.976387657878956
3.53970985492746	-0.97176571003237
3.54654327163582	-0.964056082384812
3.55337668834417	-0.951783584207015
3.56021010505253	-0.933773566102905
3.56704352176088	-0.912020688591796
3.57387693846923	-0.89245878127284
3.58071035517759	-0.881320110202366
3.58754377188594	-0.883167694227985
3.5943771885943	-0.897437877083216
3.60121060530265	-0.917080463529817
3.60804402201101	-0.932772756678286
3.61487743871936	-0.938414458310602
3.62171085542771	-0.933891369055635
3.62854427213607	-0.922283693458561
3.63537768884442	-0.909726847964747
3.64221110555278	-0.901771027279943
3.64904452226113	-0.900045150370981
3.65587793896948	-0.90287059737227
3.66271135567784	-0.908215948629828
3.66954477238619	-0.9147808506892
3.67637818909455	-0.922592335652964
3.6832116058029	-0.932889327120209
3.69004502251126	-0.94560545511852
3.69687843921961	-0.957692111289395
3.70371185592796	-0.963882681651173
3.71054527263632	-0.959920960478443
3.71737868934467	-0.945135544123968
3.72421210605303	-0.922163269083159
3.73104552276138	-0.898822230610985
3.73787893946974	-0.883608615952523
3.74471235617809	-0.880445762762986
3.75154577288644	-0.88594882255476
3.7583791895948	-0.893934437030631
3.76521260630315	-0.898193245919341
3.77204602301151	-0.892515845774058
3.77887943971986	-0.871702716725038
3.78571285642821	-0.836916624977274
3.79254627313657	-0.791791530860921
3.79937968984492	-0.739970831658335
3.80621310655328	-0.68574722529537
3.81304652326163	-0.634215914756913
3.81987993996999	-0.587825937935119
3.82671335667834	-0.544294247056806
3.83354677338669	-0.497086279923469
3.84038019009505	-0.438421909543007
3.8472136068034	-0.364024803947577
3.85404702351176	-0.277187011367572
3.86088044022011	-0.183203597036524
3.86771385692846	-0.0878433266074779
3.87454727363682	-0.00344467875993719
3.88138069034517	0.0528491548298576
3.88821410705353	0.0638663070850686
3.89504752376188	0.0175603022401571
3.90188094047024	-0.0851297862161048
3.90871435717859	-0.22939694736331
3.91554777388694	-0.389110882579686
3.9223811905953	-0.531389671535389
3.92921460730365	-0.623123112975684
3.93604802401201	-0.637762219930159
3.94288144072036	-0.561040362898157
3.94971485742871	-0.396537081695906
3.95654827413707	-0.1681723456516
3.96338169084542	0.0853319342989414
3.97021510755378	0.310146366955321
3.97704852426213	0.455522707572523
3.98388194097049	0.500556086511207
3.99071535767884	0.465324726666032
3.99754877438719	0.396843636125261
4.00438219109555	0.342914080853722
4.0112156078039	0.3291518068863
4.01804902451226	0.346077890301952
4.02488244122061	0.364667940289502
4.03171585792896	0.347313387544828
4.03854927463732	0.259898267007802
4.04538269134567	0.097122219466132
4.05221610805403	-0.108238872448441
4.05904952476238	-0.303744215089872
4.06588294147074	-0.436320542781203
4.07271635817909	-0.470746178409317
4.07954977488744	-0.382474911993663
4.0863831915958	-0.162777115964878
4.09321660830415	0.157140923148594
4.10005002501251	0.520780497091015
4.10688344172086	0.877897492921052
4.11371685842921	1.2002174366522
4.12055027513757	1.47064702285838
4.12738369184592	1.68532492935724
4.13421710855428	1.84796258954554
4.14105052526263	1.96541470590505
4.14788394197099	2.04253885996107
4.15471735867934	2.08294349536787
4.16155077538769	2.09039801879326
4.16838419209605	2.06985057974325
4.1752176088044	2.02645799341879
4.18205102551276	1.96468631061547
4.18888444222111	1.88735795716899
4.19571785892946	1.79488017067285
4.20255127563782	1.68584565179031
4.20938469234617	1.5577953544984
4.21621810905453	1.40715166409489
4.22305152576288	1.22932892167066
4.22988494247124	1.01927194621699
4.23671835917959	0.77362556510087
4.24355177588794	0.493105475956928
4.2503851925963	0.185594107058131
4.25721860930465	-0.129296520687687
4.26405202601301	-0.421754309159572
4.27088544272136	-0.660799255835757
4.27771885942972	-0.826404580762828
4.28455227613807	-0.918451138515014
4.29138569284642	-0.954249998597652
4.29821910955478	-0.956488142091943
4.30505252626313	-0.945356289080506
4.31188594297149	-0.935851602527081
4.31871935967984	-0.931915693192135
4.32555277638819	-0.931165893300114
4.33238619309655	-0.930522709373442
4.3392196098049	-0.929904266320041
4.34605302651326	-0.931842745310305
4.35288644322161	-0.937875731805125
4.35971985992996	-0.946603397251149
4.36655327663832	-0.952990559777637
4.37338669334667	-0.951317328860658
4.38022011005503	-0.937517182865438
4.38705352676338	-0.911081320990801
4.39388694347174	-0.876285289446243
4.40072036018009	-0.840953838963102
4.40755377688844	-0.813349868707649
4.4143871935968	-0.799117015417717
4.42122061030515	-0.800386441850844
4.42805402701351	-0.817424460723552
4.43488744372186	-0.845987056230974
4.44172086043022	-0.879370560280507
4.44855427713857	-0.911052617759999
4.45538769384692	-0.936244110215203
4.46222111055528	-0.952035377401923
4.46905452726363	-0.956080241856232
4.47588794397199	-0.947083753291092
4.48272136068034	-0.92564652128144
4.48955477738869	-0.895283659794815
4.49638819409705	-0.862170682083655
4.5032216108054	-0.832887674670294
4.51005502751376	-0.813927821540009
4.51688844422211	-0.810402428428717
4.52372186093047	-0.823529311044411
4.53055527763882	-0.849512158857718
4.53738869434717	-0.880932362528022
4.54422211105553	-0.90995563237289
4.55105552776388	-0.932350074789956
4.55788894447224	-0.946029028616688
4.56472236118059	-0.948938554630784
4.57155577788894	-0.939473156554424
4.5783891945973	-0.920899590460716
4.58522261130565	-0.900993904361097
4.59205602801401	-0.886320108367311
4.59888944472236	-0.881444043210712
4.60572286143072	-0.886812420044338
4.61255627813907	-0.896599560206482
4.61938969484742	-0.904299154579648
4.62622311155578	-0.907477998203681
4.63305652826413	-0.907733495870148
4.63988994497249	-0.906592477725577
4.64672336168084	-0.901836071518727
4.65355677838919	-0.8891379264194
4.66039019509755	-0.865812675490313
4.6672236118059	-0.8348938264714
4.67405702851426	-0.806220630363444
4.68089044522261	-0.79097880075993
4.68772386193097	-0.792806822972646
4.69455727863932	-0.810766697675781
4.70139069534767	-0.839064338622317
4.70822411205603	-0.852379824227691
4.71505752876438	-0.819645529065399
4.72189094547274	-0.727849013288051
4.72872436218109	-0.595065137542127
4.73555777888944	-0.458740506057338
4.7423911955978	-0.360841613070737
4.74922461230615	-0.325098137209651
4.75605802901451	-0.345598090491988
4.76289144572286	-0.385317514501719
4.76972486243122	-0.395282891871184
4.77655827913957	-0.338102998313128
4.78339169584792	-0.216116149471769
4.79022511255628	-0.0697864418994405
4.79705852926463	0.0512491432586567
4.80389194597299	0.126371925749351
4.81072536268134	0.175062912415158
4.8175587793897	0.225844960462613
4.82439219609805	0.312842769330444
4.8312256128064	0.469824742428333
4.83805902951476	0.699663037450987
4.84489244622311	0.976106195438895
4.85172586293147	1.25048556167232
4.85855927963982	1.46798127450575
4.86539269634817	1.59575076319903
4.87222611305653	1.63335150279549
4.87905952976488	1.60091956943472
4.88589294647324	1.53448085591481
4.89272636318159	1.46768418433223
4.89955977988994	1.41809897685149
4.9063931965983	1.39061828728867
4.91322661330665	1.38221655197768
4.92006003001501	1.38379499349792
4.92689344672336	1.38417330040832
4.93372686343172	1.37245280521194
4.94056028014007	1.34025179362746
4.94739369684843	1.28537779143559
4.95422711355678	1.21555132905453
4.96106053026513	1.14856819787095
4.96789394697349	1.10631207632664
4.97472736368184	1.10403835263896
4.9815607803902	1.15150876583502
4.98839419709855	1.25543163233329
4.9952276138069	1.39986680387549
5.00206103051526	1.5480166042943
5.00889444722361	1.66112079105981
5.01572786393197	1.71033378892304
5.02256128064032	1.70104037509027
5.02939469734867	1.6467277374153
5.03622811405703	1.56088306366916
5.04306153076538	1.45699356022789
5.04989494747374	1.34854640111149
5.05672836418209	1.24902280240102
5.06356178089045	1.1680289246421
5.0703951975988	1.10463468509724
5.07722861430715	1.05608133191039
5.08406203101551	1.01600221470767
5.09089544772386	0.972649030030797
5.09772886443222	0.916068344857348
5.10456228114057	0.8421208524419
5.11139569784893	0.753412446867647
5.11822911455728	0.657755226043312
5.12506253126563	0.56380238575032
5.13189594797399	0.477990607084
5.13872936468234	0.400615916911955
5.1455627813907	0.329067809152256
5.15239619809905	0.257336380031667
5.1592296148074	0.179107201359395
5.16606303151576	0.0924068850146402
5.17289644822411	0.00438827196565551
5.17972986493247	-0.0702670530573322
5.18656328164082	-0.114230214864137
5.19339669834917	-0.112478948217798
5.20023011505753	-0.0555612912155872
5.20706353176588	0.0601161337016493
5.21389694847424	0.232572401723608
5.22073036518259	0.454061855832165
5.22756378189095	0.712528577927846
5.2343971985993	0.98813606281262
5.24123061530765	1.25585382842615
5.24806403201601	1.48436687391127
5.25489744872436	1.6449690822606
5.26173086543272	1.72195413473703
5.26856428214107	1.71828082825534
5.27539769884943	1.65129257454971
5.28223111555778	1.54278992023355
5.28906453226613	1.41051384334438
5.29589794897449	1.25994437118978
5.30273136568284	1.08941608887191
5.3095647823912	0.890667742726727
5.31639819909955	0.653585633275788
5.3232316158079	0.37816258947002
5.33006503251626	0.0791948183776314
5.33689844922461	-0.21768385724983
5.34373186593297	-0.483505307074739
5.35056528264132	-0.689724050265341
5.35739869934967	-0.817692039723047
5.36423211605803	-0.864455042690484
5.37106553276638	-0.839513309980773
5.37789894947474	-0.759638303420418
5.38473236618309	-0.644695583906677
5.39156578289145	-0.51394402961968
5.3983991995998	-0.384256797538073
5.40523261630815	-0.269652717959552
5.41206603301651	-0.1804932177202
5.41889944972486	-0.122741798294608
5.42573286643322	-0.0972602624123363
5.43256628314157	-0.0980837699445847
5.43939969984993	-0.115923141930767
5.44623311655828	-0.142648643585051
5.45306653326663	-0.173512474841848
5.45989994997499	-0.205007373770526
5.46673336668334	-0.234115080202817
5.4735667833917	-0.25816726133851
5.48040020010005	-0.274511486899034
5.4872336168084	-0.28084217511888
5.49406703351676	-0.276407112315022
5.50090045022511	-0.262062641249548
5.50773386693347	-0.241366626840287
5.51456728364182	-0.219159922297017
5.52140070035018	-0.199195424147191
5.52823411705853	-0.183286423625614
5.53506753376688	-0.169098659267954
5.54190095047524	-0.15231603416828
5.54873436718359	-0.128449205301053
5.55556778389195	-0.0927930135843471
5.5624012006003	-0.0406300344801249
5.56923461730865	0.0315584830032899
5.57606803401701	0.122810203373246
5.58290145072536	0.225417289270675
5.58973486743372	0.327008551015816
5.59656828414207	0.414791036888813
5.60340170085043	0.475946054678351
5.61023511755878	0.498822838271
5.61706853426713	0.474419336866047
5.62390195097549	0.400661731061316
5.63073536768384	0.286974761182217
5.6375687843922	0.146576204941667
5.64440220110055	0.00417471263230607
5.6512356178089	-0.111070989506104
5.65806903451726	-0.179649205892107
5.66490245122561	-0.198253854387874
5.67173586793397	-0.183382891245163
5.67856928464232	-0.156430961940196
5.68540270135068	-0.127946683463717
5.69223611805903	-0.0941224206494787
5.69906953476738	-0.0405374908805242
5.70590295147574	0.0466191513409342
5.71273636818409	0.171427121566024
5.71956978489245	0.322791440771587
5.7264032016008	0.485140761035069
5.73323661830915	0.648179382875475
5.74007003501751	0.809859566013811
5.74690345172586	0.969937032175195
5.75373686843422	1.12543116124424
5.76057028514257	1.26833050853855
5.76740370185093	1.38171717816129
5.77423711855928	1.43572488216837
5.78107053526763	1.39985770495732
5.78790395197599	1.25556188317338
5.79473736868434	1.01149949941382
5.8015707853927	0.696076447580529
5.80840420210105	0.351543365411777
5.8152376188094	0.0224609331886992
5.82207103551776	-0.252359670693052
5.82890445222611	-0.448645848364506
5.83573786893447	-0.557776738373091
5.84257128564282	-0.580442045916512
5.84940470235118	-0.522553951607156
5.85623811905953	-0.399295057024689
5.86307153576788	-0.234723549971832
5.86990495247624	-0.0548747721490682
5.87673836918459	0.116680600267197
5.88357178589295	0.264526343067174
5.8904052026013	0.380193787259259
5.89723861930966	0.458801053329457
5.90407203601801	0.502665405317005
5.91090545272636	0.516207052170519
5.91773886943472	0.504225076770071
5.92457228614307	0.471833597648028
5.93140570285143	0.425309871214864
5.93823911955978	0.371420849938153
5.94507253626813	0.318550208879779
5.95190595297649	0.27986889922018
5.95873936968484	0.269280914941095
5.9655727863932	0.295231803129257
5.97240620310155	0.359370984846202
5.97923961980991	0.454699694495643
5.98607303651826	0.566772713893577
5.99290645322661	0.675052766243368
5.99973986993497	0.758992162423294
6.00657328664332	0.802125706240734
6.01340670335168	0.800689444921054
6.02024012006003	0.768161854723646
6.02707353676838	0.733969652363754
6.03390695347674	0.72937423898996
6.04074037018509	0.772751250470079
6.04757378689345	0.862988774626284
6.0544072036018	0.986723294561171
6.06124062031016	1.12425433405845
6.06807403701851	1.25524423515527
6.07490745372686	1.36247475463394
6.08174087043522	1.43630131356618
6.08857428714357	1.47357382215669
6.09540770385193	1.47603696355552
6.10224112056028	1.45115571117652
6.10907453726863	1.40878518633296
6.11590795397699	1.36168281913197
6.12274137068534	1.32514562643413
6.1295747873937	1.31306358382322
6.13640820410205	1.33342779673933
6.14324162081041	1.38742332637912
6.15007503751876	1.47094400870976
6.15690845422711	1.57225364362347
6.16374187093547	1.67013457087861
6.17057528764382	1.74050955915074
6.17740870435218	1.76259683565392
6.18424212106053	1.7219541779845
6.19107553776889	1.60895370209618
6.19790895447724	1.42056212198068
6.20474237118559	1.16061525916284
6.21157578789395	0.842593652253952
6.2184092046023	0.491679147535234
6.22524262131066	0.137529672977464
6.23207603801901	-0.190046655669638
6.23890945472736	-0.463714431939945
6.24574287143572	-0.669025305714521
6.25257628814407	-0.805550818830797
6.25940970485243	-0.882933695188662
6.26624312156078	-0.917629851211925
6.27307653826913	-0.926444437671573
6.27990995497749	-0.922986663862056
6.28674337168584	-0.91489121029929
6.2935767883942	-0.905549556030341
6.30041020510255	-0.896758650038309
6.30724362181091	-0.890209642301938
6.31407703851926	-0.88764851390423
6.32091045522761	-0.890659528433952
6.32774387193597	-0.900183017534778
6.33457728864432	-0.913860059329384
6.34141070535268	-0.927467044985506
6.34824412206103	-0.936197241053846
6.35507753876939	-0.938171335673621
6.36191095547774	-0.935037714068802
6.36874437218609	-0.929298692735673
6.37557778889445	-0.924892013611932
6.3824112056028	-0.924998130616573
6.38924462231116	-0.929897926950413
6.39607803901951	-0.938106521468375
6.40291145572786	-0.947190006301901
6.40974487243622	-0.955269847925687
6.41657828914457	-0.962338244660963
6.42341170585293	-0.96929542248735
6.43024512256128	-0.975834116065798
6.43707853926963	-0.979194842699815
6.44391195597799	-0.975153804001587
6.45074537268634	-0.960170389582061
6.4575787893947	-0.935529269252898
6.46441220610305	-0.90845822244868
6.47124562281141	-0.887995061512778
6.47807903951976	-0.880524896331598
6.48491245622811	-0.88834567916947
6.49174587293647	-0.907083080187067
6.49857928964482	-0.930309870581648
6.50541270635318	-0.951596385727189
6.51224612306153	-0.964453429658267
6.51907953976989	-0.963851828104526
6.52591295647824	-0.950011630046619
6.53274637318659	-0.929037424261105
6.53957978989495	-0.908056397173429
6.5464132066033	-0.89119105015525
6.55324662331166	-0.87708045152588
6.56008004002001	-0.860086173207688
6.56691345672836	-0.833389675632828
6.57374687343672	-0.79289726655899
6.58058029014507	-0.74220773919489
6.58741370685343	-0.69159676977983
6.59424712356178	-0.653230836307464
6.60108054027013	-0.639877503840405
6.60791395697849	-0.657416094018992
6.61474737368684	-0.69879093838547
6.6215807903952	-0.745126532813938
6.62841420710355	-0.774552409821823
6.63524762381191	-0.76711053886415
6.64208104052026	-0.712301480126513
6.64891445722861	-0.61458389898532
6.65574787393697	-0.489263268430398
6.66258129064532	-0.352968453064073
6.66941470735368	-0.224470048612616
6.67624812406203	-0.123044777959588
6.68308154077039	-0.0651645740384119
6.68991495747874	-0.0585371617388904
6.69674837418709	-0.100690665982408
6.70358179089545	-0.181097026574403
6.7104152076038	-0.286753199956666
6.71724862431216	-0.403901998606937
6.72408204102051	-0.521433257276574
6.73091545772886	-0.630291551374276
6.73774887443722	-0.721469881469089
6.74458229114557	-0.786413576201081
6.75141570785393	-0.822988309492803
6.75824912456228	-0.83785961632325
6.76508254127064	-0.839779554970912
6.77191595797899	-0.835258541412793
6.77874937468734	-0.823159955219207
6.7855827913957	-0.796324569994425
6.79241620810405	-0.747692569048947
6.79924962481241	-0.675317130396623
6.80608304152076	-0.579614059431132
6.81291645822911	-0.46101192564251
6.81974987493747	-0.319939300218446
6.82658329164582	-0.159826330213155
6.83341670835418	0.00400006360465036
6.84025012506253	0.15375003346932
6.84708354177089	0.273454452705969
6.85391695847924	0.351316526397805
6.8607503751876	0.389172703139781
6.86758379189595	0.395424455882538
6.8744172086043	0.390397882989339
6.88125062531266	0.396682830216002
6.88808404202101	0.435869511106194
6.89491745872936	0.525544978598245
6.90175087543772	0.671036704609437
6.90858429214607	0.866060749888743
6.91541770885443	1.09382758063978
6.92225112556278	1.33049467311183
6.92908454227114	1.5511755192821
6.93591795897949	1.73377650947378
6.94275137568784	1.86460154945106
6.9495847923962	1.93857853174086
6.95641820910455	1.961839393036
6.96325162581291	1.94241078819881
6.97008504252126	1.88897505477418
6.97691845922962	1.81339037390073
6.98375187593797	1.72725406241286
6.99058529264632	1.63814537889641
6.99741870935468	1.54813334080886
7.00425212606303	1.45547563711944
7.01108554277139	1.35774805870742
7.01791895947974	1.25686643605793
7.02475237618809	1.16181872851374
7.03158579289645	1.08420689964641
7.0384192096048	1.03669098060238
7.04525262631316	1.02780388329473
7.05208604302151	1.05759012422953
7.05891945972987	1.12176544746291
7.06575287643822	1.20274591373808
7.07258629314657	1.27060437376147
7.07941970985493	1.2930064327852
7.08625312656328	1.24413766570174
7.09308654327164	1.11197244759299
7.09991995997999	0.901409967582633
7.10675337668834	0.632361452874312
7.1135867933967	0.330771823610676
7.12042021010505	0.0227169905511318
7.12725362681341	-0.26572710871485
7.13408704352176	-0.508513800380139
7.14092046023012	-0.688031822344745
7.14775387693847	-0.806729293907536
7.15458729364682	-0.87156859500424
7.16142071035518	-0.897869902474133
7.16825412706353	-0.903057934181577
7.17508754377189	-0.900883626355165
7.18192096048024	-0.898730367709974
7.18875437718859	-0.898229586459083
7.19558779389695	-0.898438331614243
7.2024212106053	-0.898657672139919
7.20925462731366	-0.899226254610787
7.21608804402201	-0.900632901127267
7.22292146073037	-0.903727014691132
7.22975487743872	-0.90867532534898
7.23658829414707	-0.915058590022913
7.24342171085543	-0.92105863722842
7.25025512756378	-0.924474028015031
7.25708854427214	-0.923977368470541
7.26392196098049	-0.918994955865932
7.27075537768884	-0.908676377414412
7.2775887943972	-0.890766745153045
7.28442221110555	-0.85993820938732
7.29125562781391	-0.807882034694719
7.29808904452226	-0.722702554346121
7.30492246123062	-0.593212640673941
7.31175587793897	-0.417374101910666
7.31858929464732	-0.207632692995774
7.32542271135568	0.0150071067035435
7.33225612806403	0.223443942141888
7.33908954477239	0.388668333227049
7.34592296148074	0.490248667138711
7.35275637818909	0.517785562876829
7.35958979489745	0.475396596792658
7.3664232116058	0.386142720189423
7.37325662831416	0.281416522133094
7.38009004502251	0.187826074748693
7.38692346173087	0.124396605628266
7.39375687843922	0.0935654829531343
7.40059029514757	0.0791390774994215
7.40742371185593	0.0568914404671567
7.41425712856428	0.00316467056926963
7.42109054527264	-0.0965682855287527
7.42792396198099	-0.242177102940009
7.43475737868935	-0.414492989013199
7.4415907953977	-0.585849982891547
7.44842421210605	-0.73027481952141
7.45525762881441	-0.83060215627555
7.46209104552276	-0.884335429483144
7.46892446223112	-0.901485334530362
7.47575787893947	-0.896602084774845
7.48259129564782	-0.882981997215978
7.48942471235618	-0.86997626815673
7.49625812906453	-0.862002624555589
7.50309154577289	-0.858973143959208
7.50992496248124	-0.859494372159752
7.51675837918959	-0.86240123149786
7.52359179589795	-0.866664995245406
7.5304252126063	-0.870014856851401
7.53725862931466	-0.867915840703206
7.54409204602301	-0.854964637403554
7.55092546273137	-0.826929803228737
7.55775887943972	-0.784089331811897
7.56459229614807	-0.730378590730355
7.57142571285643	-0.672079020476855
7.57825912956478	-0.615517142003705
7.58509254627314	-0.563576478017506
7.59192596298149	-0.513302465864038
7.59875937968985	-0.459298629345242
7.6055927963982	-0.399177137497649
7.61242621310655	-0.336586432159558
7.61925962981491	-0.278920438837612
7.62609304652326	-0.231101746690259
7.63292646323162	-0.193991712087848
7.63975987993997	-0.167095659990225
7.64659329664832	-0.140055213574741
7.65342671335668	-0.0953944905543374
7.66026013006503	-0.0159403093245747
7.66709354677339	0.10515519682508
7.67392696348174	0.257869380050154
7.68076038019009	0.423862310834047
7.68759379689845	0.573394313648813
7.6944272136068	0.671323177087912
7.70126063031516	0.699449509958493
7.70809404702351	0.669744797069376
7.71492746373187	0.611630387617997
7.72176088044022	0.564806794349802
7.72859429714857	0.566169358945295
7.73542771385693	0.63244800805137
7.74226113056528	0.755337313638022
7.74909454727364	0.916025538746496
7.75592796398199	1.09543533047533
7.76276138069035	1.27448933658767
7.7695947973987	1.43543670942746
7.77642821410705	1.57208767966042
7.78326163081541	1.68496108118951
7.79009504752376	1.77939573425274
7.79692846423212	1.86091713231274
7.80376188094047	1.9339392159624
7.81059529764883	1.99684008653375
7.81742871435718	2.03885898932225
7.82426213106553	2.04513544604244
7.83109554777389	2.00280027053475
7.83792896448224	1.90583563923522
7.84476238119059	1.75551810535983
7.85159579789895	1.55543887243503
7.8584292146073	1.3100868609899
7.86526263131566	1.02554273613128
7.87209604802401	0.70899956589933
7.87892946473237	0.373274968535313
7.88576288144072	0.040225287217591
7.89259629814908	-0.262972056414787
7.89942971485743	-0.51165287596258
7.90626313156578	-0.691615523781605
7.91309654827414	-0.798753550443778
7.91992996498249	-0.847814801753244
7.92676338169085	-0.865714167308984
7.9335967983992	-0.875602569491443
7.94043021510755	-0.888712190107701
7.94726363181591	-0.903224559416335
7.95409704852426	-0.915905839134945
7.96093046523262	-0.923516041860739
7.96776388194097	-0.923035777610446
7.97459729864932	-0.9145285679297
7.98143071535768	-0.899946733781982
7.98826413206603	-0.881268704090287
7.99509754877439	-0.860587324861894
8.00193096548274	-0.84077121357372
8.0087643821911	-0.825011198265229
8.01559779889945	-0.816451463036068
8.0224312156078	-0.817712284450301
8.02926463231616	-0.829220268704297
8.03609804902451	-0.848108026749754
8.04293146573287	-0.870901450844195
8.04976488244122	-0.894115394896179
8.05659829914958	-0.911994696715553
8.06343171585793	-0.913544109127624
8.07026513256628	-0.88862200692182
8.07709854927464	-0.834841309244677
8.08393196598299	-0.760365994962155
8.09076538269135	-0.68045653915776
8.0975987993997	-0.609259536005252
8.10443221610806	-0.553984852475488
8.11126563281641	-0.516086373530607
8.11809904952476	-0.482477922314167
8.12493246623312	-0.431850787943735
8.13176588294147	-0.34670259465212
8.13859929964982	-0.220090040722238
8.14543271635818	-0.048656890760718
8.15226613306653	0.170648796604818
8.15909954977489	0.435687231997549
8.16593296648324	0.73329547348818
8.1727663831916	1.04069284752131
8.17959979989995	1.32563043403023
8.1864332166083	1.54362125085316
8.19326663331666	1.65130470689875
8.20010005002501	1.6268754656604
8.20693346673337	1.48625822110769
8.21376688344172	1.27967102281772
8.22060030015007	1.06801501371694
8.22743371685843	0.907641022466049
8.23426713356678	0.827015149278137
8.24110055027514	0.817923610149457
8.24793396698349	0.851811061251428
8.25476738369185	0.881746808890448
8.2616008004002	0.853332524153792
8.26843421710856	0.721049270199871
8.27526763381691	0.490635436202221
8.28210105052526	0.222007702591679
8.28893446723362	-0.00716855902314866
8.29576788394197	-0.131588677616948
8.30260130065033	-0.121087259310146
8.30943471735868	0.0308796707806047
8.31626813406703	0.288145510688973
8.32310155077539	0.587810116154733
8.32993496748374	0.865834544511943
8.3367683841921	1.07795138118756
8.34360180090045	1.2097673869181
8.3504352176088	1.27452519375255
8.35726863431716	1.29492397087755
8.36410205102551	1.29373789603601
8.37093546773387	1.29374113681001
8.37776888444222	1.31770788454575
8.38460230115058	1.38834855981008
8.39143571785893	1.51522043541188
8.39826913456728	1.67775647590541
8.40510255127564	1.84296382834422
8.41193596798399	1.98080138764615
8.41876938469235	2.07476364045935
8.4256028014007	2.11006226874659
8.43243621810906	2.0847436814987
8.43926963481741	2.01458936545531
8.44610305152576	1.91644191493429
8.45293646823412	1.8012675408694
8.45976988494247	1.67156729896525
8.46660330165083	1.52155401109103
8.47343671835918	1.34718550799008
8.48027013506753	1.15329462542193
8.48710355177589	0.958569031419248
8.49393696848424	0.783822480964924
8.5007703851926	0.650539155662142
8.50760380190095	0.580267931319474
8.51443721860931	0.583988922693341
8.52127063531766	0.659057647696947
8.52810405202601	0.787818318726738
8.53493746873437	0.944145375741417
8.54177088544272	1.10261310096055
8.54860430215108	1.24566068077759
8.55543771885943	1.3701779435321
8.56227113556779	1.47896655366862
8.56910455227614	1.57502898329301
8.57593796898449	1.6625172051758
8.58277138569285	1.74317765088854
8.5896048024012	1.81378911042456
8.59643821910956	1.86723187757234
8.60327163581791	1.89667053784855
8.61010505252626	1.89896295438155
8.61693846923462	1.87775486490044
8.62377188594297	1.840382904412
8.63060530265133	1.79496184148256
8.63743871935968	1.7439842607329
8.64427213606803	1.68070428716979
8.65110555277639	1.58957530048138
8.65793896948474	1.44977603855502
8.6647723861931	1.24524921213163
8.67160580290145	0.970800536971077
8.67843921960981	0.638449152803527
8.68527263631816	0.275439157781738
8.69210605302651	-0.0818940152156714
8.69893946973487	-0.39954003083825
8.70577288644322	-0.648536792183425
8.71260630315158	-0.81820626255277
8.71943971985993	-0.910574126638736
8.72627313656828	-0.945324446732498
8.73310655327664	-0.944909987488358
8.73993996998499	-0.929208884819427
8.74677338669335	-0.911684147806361
8.7536068034017	-0.902437144369065
8.76044022011006	-0.90215563519115
8.76727363681841	-0.904575577454448
8.77410705352676	-0.903771317877187
8.78094047023512	-0.897821053839857
8.78777388694347	-0.88844489386482
8.79460730365183	-0.8784604777586
8.80144072036018	-0.869277710379416
8.80827413706854	-0.861061351454307
8.81510755377689	-0.852873922675342
8.82194097048524	-0.843443879282768
8.8287743871936	-0.832598420335893
8.83560780390195	-0.820818266849763
8.84244122061031	-0.809854179581508
8.84927463731866	-0.802515946697674
8.85610805402701	-0.801908423706802
8.86294147073537	-0.81007803019999
8.86977488744372	-0.826663529688089
8.87660830415208	-0.849357591320517
8.88344172086043	-0.874273088566529
8.89027513756879	-0.896654315940372
8.89710855427714	-0.911732666926058
8.90394197098549	-0.914741198070452
8.91077538769385	-0.902269522024616
8.9176088044022	-0.875621454941303
8.92444222111055	-0.840967127327384
8.93127563781891	-0.807506656140619
8.93810905452726	-0.784025439353618
8.94494247123562	-0.774709101758001
8.95177588794397	-0.780180055166018
8.95860930465233	-0.797313721680162
8.96544272136068	-0.815785501105345
8.97227613806903	-0.822290959385125
8.97910955477739	-0.806308939448729
8.98594297148574	-0.763438680686244
8.9927763881941	-0.697627005972803
8.99960980490245	-0.614326805929534
9.00644322161081	-0.519076287367021
9.01327663831916	-0.416799002593778
9.02011005502751	-0.308425721538062
9.02694347173587	-0.191239134653115
9.03377688844422	-0.0616676251435688
9.04061030515258	0.0801888307808993
9.04744372186093	0.226424198074482
9.05427713856928	0.360923097673378
9.06111055527764	0.462740777330852
9.06794397198599	0.512187360841322
9.07477738869435	0.497667736421167
9.0816108054027	0.420548869455629
9.08844422211106	0.290049593163911
9.09527763881941	0.117571731850921
9.10211105552776	-0.0778006218903633
9.10894447223612	-0.275765821899347
9.11577788894447	-0.456392905868867
9.12261130565283	-0.600135405363005
9.12944472236118	-0.697749342325318
9.13627813906954	-0.752056617359822
9.14311155577789	-0.774095499922379
9.14994497248624	-0.778224092448
9.1567783891946	-0.775475929338696
9.16361180590295	-0.776053568085921
9.17044522261131	-0.789770139165425
9.17727863931966	-0.818113263756184
9.18411205602801	-0.854167051801215
9.19094547273637	-0.887183768951814
9.19777888944472	-0.905688708667171
9.20461230615308	-0.902848567493226
9.21144572286143	-0.879910360124043
9.21827913956979	-0.84753242791624
9.22511255627814	-0.818461599729333
9.23194597298649	-0.799998245077648
9.23877938969485	-0.792400356685104
9.2456128064032	-0.793448308632022
9.25244622311155	-0.798969246762239
9.25927963981991	-0.805471954284232
9.26611305652826	-0.810716916582623
9.27294647323662	-0.812586516932075
9.27977988994497	-0.807309194720922
9.28661330665333	-0.789109567564414
9.29344672336168	-0.752990271365788
9.30028014007004	-0.698902967408884
9.30711355677839	-0.631930556756519
9.31394697348674	-0.56321950082143
9.3207803901951	-0.505050783390974
9.32761380690345	-0.46456990520216
9.33444722361181	-0.438854066875181
9.34128064032016	-0.408756391792958
9.34811405702852	-0.34519365716105
9.35494747373687	-0.225792848200515
9.36178089044522	-0.0423117828860775
9.36861430715358	0.196237494994492
9.37544772386193	0.460776664749736
9.38228114057029	0.708117066970289
9.38911455727864	0.897347661721527
9.39594797398699	1.00221156782535
9.40278139069535	1.01897965395649
9.4096148074037	0.963640618083261
9.41644822411206	0.859736373835816
9.42328164082041	0.731727875225034
9.43011505752876	0.602374337903013
9.43694847423712	0.493567923861564
9.44378189094547	0.42674734178913
9.45061530765383	0.419190763465369
9.45744872436218	0.483887149163112
9.46428214107054	0.623640392511351
9.47111555777889	0.825268047682114
9.47794897448724	1.06016502530038
9.4847823911956	1.29092812613012
9.49161580790395	1.48180469910869
9.49844922461231	1.61104851603428
9.50528264132066	1.67320477950272
9.51211605802902	1.68697644734552
9.51894947473737	1.68170235222285
9.52578289144572	1.67930308240199
9.53261630815408	1.68939140509102
9.53944972486243	1.70177261349979
9.54628314157079	1.69256271781087
9.55311655827914	1.63870506856882
9.55994997498749	1.524259952588
9.56678339169585	1.35191228627191
9.5736168084042	1.1438848852869
9.58045022511256	0.928015384848771
9.58728364182091	0.728692129479038
9.59411705852927	0.559678629028889
9.60095047523762	0.421404624595505
9.60778389194597	0.303786305642859
9.61461730865433	0.192101019877121
9.62145072536268	0.0725304018565393
9.62828414207104	-0.0633817346357128
9.63511755877939	-0.217117428407919
9.64195097548775	-0.380404515684764
9.6487843921961	-0.542452442602321
9.65561780890445	-0.687996699262893
9.66245122561281	-0.798477298638591
9.66928464232116	-0.860602497098242
9.67611805902952	-0.874142481697091
9.68295147573787	-0.85163568658774
9.68978489244622	-0.814964093419721
9.69661830915458	-0.781064398796362
9.70345172586293	-0.747126318333995
9.71028514257129	-0.691957020383576
9.71711855927964	-0.59213294907627
9.72395197598799	-0.439216369169159
9.73078539269635	-0.248474904887468
9.7376188094047	-0.0587496178063123
9.74445222611306	0.0901387751980243
9.75128564282141	0.171496463686065
9.75811905952976	0.175842997014698
9.76495247623812	0.124861622942031
9.77178589294647	0.0535862227411366
9.77861930965483	-0.00971143761392804
9.78545272636318	-0.055066875473788
9.79228614307154	-0.0984105772831815
9.79911955977989	-0.166992466126176
9.80595297648824	-0.273194521097875
9.8127863931966	-0.407676779777587
9.81961980990495	-0.545985986106369
9.82645322661331	-0.657581583933536
9.83328664332166	-0.716922192623893
9.84012006003002	-0.716294460279748
9.84695347673837	-0.666335826621542
9.85378689344672	-0.585425087871315
9.86062031015508	-0.490745698807514
9.86745372686343	-0.394031735910634
9.87428714357179	-0.296316370440651
9.88112056028014	-0.191697981617142
9.88795397698849	-0.0738541041135069
9.89478739369685	0.0615658235701647
9.9016208104052	0.217979088144929
9.90845422711356	0.394208762156972
9.91528764382191	0.583524589393087
9.92212106053027	0.775422259318556
9.92895447723862	0.95822944974973
9.93578789394697	1.12165866677844
9.94262131065533	1.25813986509197
9.94945472736368	1.36313481055927
9.95628814407204	1.43390342386382
9.96312156078039	1.46778478847346
9.96995497748875	1.46217451491968
9.9767883941971	1.41503475747643
9.98362181090545	1.32582820898489
9.99045522761381	1.19559567664573
9.99728864432216	1.02548417245356
10.0041220610305	0.816693835801305
10.0109554777389	0.574243059738764
10.0177888944472	0.311082666289295
10.0246223111556	0.0459999959353286
10.0314557278639	-0.201285195194187
10.0382891445723	-0.413450370167017
10.0451225612806	-0.575523185691283
10.051955977989	-0.678460340643971
10.0587893946973	-0.724869624557622
10.0656228114057	-0.728520522765503
10.0724562281141	-0.709366627759145
10.0792896448224	-0.68730693587935
10.0861230615308	-0.678452376231078
10.0929564782391	-0.693000692216228
10.0997898949475	-0.737542106266878
10.1066233116558	-0.799406682051878
10.1134567283642	-0.846677979557709
10.1202901450725	-0.846656544452713
10.1271235617809	-0.784547459217461
10.1339569784892	-0.656797914811949
10.1407903951976	-0.481313567253598
10.147623811906	-0.290223907082838
10.1544572286143	-0.12364266670364
10.1612906453227	-0.0249095999824235
10.168124062031	-0.0198736135104411
10.1749574787394	-0.103991578546564
10.1817908954477	-0.225034712906564
10.1886243121561	-0.309175668362525
10.1954577288644	-0.294891532413839
10.2022911455728	-0.157521521795395
10.2091245622811	0.0829670166163871
10.2159579789895	0.375359203654032
10.2227913956979	0.660630543564223
10.2296248124062	0.893368822407787
10.2364582291146	1.05024631205846
10.2432916458229	1.12539278501082
10.2501250625313	1.12781091333102
10.2569584792396	1.08455213660283
10.263791895948	1.02260469416198
10.2706253126563	0.958292404066064
10.2774587293647	0.892541950557851
10.284292146073	0.813760099412705
10.2911255627814	0.705179163507035
10.2979589794897	0.551668276941998
10.3047923961981	0.345012666301787
10.3116258129065	0.0916999548312222
10.3184592296148	-0.186741679149873
10.3252926463232	-0.455829059724123
10.3321260630315	-0.678282129930354
10.3389594797399	-0.829069069843388
10.3457928964482	-0.904451676724016
10.3526263131566	-0.921442328909138
10.3594597298649	-0.904748987171133
10.3662931465733	-0.876948598105503
10.3731265632816	-0.850100382938437
10.37995997999	-0.827292502576608
10.3867933966983	-0.808462833716381
10.3936268134067	-0.790584428124401
10.4004602301151	-0.770855234966421
10.4072936468234	-0.751224562941163
10.4141270635318	-0.739497500415713
10.4209604802401	-0.743823057764733
10.4277938969485	-0.766752448090454
10.4346273136568	-0.804353270319919
10.4414607303652	-0.849227294116161
10.4482941470735	-0.889165180854208
10.4551275637819	-0.910822733950428
10.4619609804902	-0.905253377479935
10.4687943971986	-0.872494300393862
10.475627813907	-0.820484518664675
10.4824612306153	-0.760873803348707
10.4892946473237	-0.704229352226831
10.496128064032	-0.657177137900866
10.5029614807404	-0.624286709773718
10.5097948974487	-0.606565539079343
10.5166283141571	-0.603666125776418
10.5234617308654	-0.615238314416071
10.5302951475738	-0.640928615284071
10.5371285642821	-0.679347354557217
10.5439619809905	-0.725370428740247
10.5507953976989	-0.770024879728221
10.5576288144072	-0.802401491810197
10.5644622311156	-0.811580899105183
10.5712956478239	-0.788036791313185
10.5781290645323	-0.72417790398505
10.5849624812406	-0.618888361599102
10.591795897949	-0.476377082275483
10.5986293146573	-0.301927037601226
10.6054627313657	-0.10295935538825
10.612296148074	0.112928991476034
10.6191295647824	0.340173217509999
10.6259629814907	0.575322962354652
10.6327963981991	0.81502516147335
10.6396298149075	1.05397472895259
10.6464632316158	1.28431917027949
10.6532966483242	1.49734233150736
10.6601300650325	1.68485207217827
10.6669634817409	1.84272802467598
10.6737968984492	1.97395107115187
10.6806303151576	2.08590451443492
10.6874637318659	2.1880062800218
10.6942971485743	2.28833638474914
10.7011305652826	2.38791275144624
10.707963981991	2.48061859109622
10.7147973986993	2.55594246905713
10.7216308154077	2.60157263150551
10.7284642321161	2.60971581171416
10.7352976488244	2.58148993504012
10.7421310655328	2.52677675557604
10.7489644822411	2.45977868447153
10.7557978989495	2.39246379957978
10.7626313156578	2.32909486355267
10.7694647323662	2.26605360911323
10.7762981490745	2.19709061805547
10.7831315657829	2.1162215019479
10.7899649824912	2.02126495966117
10.7967983991996	1.9158063492466
10.803631815908	1.80777335333668
10.8104652326163	1.70635604974079
10.8172986493247	1.61857401444979
10.824132066033	1.54506052888258
10.8309654827414	1.48252594715761
10.8377988994497	1.42385181571573
10.8446323161581	1.35937433627935
10.8514657328664	1.28094926093891
10.8582991495748	1.18581528355543
10.8651325662831	1.07844681760597
10.8719659829915	0.969904673736526
10.8787993996999	0.873998906113607
10.8856328164082	0.801092045222564
10.8924662331166	0.751511731231693
10.8992996498249	0.713373303108125
10.9061330665333	0.669878118617968
10.9129664832416	0.599554495870696
10.91979989995	0.482840021246532
10.9266333166583	0.311397985262878
10.9334667333667	0.0940430086853049
10.940300150075	-0.14440454795323
10.9471335667834	-0.371606844931567
10.9539669834917	-0.55774990920133
10.9608004002001	-0.683360563278757
10.9676338169085	-0.743908982102792
10.9744672336168	-0.75216778487484
10.9813006503252	-0.727944239702901
10.9881340670335	-0.692386575885387
10.9949674837419	-0.664083005537858
11.0018009004502	-0.652678128597247
11.0086343171586	-0.658046271304047
11.0154677338669	-0.663886374125087
11.0223011505753	-0.644005846536522
11.0291345672836	-0.572182131887089
11.035967983992	-0.428890390277439
11.0428014007004	-0.21553181769886
11.0496348174087	0.0442562810723736
11.0564682341171	0.320912224940708
11.0633016508254	0.580812733385467
11.0701350675338	0.793070257400604
11.0769684842421	0.941269000799335
11.0838019009505	1.02165939104962
11.0906353176588	1.05161806064046
11.0974687343672	1.06167836837089
11.1043021510755	1.07864821549861
11.1111355677839	1.10443858245088
11.1179689844922	1.11211602638533
11.1248024012006	1.05934220144411
11.131635817909	0.911239184324412
11.1384692346173	0.662274033097808
11.1453026513257	0.339702556034313
11.152136068034	-0.0138760695184211
11.1589694847424	-0.348680036744986
11.1658029014507	-0.625038855139152
11.1726363181591	-0.818189212001998
11.1794697348674	-0.923534468856677
11.1863031515758	-0.958702030276714
11.1931365682841	-0.949823222493203
11.1999699849925	-0.921421173953314
11.2068034017009	-0.891901979642231
11.2136368184092	-0.872655341514347
11.2204702351176	-0.867020462799299
11.2273036518259	-0.871682533870175
11.2341370685343	-0.881396385316683
11.2409704852426	-0.890832409567445
11.247803901951	-0.895087828400387
11.2546373186593	-0.891580025377118
11.2614707353677	-0.880489390757216
11.268304152076	-0.864257449937894
11.2751375687844	-0.84652710994763
11.2819709854927	-0.830682620657716
11.2888044022011	-0.818574511418626
11.2956378189095	-0.810092042217142
11.3024712356178	-0.804492613427228
11.3093046523262	-0.801259245797312
11.3161380690345	-0.80078228108715
11.3229714857429	-0.803676708902563
11.3298049024512	-0.810659678160684
11.3366383191596	-0.822703666314583
11.3434717358679	-0.840820313885504
11.3503051525763	-0.865388866983032
11.3571385692846	-0.892499067675608
11.363971985993	-0.914592892134283
11.3708054027014	-0.924402388644576
11.3776388194097	-0.919406162466962
11.3844722361181	-0.900518475549915
11.3913056528264	-0.872013245100265
11.3981390695348	-0.842914245260463
11.4049724862431	-0.821267625021999
11.4118059029515	-0.807951168713713
11.4186393196598	-0.794031351817806
11.4254727363682	-0.763399432105279
11.4323061530765	-0.700114473541793
11.4391395697849	-0.597565869149058
11.4459729864932	-0.464599600665016
11.4528064032016	-0.324864644444618
11.45963981991	-0.208699678307185
11.4664732366183	-0.14069500454836
11.4733066533267	-0.133637217194807
11.480140070035	-0.194234033892937
11.4869734867434	-0.303815859894678
11.4938069034517	-0.42177024012538
11.5006403201601	-0.5001518723193
11.5074737368684	-0.499964788029957
11.5143071535768	-0.396021000506532
11.5211405702851	-0.192389428841394
11.5279739869935	0.0665084548536701
11.5348074037019	0.322164746509321
11.5416408204102	0.526745042988101
11.5484742371186	0.653225086601303
11.5553076538269	0.695845266834435
11.5621410705353	0.679415739977281
11.5689744872436	0.645650163101934
11.575807903952	0.632844408769594
11.5826413206603	0.666887318927473
11.5894747373687	0.760004685200889
11.596308154077	0.904159155785096
11.6031415707854	1.07792497986334
11.6099749874937	1.25608537566454
11.6168084042021	1.41680475403951
11.6236418209105	1.54541208694416
11.6304752376188	1.63311698668483
11.6373086543272	1.677019806177
11.6441420710355	1.67964793949323
11.6509754877439	1.6448720812327
11.6578089044522	1.58068769160395
11.6646423211606	1.5003889040905
11.6714757378689	1.42055575309884
11.6783091545773	1.35683830495889
11.6851425712856	1.3190502725562
11.691975987994	1.3065467053278
11.6988094047024	1.30760574555661
11.7056428214107	1.30466249685739
11.7124762381191	1.28201563449494
11.7193096548274	1.23182799772462
11.7261430715358	1.15685786489288
11.7329764882441	1.0658797925529
11.7398099049525	0.968218447582029
11.7466433216608	0.873198576742678
11.7534767383692	0.790144811007856
11.7603101550775	0.728381865588433
11.7671435717859	0.697234402933369
11.7739769884942	0.705855613169327
11.7808104052026	0.752754045810908
11.787643821911	0.816518226818342
11.7944772386193	0.867760853797634
11.8013106553277	0.882611845293796
11.808144072036	0.851694723094419
11.8149774887444	0.781282621110638
11.8218109054527	0.687269547119771
11.8286443221611	0.588543391904222
11.8354777388694	0.498688358093988
11.8423111555778	0.418569673118379
11.8491445722861	0.345993600064368
11.8559779889945	0.27160087755904
11.8628114057029	0.184816625065541
11.8696448224112	0.0793793923533551
11.8764782391196	-0.0406958643154447
11.8833116558279	-0.169448606543765
11.8901450725363	-0.300146970592224
11.8969784892446	-0.422323620497055
11.903811905953	-0.525969079797267
11.9106453226613	-0.60408875747409
11.9174787393697	-0.655194661149538
11.924312156078	-0.68209268843859
11.9311455727864	-0.691633191337567
11.9379789894947	-0.691255602592021
11.9448124062031	-0.688399333015981
11.9516458229115	-0.690281578778835
11.9584792396198	-0.700963346163845
11.9653126563282	-0.720758606688817
11.9721460730365	-0.746732778546761
11.9789794897449	-0.774549753639502
11.9858129064532	-0.800127680865954
11.9926463231616	-0.820891334233463
11.9994797398699	-0.836501843919754
12.0063131565783	-0.848126761531924
12.0131465732866	-0.857358613360597
12.019979989995	-0.864977203501088
12.0268134067034	-0.870019805838562
12.0336468234117	-0.870915077621255
12.0404802401201	-0.866231736255661
12.0473136568284	-0.855983376577634
12.0541470735368	-0.841935973747154
12.0609804902451	-0.828516651508555
12.0678139069535	-0.820724329482782
12.0746473236618	-0.822769277573674
12.0814807403702	-0.833964773125116
12.0883141570785	-0.84848985969818
12.0951475737869	-0.854291319910693
12.1019809904952	-0.837511237154848
12.1088144072036	-0.785983404301931
12.115647823912	-0.697675551838575
12.1224812406203	-0.585415481313601
12.1293146573287	-0.474813290509265
12.136148074037	-0.394841463921247
12.1429814907454	-0.366627615503302
12.1498149074537	-0.395608343354226
12.1566483241621	-0.470348613833955
12.1634817408704	-0.567927870350702
12.1703151575788	-0.662984639741354
12.1771485742871	-0.734296563392594
12.1839819909955	-0.765774930580438
12.1908154077039	-0.742268389301602
12.1976488244122	-0.649115682739446
12.2044822411206	-0.474311691966994
12.2113156578289	-0.209186893857692
12.2181490745373	0.141476401300979
12.2249824912456	0.550496690394515
12.231815907954	0.972345775446724
12.2386493246623	1.35579823725392
12.2454827413707	1.66046913583724
12.252316158079	1.86987636900351
12.2591495747874	1.99410830332954
12.2659829914957	2.0566717363095
12.2728164082041	2.08097067037973
12.2796498249125	2.089856542905
12.2864832416208	2.10032220585351
12.2933166583292	2.11434023813335
12.3001500750375	2.12740766907713
12.3069834917459	2.13061937195241
12.3138169084542	2.12025158335616
12.3206503251626	2.10115118960799
12.3274837418709	2.08112013050527
12.3343171585793	2.06338650340327
12.3411505752876	2.04452063301127
12.347983991996	2.01846094616737
12.3548174087044	1.98563409099531
12.3616508254127	1.95467520494714
12.3684842421211	1.93528980518521
12.3753176588294	1.93481608251508
12.3821510755378	1.94954120552272
12.3889844922461	1.96127971810536
12.3958179089545	1.94751231625296
12.4026513256628	1.87823932372022
12.4094847423712	1.72297430797091
12.4163181590795	1.46048752205818
12.4231515757879	1.09729409743633
12.4299849924962	0.670060581422828
12.4368184092046	0.230437908804821
12.443651825913	-0.174526684018728
12.4504852426213	-0.503797243205804
12.4573186593297	-0.72886434702723
12.464152076038	-0.853615372685232
12.4709854927464	-0.903668739174876
12.4778189094547	-0.906250805852491
12.4846523261631	-0.881450478263877
12.4914857428714	-0.840879187099996
12.4983191595798	-0.79378537418027
12.5051525762881	-0.750054106910891
12.5119859929965	-0.722048278031038
12.5188194097049	-0.721265760316068
12.5256528264132	-0.750340071059866
12.5324862431216	-0.797981654788454
12.5393196598299	-0.846349716019045
12.5461530765383	-0.877038032983319
12.5529864932466	-0.87744452105658
12.559819909955	-0.848598664303043
12.5666533266633	-0.802099637419962
12.5734867433717	-0.750117212068215
12.58032016008	-0.704711893709052
12.5871535767884	-0.675329423529355
12.5939869934967	-0.665574218405096
12.6008204102051	-0.670224666154363
12.6076538269135	-0.677340102626687
12.6144872436218	-0.673569371344415
12.6213206603302	-0.649412156926026
12.6281540770385	-0.603877605076762
12.6349874937469	-0.54468733926212
12.6418209104552	-0.484200447106527
12.6486543271636	-0.433118944602787
12.6554877438719	-0.395515360458463
12.6623211605803	-0.370681416467026
12.6691545772886	-0.356199938018352
12.675987993997	-0.346210351589704
12.6828214107054	-0.334270339372672
12.6896548274137	-0.313934743135193
12.6964882441221	-0.280462186274985
12.7033216608304	-0.231937068500459
12.7101550775388	-0.16682212029193
12.7169884942471	-0.0850291428783837
12.7238219109555	0.0125214960343049
12.7306553276638	0.124390178076923
12.7374887443722	0.247032409673976
12.7443221610805	0.376342434377802
12.7511555777889	0.507817350690556
12.7579889944972	0.636305929969254
12.7648224112056	0.756826819780633
12.771655827914	0.867392587267013
12.7784892446223	0.968114800351014
12.7853226613307	1.05914826365282
12.792156078039	1.14064785497378
12.7989894947474	1.21276651196812
12.8058229114557	1.27548821702296
12.8126563281641	1.32849621381448
12.8194897448724	1.37125832283319
12.8263231615808	1.4004443057896
12.8331565782891	1.4105522225266
12.8399899949975	1.39511090500836
12.8468234117059	1.34508659178257
12.8536568284142	1.25127836548096
12.8604902451226	1.10691526219637
12.8673236618309	0.910401591505682
12.8741570785393	0.668406113412583
12.8809904952476	0.395967242899223
12.887823911956	0.115152600556937
12.8946573286643	-0.148101685450815
12.9014907453727	-0.370042414624906
12.908324162081	-0.533433411617335
12.9151575787894	-0.632291340107794
12.9219909954977	-0.674687842648822
12.9288244122061	-0.682078783378841
12.9356578289145	-0.677818193012188
12.9424912456228	-0.680872754047328
12.9493246623312	-0.699632783595356
12.9561580790395	-0.72989679395112
12.9629914957479	-0.758608721338169
12.9698249124562	-0.770817787008523
12.9766583291646	-0.751768110026467
12.9834917458729	-0.689495184100674
12.9903251625813	-0.576420119911331
12.9971585792896	-0.410543257643933
13.003991995998	-0.196808839220985
13.0108254127064	0.0522887645465396
13.0176588294147	0.318470827506435
13.0244922461231	0.582067382881629
13.0313256628314	0.824948692735806
13.0381590795398	1.0338216105956
13.0449924962481	1.20826083648464
13.0518259129565	1.35887638763626
13.0586593296648	1.49997636514144
13.0654927463732	1.64032665424142
13.0723261630815	1.78125706631974
13.0791595797899	1.9145982575644
13.0859929964983	2.02660899797183
13.0928264132066	2.10164451359957
13.099659829915	2.13122930625652
13.1064932466233	2.12187148578663
13.1133266633317	2.09297287654324
13.12016008004	2.06807933953672
13.1269934967484	2.0643441604176
13.1338269134567	2.0858175521109
13.1406603301651	2.12434779204404
13.1474937468734	2.165965284243
13.1543271635818	2.1967786831453
13.1611605802901	2.2094026264048
13.1679939969985	2.20391250861806
13.1748274137069	2.18264223200078
13.1816608304152	2.14446890928321
13.1884942471236	2.0851184220134
13.1953276638319	1.99658760545447
13.2021610805403	1.8699543057546
13.2089944972486	1.70182090766431
13.215827913957	1.49411199737728
13.2226613306653	1.2560495127164
13.2294947473737	1.00367533064777
13.236328164082	0.754283140746166
13.2431615807904	0.52029637864921
13.2499949974987	0.305672607745746
13.2568284142071	0.109841619774969
13.2636618309155	-0.0680144876009208
13.2704952476238	-0.229644674404398
13.2773286643322	-0.37724906392928
13.2841620810405	-0.512183326159233
13.2909954977489	-0.632165274978781
13.2978289144572	-0.733936623370664
13.3046623311656	-0.814238934488476
13.3114957478739	-0.869813932354454
13.3183291645823	-0.897403084273308
13.3251625812906	-0.893886439003898
13.331995997999	-0.860001599201393
13.3388294147074	-0.800761380765223
13.3456628314157	-0.721340141166668
13.3524962481241	-0.626163991786301
13.3593296648324	-0.519155578159766
13.3661630815408	-0.403419008451769
13.3729964982491	-0.276686893953462
13.3798299149575	-0.134503951831437
13.3866633316658	0.0280007110339419
13.3934967483742	0.217162012853132
13.4003301650825	0.439007793936836
13.4071635817909	0.695389687774431
13.4139969984993	0.983648662964343
13.4208304152076	1.29461739951308
13.427663831916	1.61596510680722
13.4344972486243	1.92946602019998
13.4413306653327	2.21461494927464
13.448164082041	2.45399455599847
13.4549974987494	2.63827292367971
13.4618309154577	2.77006874090917
13.4686643321661	2.85923564835529
13.4754977488744	2.9201863697912
13.4823311655828	2.9660466833627
13.4891645822911	3.00308540348142
13.4959979989995	3.03133568611591
13.5028314157079	3.0481898324755
13.5096648324162	3.05093035965797
13.5164982491246	3.04014176825972
13.5233316658329	3.01992062175403
13.5301650825413	2.99506019501089
13.5369984992496	2.96840436525495
13.543831915958	2.94213540030825
13.5506653326663	2.91816012682387
13.5574987493747	2.89700203908129
13.564332166083	2.87939414240755
13.5711655827914	2.86829264049204
13.5779989994997	2.86918349794964
13.5848324162081	2.88804635423762
13.5916658329165	2.92709274096085
13.5984992496248	2.97707698181339
13.6053326663332	3.00696581841136
13.6121660830415	2.96649783764945
13.6189994997499	2.79784804407988
13.6258329164582	2.45269372283691
13.6326663331666	1.90951451857367
13.6394997498749	1.18363501859948
13.6463331665833	0.32288567567781
13.6531665832916	-0.615195416630079
13.66	-1.58229779538483
13.67	0
14.0369696969697	0
14.4039393939394	0
14.7709090909091	0
15.1378787878788	0
15.5048484848485	0
15.8718181818182	0
16.2387878787879	0
16.6057575757576	0
16.9727272727273	0
17.339696969697	0
17.7066666666667	0
18.0736363636364	0
18.4406060606061	0
18.8075757575758	0
19.1745454545455	0
19.5415151515151	0
19.9084848484849	0
20.2754545454545	0
20.6424242424242	0
21.0093939393939	0
21.3763636363636	0
21.7433333333333	0
22.110303030303	0
22.4772727272727	0
22.8442424242424	0
23.2112121212121	0
23.5781818181818	0
23.9451515151515	0
24.3121212121212	0
24.6790909090909	0
25.0460606060606	0
25.4130303030303	0
25.78	0
26.1469696969697	0
26.5139393939394	0
26.8809090909091	0
27.2478787878788	0
27.6148484848485	0
27.9818181818182	0
28.3487878787879	0
28.7157575757576	0
29.0827272727273	0
29.449696969697	0
29.8166666666667	0
30.1836363636364	0
30.5506060606061	0
30.9175757575758	0
31.2845454545455	0
31.6515151515151	0
32.0184848484849	0
32.3854545454545	0
32.7524242424242	0
33.1193939393939	0
33.4863636363636	0
33.8533333333333	0
34.220303030303	0
34.5872727272727	0
34.9542424242424	0
35.3212121212121	0
35.6881818181818	0
36.0551515151515	0
36.4221212121212	0
36.7890909090909	0
37.1560606060606	0
37.5230303030303	0
37.89	0
38.2569696969697	0
38.6239393939394	0
38.9909090909091	0
39.3578787878788	0
39.7248484848485	0
40.0918181818182	0
40.4587878787879	0
40.8257575757576	0
41.1927272727273	0
41.559696969697	0
41.9266666666667	0
42.2936363636364	0
42.6606060606061	0
43.0275757575758	0
43.3945454545455	0
43.7615151515151	0
44.1284848484848	0
44.4954545454545	0
44.8624242424242	0
45.2293939393939	0
45.5963636363636	0
45.9633333333333	0
46.330303030303	0
46.6972727272727	0
47.0642424242424	0
47.4312121212121	0
47.7981818181818	0
48.1651515151515	0
48.5321212121212	0
48.8990909090909	0
49.2660606060606	0
49.6330303030303	0
50	0
