time	TICabschange
0	0.967855066599614
0.00683341670835418	0.967792942526122
0.0136668334167084	0.967942549836289
0.0205002501250625	0.920202979444914
0.0273336668334167	0.599525306499935
0.0341670835417709	-0.0533099840237082
0.0410005002501251	-0.760605619741207
0.0478339169584792	0.207605914850004
0.0546673336668334	1.17596521731304
0.0615007503751876	1.89841574782876
0.0683341670835418	2.33948174159847
0.075167583791896	2.42251682836974
0.0820010005002501	2.16307419959226
0.0888344172086043	1.57247604537642
0.0956678339169585	0.782677220310958
0.102501250625313	0.014887775972591
0.109334667333667	-0.524962472015225
0.116168084042021	-0.804294620746078
0.123001500750375	-0.82030998717824
0.129834917458729	-0.64649171339837
0.136668334167084	-0.512871929424935
0.143501750875438	-0.538809423555978
0.150335167583792	-0.715883715857473
0.157168584292146	-0.751607324189536
0.1640020010005	-0.613358937137229
0.170835417708854	-0.71433834601319
0.177668834417209	-0.776313209851569
0.184502251125563	-0.630952675730024
0.191335667833917	-0.675428368274548
0.198169084542271	-0.834028715757684
0.205002501250625	-0.75176569210288
0.211835917958979	-0.707650716812398
0.218669334667334	-0.765570696311922
0.225502751375688	-0.843210167293553
0.232336168084042	-0.762526791609695
0.239169584792396	-0.748270322814307
0.24600300150075	-0.812297421137373
0.252836418209105	-0.791540397006113
0.259669834917459	-0.718929109029458
0.266503251625813	-0.739279875903663
0.273336668334167	-0.830389038813806
0.280170085042521	-0.803773180225318
0.287003501750875	-0.781385481272236
0.29383691845923	-0.812290615742407
0.300670335167584	-0.840090180418291
0.307503751875938	-0.773226043075858
0.314337168584292	-0.761304886002299
0.321170585292646	-0.805342587758503
0.328004002001	-0.82737908863877
0.334837418709355	-0.756028216216684
0.341670835417709	-0.76249435057963
0.348504252126063	-0.845956518841395
0.355337668834417	-0.76338024738461
0.362171085542771	-0.695204716520596
0.369004502251126	-0.69546827606997
0.37583791895948	-0.765276632353116
0.382671335667834	-0.856001894763426
0.389504752376188	-0.809874823031555
0.396338169084542	-0.821776762892117
0.403171585792896	-0.848491380644081
0.410005002501251	-0.838221477621032
0.416838419209605	-0.828617100454918
0.423671835917959	-0.768914780871263
0.430505252626313	-0.732910786109974
0.437338669334667	-0.789817794906737
0.444172086043022	-0.785298245289171
0.451005502751376	-0.641442254350104
0.45783891945973	-0.594494620415024
0.464672336168084	-0.683717798764674
0.471505752876438	-0.857435100727595
0.478339169584792	-0.662942538024879
0.485172586293147	-0.562724501042283
0.492006003001501	-0.600812642377352
0.498839419709855	-0.72121888923709
0.505672836418209	-0.833891892456166
0.512506253126563	-0.806654883875267
0.519339669834918	-0.783129328094104
0.526173086543272	-0.784362172563813
0.533006503251626	-0.772800564654116
0.53983991995998	-0.742905034339865
0.546673336668334	-0.712311559385164
0.553506753376688	-0.701913362855829
0.560340170085043	-0.738534313110533
0.567173586793397	-0.824000403524164
0.574007003501751	-0.788397600685627
0.580840420210105	-0.694616585236728
0.587673836918459	-0.659366258476704
0.594507253626813	-0.700803248791569
0.601340670335168	-0.799515799747814
0.608174087043522	-0.793306160923145
0.615007503751876	-0.714017695964751
0.62184092046023	-0.71632253430523
0.628674337168584	-0.797374028318718
0.635507753876939	-0.817438017710704
0.642341170585293	-0.760887976453608
0.649174587293647	-0.774214022122571
0.656008004002001	-0.834567876825586
0.662841420710355	-0.805136967150591
0.669674837418709	-0.740785165223685
0.676508254127064	-0.707186465436584
0.683341670835418	-0.717972037171801
0.690175087543772	-0.769262314703286
0.697008504252126	-0.845234533145788
0.70384192096048	-0.790674046428881
0.710675337668834	-0.725449591857946
0.717508754377189	-0.70356378412434
0.724342171085543	-0.735069133413452
0.731175587793897	-0.801160140829584
0.738009004502251	-0.839010851772503
0.744842421210605	-0.804114499074076
0.75167583791896	-0.826772792901292
0.758509254627314	-0.819707704893831
0.765342671335668	-0.787543768182968
0.772176088044022	-0.794064555876993
0.779009504752376	-0.420907226882216
0.78584292146073	0.204977989146742
0.792676338169085	0.964311267744759
0.799509754877439	1.75327195539424
0.806343171585793	2.241251847232
0.813176588294147	2.18242165588853
0.820010005002501	1.43696749997556
0.826843421710855	0.216267381257765
0.83367683841921	-0.691138633239708
0.840510255127564	0.43774435775984
0.847343671835918	1.26536693563433
0.854177088544272	1.59443091474055
0.861010505252626	1.32935669297856
0.867843921960981	0.628960882827657
0.874677338669335	-0.184286384015869
0.881510755377689	-0.785022532976975
0.888344172086043	-0.718852399855003
0.895177588794397	-0.855936362430814
0.902011005502751	-0.563605272652181
0.908844422211106	-0.360350125804958
0.91567783891946	-0.324096315470804
0.922511255627814	-0.494456544402387
0.929344672336168	-0.821885011672327
0.936178089044522	-0.51275133966439
0.943011505752877	-0.176388579578789
0.949844922461231	0.0635835558751314
0.956678339169585	0.212662976656388
0.963511755877939	0.308690641669705
0.970345172586293	0.375555331809608
0.977178589294647	0.397142684379083
0.984012006003002	0.329612598788003
0.990845422711356	0.1549838220504
0.99767883941971	-0.127616473230251
1.00451225612806	-0.511552084117402
1.01134567283642	-0.788143137047613
1.01817908954477	-0.446995382692761
1.02501250625313	-0.251221084630881
1.03184592296148	-0.210058118817666
1.03867933966984	-0.265111496854111
1.04551275637819	-0.343962590414944
1.05234617308654	-0.409728444320055
1.0591795897949	-0.468986752203993
1.06601300650325	-0.563494963139012
1.07284642321161	-0.721224845604223
1.07967983991996	-0.796682169280287
1.08651325662831	-0.58242078966651
1.09334667333667	-0.382657634145026
1.10018009004502	-0.30470953430115
1.10701350675338	-0.401796938702996
1.11384692346173	-0.681280483249468
1.12068034017009	-0.645606693722128
1.12751375687844	-0.235911572511849
1.13434717358679	0.0819226479678645
1.14118059029515	0.188551984936398
1.1480140070035	0.0596271428118473
1.15484742371186	-0.280545986719117
1.16168084042021	-0.705403187631143
1.16851425712856	-0.628763525591368
1.17534767383692	-0.345550209529296
1.18218109054527	-0.128081086697921
1.18901450725363	0.108703236397272
1.19584792396198	0.438483581018302
1.20268134067034	0.885790826544237
1.20951475737869	1.3767735157061
1.21634817408704	1.71429719160689
1.2231815907954	1.77739344850986
1.23001500750375	1.49897970362191
1.23684842421211	0.830432855198805
1.24368184092046	-0.121871245019851
1.25051525762881	-0.43342507284306
1.25734867433717	0.685869335454721
1.26418209104552	1.66629644394955
1.27101550775388	2.32798391439837
1.27784892446223	2.54453712002413
1.28468234117059	2.3393251592634
1.29151575787894	1.85788648096425
1.29834917458729	1.27585674257426
1.30518259129565	0.737537870326897
1.312016008004	0.309419264886649
1.31884942471236	0.00161986419511219
1.32568284142071	-0.206667964875261
1.33251625812906	-0.387577920509244
1.33934967483742	-0.579066831005672
1.34618309154577	-0.768611096597248
1.35301650825413	-0.803904031645662
1.35984992496248	-0.7405921649952
1.36668334167084	-0.753091207645946
1.37351675837919	-0.815727725270863
1.38035017508754	-0.821857640513689
1.3871835917959	-0.768479370097191
1.39401700850425	-0.751066145710902
1.40085042521261	-0.754280761063114
1.40768384192096	-0.76696296833323
1.41451725862931	-0.789006384963055
1.42135067533767	-0.815193333599619
1.42818409204602	-0.837708255443817
1.43501750875438	-0.854245135576176
1.44185092546273	-0.856037196524061
1.44868434217109	-0.848571756108354
1.45551775887944	-0.812482017585618
1.46235117558779	-0.759421384859195
1.46918459229615	-0.719512871061832
1.4760180090045	-0.717922553967979
1.48285142571286	-0.766371338779534
1.48968484242121	-0.857506137617493
1.49651825912956	-0.749634146329298
1.50335167583792	-0.679705603650667
1.51018509254627	-0.688798162513895
1.51701850925463	-0.754243110388895
1.52385192596298	-0.826895051006653
1.53068534267134	-0.85121715632949
1.53751875937969	-0.845621928402836
1.54435217608804	-0.787595008864161
1.5511855927964	-0.750732779564331
1.55801900950475	-0.790971580263895
1.56485242621311	-0.808188612334637
1.57168584292146	-0.694000449792089
1.57851925962982	-0.658391579207315
1.58535267633817	-0.721291302339489
1.59218609304652	-0.835706891937803
1.59901950975488	-0.789762568141586
1.60585292646323	-0.768744242924751
1.61268634317159	-0.815625264691439
1.61951975987994	-0.826211543205626
1.62635317658829	-0.80786055081913
1.63318659329665	-0.839545261153172
1.640020010005	-0.734707325785792
1.64685342671336	-0.659085812918492
1.65368684342171	-0.62680738170879
1.66052026013007	-0.671276984992322
1.66735367683842	-0.785777912645282
1.67418709354677	-0.786771675062938
1.68102051025513	-0.698853594022429
1.68785392696348	-0.701986330365646
1.69468734367184	-0.763318071792795
1.70152076038019	-0.833147485459072
1.70835417708854	-0.847307081803241
1.7151875937969	-0.847714388599788
1.72202101050525	-0.854392278495607
1.72885442721361	-0.849288883421107
1.73568784392196	-0.832565364256045
1.74252126063032	-0.818556246642785
1.74935467733867	-0.824515065287272
1.75618809404702	-0.84436543702242
1.76302151075538	-0.856267427523153
1.76985492746373	-0.849829452607745
1.77668834417209	-0.835447202848876
1.78352176088044	-0.837970917959647
1.79035517758879	-0.841394217796459
1.79718859429715	-0.779516693879547
1.8040220110055	-0.719738649092154
1.81085542771386	-0.716148319531061
1.81768884442221	-0.782716397896863
1.82452226113057	-0.824637697046841
1.83135567783892	-0.734215336622358
1.83818909454727	-0.715654445558037
1.84502251125563	-0.779672987741275
1.85185592796398	-0.838798782885279
1.85868934467234	-0.779747008156839
1.86552276138069	-0.783697194967224
1.87235617808904	-0.847775311798711
1.8791895947974	-0.777263223845199
1.88602301150575	-0.718052675496614
1.89285642821411	-0.754599122205108
1.89968984492246	-0.846252019897995
1.90652326163082	-0.730352504399197
1.91335667833917	-0.704165783789761
1.92019009504752	-0.799833586577583
1.92702351175588	-0.717771456870825
1.93385692846423	-0.507167243354687
1.94069034517259	-0.4172592369006
1.94752376188094	-0.443327873998865
1.95435717858929	-0.438768413779692
1.96119059529765	-0.25466925537767
1.968024012006	0.222079116843602
1.97485742871436	0.9960554785231
1.98169084542271	1.86838653229363
1.98852426213107	2.51659557523813
1.99535767883942	2.5495815343747
2.00219109554777	1.74009847787548
2.00902451225613	0.205756915030849
2.01585792896448	-0.141358409351059
2.02269134567284	1.35488437947896
2.02952476238119	2.05307858581454
2.03635817908954	1.95234078441302
2.0431915957979	1.31001210838978
2.05002501250625	0.456304881170668
2.05685842921461	-0.390118074356131
2.06369184592296	-0.661427445733772
2.07052526263132	-0.193863970775361
2.07735867933967	0.158887282033655
2.08419209604802	0.4566868876403
2.09102551275638	0.78862536719808
2.09785892946473	1.14715316008884
2.10469234617309	1.52372663255688
2.11152576288144	1.81518928497344
2.11835917958979	1.7892497088874
2.12519259629815	1.32726029821597
2.1320260130065	0.488150234274047
2.13885942971486	-0.522155187316057
2.14569284642321	-0.0954081394328292
2.15252626313157	1.02735430768265
2.15935967983992	1.97618759953462
2.16619309654827	2.60644533847066
2.17302651325663	2.85503350702494
2.17985992996498	2.74146898389291
2.18669334667334	2.32002540395894
2.19352676338169	1.67545140482177
2.20036018009005	0.897980541908185
2.2071935967984	0.10413410902805
2.21402701350675	-0.527667791998837
2.22086043021511	-0.772148782041897
2.22769384692346	-0.576337723021398
2.23452726363182	-0.561812161725727
2.24136068034017	-0.644335608166498
2.24819409704852	-0.742311152615801
2.25502751375688	-0.816219221204888
2.26186093046523	-0.855068197735327
2.26869434717359	-0.836924861808694
2.27552776388194	-0.808049603895117
2.2823611805903	-0.762714156143342
2.28919459729865	-0.725383336951569
2.296028014007	-0.721232575987279
2.30286143071536	-0.746133335271396
2.30969484742371	-0.772526893901866
2.31652826413207	-0.788876353591488
2.32336168084042	-0.825406749561244
2.33019509754877	-0.776799182494371
2.33702851425713	-0.511693748385067
2.34386193096548	-0.0057319625094654
2.35069534767384	0.722752410502749
2.35752876438219	1.5554123682812
2.36436218109055	2.22146330977977
2.3711955977989	2.45421675914862
2.37802901450725	2.08463368160709
2.38486243121561	1.13954201780319
2.39169584792396	-0.307412820335477
2.39852926463232	0.286197318004681
2.40536268134067	1.81816046146261
2.41219609804902	2.71590795610901
2.41902951475738	2.78642257563198
2.42586293146573	2.12322903577033
2.43269634817409	1.07493577960737
2.43952976488244	0.0972587220273144
2.4463631815908	-0.553939096914713
2.45319659829915	-0.841292823441439
2.4600300150075	-0.720788867982228
2.46686343171586	-0.67468341931054
2.47369684842421	-0.671287310757308
2.48053026513257	-0.695817005361284
2.48736368184092	-0.76059642211043
2.49419709854927	-0.851194337078222
2.50103051525763	-0.778303129118075
2.50786393196598	-0.731400449896867
2.51469734867434	-0.749098579981724
2.52153076538269	-0.820488456897621
2.52836418209105	-0.822522753638597
2.5351975987994	-0.797226058618003
2.54203101550775	-0.834108728691024
2.54886443221611	-0.80973293102948
2.55569784892446	-0.74402911147987
2.56253126563282	-0.742529934691901
2.56936468234117	-0.82022874483035
2.57619809904952	-0.785676603910203
2.58303151575788	-0.708943565493654
2.58986493246623	-0.704558162566501
2.59669834917459	-0.790160993149808
2.60353176588294	-0.793257697840681
2.6103651825913	-0.686874901665185
2.61719859929965	-0.653345746785611
2.624032016008	-0.689651997943732
2.63086543271636	-0.773943773240817
2.63769884942471	-0.82265542898324
2.64453226613307	-0.731611921493523
2.65136568284142	-0.712124984018571
2.65819909954977	-0.75278734393595
2.66503251625813	-0.809772370501869
2.67186593296648	-0.841377843604608
2.67869934967484	-0.838606721548977
2.68553276638319	-0.814292895454978
2.69236618309155	-0.793523651967608
2.6991995997999	-0.79471104937219
2.70603301650825	-0.815879999239731
2.71286643321661	-0.834460926394956
2.71969984992496	-0.830418392403404
2.72653326663332	-0.814006823129819
2.73336668334167	-0.803867112912176
2.74020010005003	-0.822788708497318
2.74703351675838	-0.838116922938825
2.75386693346673	-0.776005861775837
2.76070035017509	-0.726526559003287
2.76753376688344	-0.717837588982106
2.7743671835918	-0.767704643249206
2.78120060030015	-0.851543409727456
2.7880340170085	-0.755461941142688
2.79486743371686	-0.717823649762857
2.80170085042521	-0.739476236531916
2.80853426713357	-0.766768074367263
2.81536768384192	-0.751219706613357
2.82220110055028	-0.681003040829012
2.82903451725863	-0.509204835365732
2.83586793396698	-0.23271944666436
2.84270135067534	0.123002265036262
2.84953476738369	0.539513738224199
2.85636818409205	0.939893791027324
2.8632016008004	1.29098111232644
2.87003501750875	1.4661911763142
2.87686843421711	1.35162231984841
2.88370185092546	0.8870089666305
2.89053526763382	0.0892188318090095
2.89736868434217	-0.783429073704436
2.90420210105053	0.269552381261314
2.91103551775888	1.12589941442629
2.91786893446723	1.59792566405293
2.92470235117559	1.65240939768772
2.93153576788394	1.3238543189275
2.9383691845923	0.772860615458241
2.94520260130065	0.225635024846334
2.952036018009	-0.254551169817475
2.95886943471736	-0.587964346763238
2.96570285142571	-0.769102668198811
2.97253626813407	-0.822225226536091
2.97936968484242	-0.809665749817783
2.98620310155078	-0.82308821217643
2.99303651825913	-0.835627342669379
2.99986993496748	-0.785562146659697
3.00670335167584	-0.788263719490214
3.01353676838419	-0.844347414975996
3.02037018509255	-0.832004549831672
3.0272036018009	-0.827077705931242
3.03403701850925	-0.82326268051735
3.04087043521761	-0.646071614909333
3.04770385192596	-0.397146983913296
3.05453726863432	-0.136079735912446
3.06137068534267	0.00623275842957755
3.06820410205103	-0.00596128403450802
3.07503751875938	-0.110396139888725
3.08187093546773	-0.178104152573658
3.08870435217609	-0.101565658764442
3.09553776888444	0.135325018788042
3.1023711855928	0.452237517176445
3.10920460230115	0.722867515171738
3.1160380190095	0.848870698405277
3.12287143571786	0.796354342648051
3.12970485242621	0.570211232773061
3.13653826913457	0.176510395511264
3.14337168584292	-0.374869133369748
3.15020510255128	-0.658572858578019
3.15703851925963	0.0610190626205225
3.16387193596798	0.681182870638694
3.17070535267634	1.09875905004994
3.17753876938469	1.23306421229083
3.18437218609305	1.06295311821698
3.1912056028014	0.607528463787347
3.19803901950976	-0.0835449960169387
3.20487243621811	-0.808931541619351
3.21170585292646	0.0239060284350133
3.21853926963482	0.772121730874216
3.22537268634317	1.34067554091086
3.23220610305153	1.65531648077156
3.23903951975988	1.67332920684317
3.24587293646823	1.42963481005978
3.25270635317659	1.01932291191391
3.25953976988494	0.564926907320595
3.2663731865933	0.155171515598797
3.27320660330165	-0.188206157964298
3.28004002001001	-0.519906657552353
3.28687343671836	-0.785930529386635
3.29370685342671	-0.265102251876237
3.30054027013507	0.339318672979291
3.30737368684342	0.991519272387412
3.31420710355178	1.6484573166276
3.32104052026013	2.12005815288902
3.32787393696848	2.25753733082293
3.33470735367684	2.02840658786687
3.34154077038519	1.52825510406511
3.34837418709355	0.935042226667858
3.3552076038019	0.368863501450491
3.36204102051026	-0.0920313561786235
3.36887443721861	-0.420306646385626
3.37570785392696	-0.61830204611897
3.38254127063532	-0.719390385148883
3.38937468734367	-0.747369382805084
3.39620810405203	-0.746616295921732
3.40304152076038	-0.732145988321244
3.40987493746873	-0.720542417346257
3.41670835417709	-0.713762445867322
3.42354177088544	-0.719047997880338
3.4303751875938	-0.740197877771911
3.43720860430215	-0.77558491367353
3.44404202101051	-0.816317552634553
3.45087543771886	-0.848672507508836
3.45770885442721	-0.854276631201089
3.46454227113557	-0.852198113955536
3.47137568784392	-0.82801105191758
3.47820910455228	-0.796884841122766
3.48504252126063	-0.775474432115503
3.49187593796898	-0.77302524301703
3.49870935467734	-0.785859202120728
3.50554277138569	-0.812575551225004
3.51237618809405	-0.84139416430229
3.5192096048024	-0.854896741386874
3.52604302151076	-0.838697473198868
3.53287643821911	-0.820496732687024
3.53970985492746	-0.795831546061858
3.54654327163582	-0.755570708472392
3.55337668834417	-0.699917329008245
3.56021010505253	-0.640979875855633
3.56704352176088	-0.6287280018775
3.57387693846923	-0.68736979158834
3.58071035517759	-0.803270705692546
3.58754377188594	-0.765707478193879
3.5943771885943	-0.663417595369147
3.60121060530265	-0.656848155716531
3.60804402201101	-0.74034155008334
3.61487743871936	-0.855229676360199
3.62171085542771	-0.764287543320695
3.62854427213607	-0.719109869338411
3.63537768884442	-0.743099950113305
3.64221110555278	-0.808586752528489
3.64904452226113	-0.848538199677302
3.65587793896948	-0.811695901529062
3.66271135567784	-0.794065160485505
3.66954477238619	-0.78416647530716
3.67637818909455	-0.764848409922007
3.6832116058029	-0.734549349675156
3.69004502251126	-0.719476637946497
3.69687843921961	-0.752127533319902
3.70371185592796	-0.841828755027586
3.71054527263632	-0.758767326805548
3.71737868934467	-0.649670073754595
3.72421210605303	-0.598211738181374
3.73104552276138	-0.64236719033595
3.73787893946974	-0.760184035197333
3.74471235617809	-0.834956599850348
3.75154577288644	-0.776223976675005
3.7583791895948	-0.782758600990708
3.76521260630315	-0.854585724972301
3.77204602301151	-0.724312942417405
3.77887943971986	-0.55938737914052
3.78571285642821	-0.431572866593672
3.79254627313657	-0.342038748741039
3.79937968984492	-0.291351785836287
3.80621310655328	-0.294829257044403
3.81304652326163	-0.341601875622268
3.81987993996999	-0.393509416513062
3.82671335667834	-0.395860859910087
3.83354677338669	-0.31277311570372
3.84038019009505	-0.159801439516058
3.8472136068034	-0.0012451028052312
3.85404702351176	0.10169370438925
3.86088044022011	0.149022051420584
3.86771385692846	0.116513458659077
3.87454727363682	-0.0882530524991705
3.88138069034517	-0.47439510736282
3.88821410705353	-0.681901271003665
3.89504752376188	-0.0585409426396049
3.90188094047024	0.477935038515322
3.90871435717859	0.79327433728527
3.91554777388694	0.789900198516396
3.9223811905953	0.426445025246748
3.92921460730365	-0.260526190608957
3.93604802401201	-0.542115259638276
3.94288144072036	0.434611728039063
3.94971485742871	1.26448588338129
3.95654827413707	1.75743649377804
3.96338169084542	1.75775233549836
3.97021510755378	1.15915617919377
3.97704852426213	0.142441444951707
3.98388194097049	-0.841969709454708
3.99071535767884	-0.222624044400721
3.99754877438719	-0.141863619258024
4.00438219109555	-0.489117906049585
4.0112156078039	-0.801890197704888
4.01804902451226	-0.607464683393191
4.02488244122061	-0.78457562907953
4.03171585792896	-0.352764866939976
4.03854927463732	0.484362718767005
4.04538269134567	1.1605815187343
4.05221610805403	1.34510949597985
4.05904952476238	0.953329292937215
4.06588294147074	0.0637246467819037
4.07271635817909	-0.616893124604767
4.07954977488744	0.78158126763872
4.0863831915958	2.06543919184989
4.09321660830415	2.83843370018702
4.10005002501251	2.99913599558118
4.10688344172086	2.75094079167821
4.11371685842921	2.27346825177004
4.12055027513757	1.69251880060329
4.12738369184592	1.11326689409155
4.13421710855428	0.603295259161522
4.14105052526263	0.158133959146617
4.14788394197099	-0.246166773932269
4.15471735867934	-0.6140944854707
4.16155077538769	-0.779943247965841
4.16838419209605	-0.51328393931757
4.1752176088044	-0.298671458447373
4.18205102551276	-0.123352199249737
4.18888444222111	0.0327039475636206
4.19571785892946	0.198153296176801
4.20255127563782	0.382541449544355
4.20938469234617	0.6001628513208
4.21621810905453	0.859387689310839
4.22305152576288	1.17249649843883
4.22988494247124	1.53400778779659
4.23671835917959	1.91599923251878
4.24355177588794	2.25393241974666
4.2503851925963	2.46000982914806
4.25721860930465	2.39020412349732
4.26405202601301	1.9868180098599
4.27088544272136	1.28621607489476
4.27771885942972	0.478667661720319
4.28455227613807	-0.225597314773135
4.29138569284642	-0.697665773933417
4.29821910955478	-0.780254610226435
4.30505252626313	-0.73154100220298
4.31188594297149	-0.789878049684678
4.31871935967984	-0.839428786052857
4.32555277638819	-0.854585390908169
4.33238619309655	-0.847885147694561
4.3392196098049	-0.855931365885183
4.34605302651326	-0.81599467200368
4.35288644322161	-0.774220447789436
4.35971985992996	-0.768431351433451
4.36655327663832	-0.823446180005827
4.37338669334667	-0.781005605714644
4.38022011005503	-0.642023713498761
4.38705352676338	-0.525710442045951
4.39388694347174	-0.474073637046066
4.40072036018009	-0.513521535095248
4.40755377688844	-0.63329493869344
4.4143871935968	-0.786702062244892
4.42122061030515	-0.757542864308606
4.42805402701351	-0.607686068315522
4.43488744372186	-0.52021928398773
4.44172086043022	-0.505895100941622
4.44855427713857	-0.552474220719494
4.45538769384692	-0.638264374270528
4.46222111055528	-0.750084158157452
4.46905452726363	-0.832990225116514
4.47588794397199	-0.694760322677856
4.48272136068034	-0.576335981277607
4.48955477738869	-0.512827451548277
4.49638819409705	-0.518475212504989
4.5032216108054	-0.593307027035909
4.51005502751376	-0.733338191273126
4.51688844422211	-0.805503875385043
4.52372186093047	-0.641944486732118
4.53055527763882	-0.541536631509337
4.53738869434717	-0.527922819850315
4.54422211105553	-0.583960029781572
4.55105552776388	-0.664786162887532
4.55788894447224	-0.767216846974822
4.56472236118059	-0.824769131707301
4.57155577788894	-0.699308375174061
4.5783891945973	-0.641176658399934
4.58522261130565	-0.667646804470865
4.59205602801401	-0.748102953317898
4.59888944472236	-0.84940095648554
4.60572286143072	-0.765201564703212
4.61255627813907	-0.75740059784735
4.61938969484742	-0.800947327048866
4.62622311155578	-0.844487390445193
4.63305652826413	-0.8533397663815
4.63988994497249	-0.834357769110697
4.64672336168084	-0.773676843961296
4.65355677838919	-0.669661868375034
4.66039019509755	-0.561195513695718
4.6672236118059	-0.523211011641273
4.67405702851426	-0.611438815466848
4.68089044522261	-0.788717953113294
4.68772386193097	-0.752143919769309
4.69455727863932	-0.589230704378362
4.70139069534767	-0.580612840694366
4.70822411205603	-0.802881270119602
4.71505752876438	-0.19820265137592
4.72189094547274	0.374047071477604
4.72872436218109	0.632013123363017
4.73555777888944	0.44272505104205
4.7423911955978	-0.145589604835427
4.74922461230615	-0.814835083919618
4.75605802901451	-0.456251829467481
4.76289144572286	-0.511298909022922
4.76972486243122	-0.647297685670772
4.77655827913957	0.127664932777378
4.78339169584792	0.645016097366185
4.79022511255628	0.621051062509894
4.79705852926463	0.167625224319825
4.80389194597299	-0.25679933906268
4.81072536268134	-0.385821283604834
4.8175587793897	-0.203682526043036
4.82439219609805	0.383536978330683
4.8312256128064	1.20580272716394
4.83805902951476	1.86851135815568
4.84489244622311	2.13821591193393
4.85172586293147	1.81344987267913
4.85855927963982	0.983329401753579
4.86539269634817	-0.00615939357813752
4.87222611305653	-0.830721197097171
4.87905952976488	-0.270497423759405
4.88589294647324	-0.110041359572676
4.89272636318159	-0.232079421463051
4.89955977988994	-0.449935846979486
4.9063931965983	-0.681826303829129
4.91322661330665	-0.840933896558924
4.92006003001501	-0.827794427134707
4.92689344672336	-0.816158948022319
4.93372686343172	-0.637518022566472
4.94056028014007	-0.395890762711364
4.94739369684843	-0.178744190691137
4.95422711355678	-0.100413642117698
4.96106053026513	-0.246748097003762
4.96789394697349	-0.606281474523482
4.97472736368184	-0.637291155443173
4.9815607803902	-0.0638530196374236
4.98839419709855	0.498079636960346
4.9952276138069	0.750738143630964
5.00206103051526	0.581598383648062
5.00889444722361	0.0141381928841156
5.01572786393197	-0.671793949236662
5.02256128064032	-0.500041092704885
5.02939469734867	-0.0976629067190653
5.03622811405703	0.162919766549187
5.04306153076538	0.281734167560033
5.04989494747374	0.258727944768421
5.05672836418209	0.0954211530558297
5.06356178089045	-0.103777185857846
5.0703951975988	-0.274594523705787
5.07722861430715	-0.411586255675276
5.08406203101551	-0.439523022502626
5.09089544772386	-0.348164992791025
5.09772886443222	-0.171010563151147
5.10456228114057	0.00740089979947032
5.11139569784893	0.126319055677862
5.11822911455728	0.153748079455428
5.12506253126563	0.0911586209654664
5.13189594797399	-0.00167998438220116
5.13872936468234	-0.0843818579885103
5.1455627813907	-0.116222262991045
5.15239619809905	-0.080215286204269
5.1592296148074	0.0129498315233938
5.16606303151576	0.0807696197983463
5.17289644822411	0.0268687621758925
5.17972986493247	-0.20428709975858
5.18656328164082	-0.614071322056538
5.19339669834917	-0.560731416143081
5.20023011505753	0.0477130844730304
5.20706353176588	0.664845995543754
5.21389694847424	1.22959524972908
5.22073036518259	1.69399850844099
5.22756378189095	1.98697487818021
5.2343971985993	2.04958202059101
5.24123061530765	1.80718834699883
5.24806403201601	1.2300025110812
5.25489744872436	0.403339434402149
5.26173086543272	-0.494849236862785
5.26856428214107	-0.451075239038985
5.27539769884943	0.103424024357999
5.28223111555778	0.429394454563409
5.28906453226613	0.627852720056508
5.29589794897449	0.823705700356837
5.30273136568284	1.06205343722339
5.3095647823912	1.42062147606053
5.31639819909955	1.84894195195524
5.3232316158079	2.19935842216635
5.33006503251626	2.32413797813645
5.33689844922461	2.15073916281826
5.34373186593297	1.67114764286919
5.35056528264132	0.915156425839854
5.35739869934967	0.0521904327164693
5.36423211605803	-0.766737735251885
5.37106553276638	-0.272823105067264
5.37789894947474	0.200851966655942
5.38473236618309	0.465541251221603
5.39156578289145	0.537095868754092
5.3983991995998	0.449568163001978
5.40523261630815	0.224992570856086
5.41206603301651	-0.0770232197235984
5.41889944972486	-0.425522981188636
5.42573286643322	-0.743239652220713
5.43256628314157	-0.743245170828452
5.43939969984993	-0.612345910964454
5.44623311655828	-0.549076337253891
5.45306653326663	-0.524215572617965
5.45989994997499	-0.534842839904706
5.46673336668334	-0.573793338067502
5.4735667833917	-0.641281011692329
5.48040020010005	-0.73533946174978
5.4872336168084	-0.848261408663608
5.49406703351676	-0.755468729688089
5.50090045022511	-0.66540893043823
5.50773386693347	-0.624350829844165
5.51456728364182	-0.630776515700049
5.52140070035018	-0.66982654790509
5.52823411705853	-0.707119746956765
5.53506753376688	-0.702905342128427
5.54190095047524	-0.652498544394872
5.54873436718359	-0.553425024813217
5.55556778389195	-0.404609778910634
5.5624012006003	-0.207549180794113
5.56923461730865	0.007922304755024
5.57606803401701	0.181173435863781
5.58290145072536	0.237738827568988
5.58973486743372	0.159793531028118
5.59656828414207	-0.0526021555488942
5.60340170085043	-0.399327195293435
5.61023511755878	-0.85106744799511
5.61706853426713	-0.329546221090957
5.62390195097549	0.145797731578515
5.63073536768384	0.509961683484793
5.6375687843922	0.679441613326105
5.64440220110055	0.543568238663724
5.6512356178089	0.130739693644298
5.65806903451726	-0.413922357735031
5.66490245122561	-0.837009976428222
5.67173586793397	-0.607620809015391
5.67856928464232	-0.558167121186453
5.68540270135068	-0.552286628030657
5.69223611805903	-0.425934030875577
5.69906953476738	-0.138916801367884
5.70590295147574	0.264574935883783
5.71273636818409	0.620844866729898
5.71956978489245	0.816970426347756
5.7264032016008	0.861261482195344
5.73323661830915	0.849661918032392
5.74007003501751	0.833345307247578
5.74690345172586	0.81227077682907
5.75373686843422	0.727033024225894
5.76057028514257	0.533183501561804
5.76740370185093	0.0797075214980915
5.77423711855928	-0.714123358638526
5.78107053526763	0.0774466799709431
5.78790395197599	1.2212510498087
5.79473736868434	2.14732185345935
5.8015707853927	2.69060459227372
5.80840420210105	2.75832080758691
5.8152376188094	2.37397155559173
5.82207103551776	1.645752264746
5.82890445222611	0.752678047121145
5.83573786893447	-0.172757928980067
5.84257128564282	-0.657776841480784
5.84940470235118	0.131716152418068
5.85623811905953	0.699640436563423
5.86307153576788	0.997955774090975
5.86990495247624	1.02506500165034
5.87673836918459	0.838488388271958
5.88357178589295	0.54045669557956
5.8904052026013	0.164705059387029
5.89723861930966	-0.221741485172672
5.90407203601801	-0.564437792576715
5.91090545272636	-0.857722424311365
5.91773886943472	-0.615072948295381
5.92457228614307	-0.431365046660094
5.93140570285143	-0.318309586414737
5.93823911955978	-0.277783950137629
5.94507253626813	-0.350601487383875
5.95190595297649	-0.577684283763219
5.95873936968484	-0.786379059646766
5.9655727863932	-0.37719529881447
5.97240620310155	-0.00364742063408558
5.97923961980991	0.265556699713971
5.98607303651826	0.336708676928839
5.99290645322661	0.188117440428491
5.99973986993497	-0.173669479641826
6.00657328664332	-0.642464002267775
6.01340670335168	-0.637498101200346
6.02024012006003	-0.448702890837955
6.02707353676838	-0.605736608263144
6.03390695347674	-0.668383546475304
6.04074037018509	-0.141387942019888
6.04757378689345	0.299903792179639
6.0544072036018	0.550607721371251
6.06124062031016	0.588328179259218
6.06807403701851	0.418778192944947
6.07490745372686	0.102672862580954
6.08174087043522	-0.271319147912582
6.08857428714357	-0.657979406241165
6.09540770385193	-0.723621983324831
6.10224112056028	-0.486177171074408
6.10907453726863	-0.361550866836211
6.11590795397699	-0.391281688946643
6.12274137068534	-0.582086379293961
6.1295747873937	-0.822976112898894
6.13640820410205	-0.462118571112716
6.14324162081041	-0.125124714939502
6.15007503751876	0.144380928291295
6.15690845422711	0.231276127267776
6.16374187093547	0.0673487933111397
6.17057528764382	-0.340681992737181
6.17740870435218	-0.780505833634465
6.18424212106053	-0.0627358209426153
6.19107553776889	0.728165946356402
6.19790895447724	1.51133974692111
6.20474237118559	2.21478027944468
6.21157578789395	2.70951350386135
6.2184092046023	2.90026877860092
6.22524262131066	2.77755801766108
6.23207603801901	2.3424144455809
6.23890945472736	1.66949402997328
6.24574287143572	0.932770552027258
6.25257628814407	0.239622748359576
6.25940970485243	-0.299276447611731
6.26624312156078	-0.656394977889784
6.27307653826913	-0.850088018058426
6.27990995497749	-0.789808168563372
6.28674337168584	-0.762222259071657
6.2935767883942	-0.760114213680679
6.30041020510255	-0.774055205285394
6.30724362181091	-0.807322757461193
6.31407703851926	-0.857593318147425
6.32091045522761	-0.791539841944654
6.32774387193597	-0.730021797854086
6.33457728864432	-0.705527875453907
6.34141070535268	-0.733421599311582
6.34824412206103	-0.802833959476067
6.35507753876939	-0.848123851802262
6.36191095547774	-0.805808324530539
6.36874437218609	-0.797124465599104
6.37557778889445	-0.832304472051429
6.3824112056028	-0.830255863104759
6.38924462231116	-0.785218862302724
6.39607803901951	-0.76266019356212
6.40291145572786	-0.766128699877512
6.40974487243622	-0.779843297953378
6.41657828914457	-0.785569011238534
6.42341170585293	-0.784320415809653
6.43024512256128	-0.799084454439096
6.43707853926963	-0.853851437593717
6.44391195597799	-0.761238791651607
6.45074537268634	-0.641634321742005
6.4575787893947	-0.569960320281447
6.46441220610305	-0.593283706423168
6.47124562281141	-0.704230004079092
6.47807903951976	-0.855405994933426
6.48491245622811	-0.707158034154878
6.49174587293647	-0.626158680280196
6.49857928964482	-0.61275225626552
6.50541270635318	-0.667107297895396
6.51224612306153	-0.788004078589947
6.51907953976989	-0.77550734095427
6.52591295647824	-0.661638757104049
6.53274637318659	-0.625971181443987
6.53957978989495	-0.656395932387482
6.5464132066033	-0.703678310108632
6.55324662331166	-0.705505948557273
6.56008004002001	-0.639981993838135
6.56691345672836	-0.506246306423856
6.57374687343672	-0.363706117006377
6.58058029014507	-0.305941513094703
6.58741370685343	-0.367104401605066
6.59424712356178	-0.565785493380992
6.60108054027013	-0.836818209328143
6.60791395697849	-0.524674795212606
6.61474737368684	-0.35867795827868
6.6215807903952	-0.421459557010672
6.62841420710355	-0.713794843904467
6.63524762381191	-0.53609706129556
6.64208104052026	-0.0332773179556489
6.64891445722861	0.343074362931926
6.65574787393697	0.547080668512388
6.66258129064532	0.568451749298302
6.66941470735368	0.383808344479498
6.67624812406203	0.0015075384603765
6.68308154077039	-0.514439180451572
6.68991495747874	-0.658703357053935
6.69674837418709	-0.191781818762034
6.70358179089545	0.14400156041605
6.7104152076038	0.336761070703001
6.71724862431216	0.3915716277121
6.72408204102051	0.347745871206459
6.73091545772886	0.209238717089548
6.73774887443722	-0.0239771761778933
6.74458229114557	-0.329786034864206
6.75141570785393	-0.603877682124389
6.75824912456228	-0.783605285966235
6.76508254127064	-0.837490903110977
6.77191595797899	-0.781202784928085
6.77874937468734	-0.6668898978953
6.7855827913957	-0.471345285590818
6.79241620810405	-0.221269253698119
6.79924962481241	0.0262069038162359
6.80608304152076	0.269200671115385
6.81291645822911	0.507676013857638
6.81974987493747	0.741645414058403
6.82658329164582	0.87672861810261
6.83341670835418	0.819738797551743
6.84025012506253	0.585567334928559
6.84708354177089	0.188114537212684
6.85391695847924	-0.258389019861324
6.8607503751876	-0.652788693509902
6.86758379189595	-0.824340519979879
6.8744172086043	-0.826055014108597
6.88125062531266	-0.656462718338743
6.88808404202101	-0.198795393275361
6.89491745872936	0.374219655722432
6.90175087543772	0.957668156303419
6.90858429214607	1.39879077584618
6.91541770885443	1.62880814266322
6.92225112556278	1.58679152574088
6.92908454227114	1.29715659779539
6.93591795897949	0.805618290973726
6.94275137568784	0.214401935384551
6.9495847923962	-0.360953068277661
6.95641820910455	-0.851935484297274
6.96325162581291	-0.457503541608604
6.97008504252126	-0.15744327872234
6.97691845922962	0.0095685655895667
6.98375187593797	0.0713229856297694
6.99058529264632	0.0824961203127156
6.99741870935468	0.0973644728274267
7.00425212606303	0.139731128422463
7.01108554277139	0.195307035267673
7.01791895947974	0.191396075050693
7.02475237618809	0.071372117645471
7.03158579289645	-0.179784238517557
7.0384192096048	-0.554158639105629
7.04525262631316	-0.744558926106609
7.05208604302151	-0.348773210000992
7.05891945972987	-0.0523898774782485
7.06575287643822	-0.0178188825712421
7.07258629314657	-0.329346982370313
7.07941970985493	-0.755479978081128
7.08625312656328	0.0849018157979647
7.09308654327164	0.965727897468649
7.09991995997999	1.70797435224219
7.10675337668834	2.18711720732212
7.1135867933967	2.39215525477138
7.12042021010505	2.32305093012111
7.12725362681341	1.97983210928514
7.13408704352176	1.36768714204211
7.14092046023012	0.700105168490307
7.14775387693847	0.0889102898839351
7.15458729364682	-0.410450551493528
7.16142071035518	-0.722099355066708
7.16825412706353	-0.856781497045074
7.17508754377189	-0.82837870189881
7.18192096048024	-0.843736210910699
7.18875437718859	-0.85674861741405
7.19558779389695	-0.856170434728348
7.2024212106053	-0.854539446625353
7.20925462731366	-0.84884196038724
7.21608804402201	-0.835561006789954
7.22292146073037	-0.815534889476574
7.22975487743872	-0.796630077339288
7.23658829414707	-0.788994326126042
7.24342171085543	-0.804989868138823
7.25025512756378	-0.841541435066198
7.25708854427214	-0.830281480591357
7.26392196098049	-0.779312209162864
7.27075537768884	-0.717299427911217
7.2775887943972	-0.612276978861536
7.28442221110555	-0.441100606776846
7.29125562781391	-0.158945552537282
7.29808904452226	0.256064012476771
7.30492246123062	0.755778491583137
7.31175587793897	1.20287615800585
7.31858929464732	1.45479633739045
7.32542271135568	1.46056973503738
7.33225612806403	1.15231949902948
7.33908954477239	0.567451940978471
7.34592296148074	-0.166661725500796
7.35275637818909	-0.754297291676013
7.35958979489745	-0.11364519996059
7.3664232116058	0.216631007723755
7.37325662831416	0.222105703116183
7.38009004502251	-0.00646318224262031
7.38692346173087	-0.378949301204247
7.39375687843922	-0.656240060935763
7.40059029514757	-0.711426008792102
7.40742371185593	-0.495667635991591
7.41425712856428	-0.0650284090281107
7.42109054527264	0.45056643168133
7.42792396198099	0.856340913047485
7.43475737868935	1.00001448704149
7.4415907953977	0.840192720923527
7.44842421210605	0.447175598304438
7.45525762881441	-0.0575338406716001
7.46209104552276	-0.5097799849467
7.46892446223112	-0.818974060177067
7.47575787893947	-0.741159403366722
7.48259129564782	-0.704668474421412
7.48942471235618	-0.745201494439728
7.49625812906453	-0.80242801625942
7.50309154577289	-0.847075072287691
7.50992496248124	-0.838235950794047
7.51675837918959	-0.818132279961862
7.52359179589795	-0.811896174000735
7.5304252126063	-0.842163962185855
7.53725862931466	-0.788455679582764
7.54409204602301	-0.646952900531599
7.55092546273137	-0.480366338264415
7.55775887943972	-0.341328237581227
7.56459229614807	-0.257141819891136
7.57142571285643	-0.24424534330129
7.57825912956478	-0.288215693374298
7.58509254627314	-0.329876620890735
7.59192596298149	-0.318501812276709
7.59875937968985	-0.257294707762305
7.6055927963982	-0.201613711842046
7.61242621310655	-0.21211549631663
7.61925962981491	-0.301071341985109
7.62609304652326	-0.410578908885464
7.63292646323162	-0.526225171682987
7.63975987993997	-0.601797668523994
7.64659329664832	-0.515537571224834
7.65342671335668	-0.226774235333782
7.66026013006503	0.194297971944385
7.66709354677339	0.610478593284865
7.67392696348174	0.854962694807836
7.68076038019009	0.863655104994372
7.68759379689845	0.498518942014772
7.6944272136068	-0.190289442959971
7.70126063031516	-0.8073570444197
7.70809404702351	-0.331385987220168
7.71492746373187	-0.234616657279868
7.72176088044022	-0.56714584209846
7.72859429714857	-0.509222196894554
7.73542771385693	0.168343149068908
7.74226113056528	0.665976108011506
7.74909454727364	0.96305983218532
7.75592796398199	1.05962925408754
7.76276138069035	0.955599196146041
7.7695947973987	0.706817195386244
7.77642821410705	0.449954938557255
7.78326163081541	0.219566125520778
7.79009504752376	0.0587302813122126
7.79692846423212	-0.0526452122808767
7.80376188094047	-0.130186222305238
7.81059529764883	-0.281069641869194
7.81742871435718	-0.578684465664079
7.82426213106553	-0.68574159337822
7.83109554777389	-0.130513362711166
7.83792896448224	0.447964253907012
7.84476238119059	0.990315195632725
7.85159579789895	1.49241864813744
7.8584292146073	1.93914099295896
7.86526263131566	2.3155369221593
7.87209604802401	2.60057097123875
7.87892946473237	2.70202511224956
7.88576288144072	2.53538598914413
7.89259629814908	2.07994925439932
7.89942971485743	1.41092941902459
7.90626313156578	0.643269658601822
7.91309654827414	-0.0787280985133091
7.91992996498249	-0.555495369909743
7.92676338169085	-0.744078266547095
7.9335967983992	-0.738873832916
7.94043021510755	-0.707170514514599
7.94726363181591	-0.709386981146853
7.95409704852426	-0.745640035464238
7.96093046523262	-0.816193902144036
7.96776388194097	-0.807424563830167
7.97459729864932	-0.733158902822198
7.98143071535768	-0.67972322518603
7.98826413206603	-0.647039979671421
7.99509754877439	-0.639537428426205
8.00193096548274	-0.665398587915153
8.0087643821911	-0.724842798719833
8.01559779889945	-0.816258689949051
8.0224312156078	-0.787983949597749
8.02926463231616	-0.692158367844695
8.03609804902451	-0.632841982344261
8.04293146573287	-0.610034976337757
8.04976488244122	-0.62546457525506
8.05659829914958	-0.734829039948393
8.06343171585793	-0.74706417361795
8.07026513256628	-0.437975665982974
8.07709854927464	-0.160653381867027
8.08393196598299	-0.0180091068841254
8.09076538269135	-0.0461341796254049
8.0975987993997	-0.183106405689017
8.10443221610806	-0.378778055393036
8.11126563281641	-0.516918362929171
8.11809904952476	-0.453552019529613
8.12493246623312	-0.166858144453061
8.13176588294147	0.249146476169078
8.13859929964982	0.702744791670522
8.14543271635818	1.19151220380507
8.15226613306653	1.70012958906636
8.15909954977489	2.13388677012669
8.16593296648324	2.36593273569588
8.1727663831916	2.3248366416917
8.17959979989995	1.86889501793175
8.1864332166083	0.918411080369945
8.19326663331666	-0.41143886899514
8.20010005002501	0.073567304977949
8.20693346673337	1.07292498627223
8.21376688344172	1.44751683026495
8.22060030015007	1.17948615886332
8.22743371685843	0.434405860962806
8.23426713356678	-0.429047398176759
8.24110055027514	-0.663833300969733
8.24793396698349	-0.428001279311028
8.25476738369185	-0.754335922405848
8.2616008004002	-0.06148940349959
8.26843421710856	1.11521850845966
8.27526763381691	1.90092234012203
8.28210105052526	1.88900247861724
8.28893446723362	1.08588519600504
8.29576788394197	-0.22276545319897
8.30260130065033	0.028108249911525
8.30943471735868	1.38860292457219
8.31626813406703	2.18706553480907
8.32310155077539	2.27944980616806
8.32993496748374	1.77482368750663
8.3367683841921	0.951595128194001
8.34360180090045	0.135739468483123
8.3504352176088	-0.450297827347208
8.35726863431716	-0.796923728675837
8.36410205102551	-0.81187275464149
8.37093546773387	-0.771900198152144
8.37776888444222	-0.400310940434023
8.38460230115058	0.200804672157621
8.39143571785893	0.709432294270887
8.39826913456728	0.930056899810027
8.40510255127564	0.768809911348393
8.41193596798399	0.386793878188864
8.41876938469235	-0.153662327008352
8.4256028014007	-0.828645735056543
8.43243621810906	-0.326242120989571
8.43926963481741	0.0553105372642672
8.44610305152576	0.272758436961085
8.45293646823412	0.424944034120985
8.45976988494247	0.599569490268434
8.46660330165083	0.845472040207265
8.47343671835918	1.10298247621979
8.48027013506753	1.2211271149063
8.48710355177589	1.12053230261298
8.49393696848424	0.800505282609244
8.5007703851926	0.245460033173891
8.50760380190095	-0.498383945989942
8.51443721860931	-0.419369074213594
8.52127063531766	0.250387628114888
8.52810405202601	0.69126379691191
8.53493746873437	0.832798779196558
8.54177088544272	0.749678950709883
8.54860430215108	0.543542647887621
8.55543771885943	0.363400161238194
8.56227113556779	0.212887825015136
8.56910455227614	0.0988117368542503
8.57593796898449	0.0292087088271638
8.58277138569285	-0.054614047892833
8.5896048024012	-0.191138420263082
8.59643821910956	-0.414011959809139
8.60327163581791	-0.690299973395716
8.61010505252626	-0.748223974544406
8.61693846923462	-0.534075883505519
8.62377188594297	-0.413027048663983
8.63060530265133	-0.35082628875685
8.63743871935968	-0.280519539889955
8.64427213606803	-0.0802628969292348
8.65110555277639	0.319254448461772
8.65793896948474	0.930289088944506
8.6647723861931	1.67104576917056
8.67160580290145	2.35989827241821
8.67843921960981	2.8603528325924
8.68527263631816	2.99153151818597
8.69210605302651	2.74679542667292
8.69893946973487	2.15896978023854
8.70577288644322	1.35082086069828
8.71260630315158	0.494853511068055
8.71943971985993	-0.229358519052512
8.72627313656828	-0.71656670466993
8.73310655327664	-0.744393428430441
8.73993996998499	-0.662458648361585
8.74677338669335	-0.705944775914627
8.7536068034017	-0.815568519599319
8.76044022011006	-0.833965015545468
8.76727363681841	-0.842089210524761
8.77410705352676	-0.822185502981126
8.78094047023512	-0.772386436436304
8.78777388694347	-0.751962683611064
8.79460730365183	-0.756438546128973
8.80144072036018	-0.767051831441378
8.80827413706854	-0.774184490341042
8.81510755377689	-0.767186653943896
8.82194097048524	-0.750773461916285
8.8287743871936	-0.737852644016052
8.83560780390195	-0.733990664113799
8.84244122061031	-0.756294530386444
8.84927463731866	-0.811119053636299
8.85610805402701	-0.820062980671262
8.86294147073537	-0.724700941038914
8.86977488744372	-0.646748101509232
8.87660830415208	-0.599489338097348
8.88344172086043	-0.601010931722859
8.89027513756879	-0.652744245618518
8.89710855427714	-0.754588366364568
8.90394197098549	-0.809880251628585
8.91077538769385	-0.645743638867408
8.9176088044022	-0.522080856912396
8.92444222111055	-0.482680163186174
8.93127563781891	-0.545171196942688
8.93810905452726	-0.684038502160923
8.94494247123562	-0.837046242126702
8.95177588794397	-0.724521447758742
8.95860930465233	-0.649750547059776
8.96544272136068	-0.702716570189544
8.97227613806903	-0.821227853664529
8.97910955477739	-0.547004212396856
8.98594297148574	-0.277218082499298
8.9927763881941	-0.064681494513667
8.99960980490245	0.0904462974437061
9.00644322161081	0.186286543258336
9.01327663831916	0.248144970122887
9.02011005502751	0.319735112887718
9.02694347173587	0.435844596145731
9.03377688844422	0.573215640044785
9.04061030515258	0.676299981162406
9.04744372186093	0.653651394368031
9.05427713856928	0.421215915655698
9.06111055527764	-0.0334626162312888
9.06794397198599	-0.660833615162135
9.07477738869435	-0.360797317590309
9.0816108054027	0.249750363571268
9.08844422211106	0.761514410637297
9.09527763881941	1.11203047773349
9.10211105552776	1.24441518687432
9.10894447223612	1.1668626537962
9.11577788894447	0.879878597003179
9.12261130565283	0.409107737625952
9.12944472236118	-0.0682544621068611
9.13627813906954	-0.483202928474291
9.14311155577789	-0.742689050718634
9.14994497248624	-0.847384555775997
9.1567783891946	-0.828748923625011
9.16361180590295	-0.798701080264073
9.17044522261131	-0.626654681176981
9.17727863931966	-0.505348773704126
9.18411205602801	-0.473039935413644
9.19094547273637	-0.570722702764548
9.19777888944472	-0.767591546697161
9.20461230615308	-0.709960095058819
9.21144572286143	-0.543708004386787
9.21827913956979	-0.515263356383467
9.22511255627814	-0.602756903382873
9.23194597298649	-0.72338734803616
9.23877938969485	-0.829782666018381
9.2456128064032	-0.815774765891421
9.25244622311155	-0.790356630765219
9.25927963981991	-0.792795772180569
9.26611305652826	-0.816096083263151
9.27294647323662	-0.848887202220636
9.27977988994497	-0.745554924558566
9.28661330665333	-0.578129010535809
9.29344672336168	-0.378940563067157
9.30028014007004	-0.207134132674183
9.30711355677839	-0.121630351044926
9.31394697348674	-0.171619534328858
9.3207803901951	-0.335800314759057
9.32761380690345	-0.528150452979376
9.33444722361181	-0.612199277373908
9.34128064032016	-0.416877347957145
9.34811405702852	0.0780104085011375
9.35494747373687	0.73671351845334
9.36178089044522	1.38819314087122
9.36861430715358	1.85812295373028
9.37544772386193	1.9100943396554
9.38228114057029	1.49991389431849
9.38911455727864	0.714974433442835
9.39594797398699	-0.232736072300758
9.40278139069535	-0.616044380122036
9.4096148074037	0.0221657242297131
9.41644822411206	0.402772508323877
9.42328164082041	0.533148530892386
9.43011505752876	0.43229593802987
9.43694847423712	0.101017544023283
9.44378189094547	-0.442675278655814
9.45061530765383	-0.578515502978137
9.45744872436218	0.227756566259019
9.46428214107054	0.977815694585984
9.47111555777889	1.49361107904327
9.47794897448724	1.66032332838472
9.4847823911956	1.40997551547068
9.49161580790395	0.853652827114115
9.49844922461231	0.135110257702494
9.50528264132066	-0.508044841026023
9.51211605802902	-0.852703466562405
9.51894947473737	-0.790631317833496
9.52578289144572	-0.818673855804842
9.53261630815408	-0.705385167780101
9.53944972486243	-0.79568711129387
9.54628314157079	-0.561271303041234
9.55311655827914	0.0110098361472822
9.55994997498749	0.674530941660574
9.56678339169585	1.19012575781831
9.5736168084042	1.41846545278963
9.58045022511256	1.36001524757787
9.58728364182091	1.09013634130175
9.59411705852927	0.747279030838557
9.60095047523762	0.462944061193089
9.60778389194597	0.320378573680667
9.61461730865433	0.337433693757909
9.62145072536268	0.474023556236235
9.62828414207104	0.671934345830798
9.63511755877939	0.826559877963869
9.64195097548775	0.872403531296061
9.6487843921961	0.79039859322235
9.65561780890445	0.519786747020624
9.66245122561281	0.0615456505097349
9.66928464232116	-0.469497163412656
9.67611805902952	-0.776480278800028
9.68295147573787	-0.506969094074623
9.68978489244622	-0.471757647696085
9.69661830915458	-0.526489706824033
9.70345172586293	-0.435976100568918
9.71028514257129	-0.0743583234941035
9.71711855927964	0.470484335926065
9.72395197598799	1.0010360739644
9.73078539269635	1.22040016047325
9.7376188094047	0.978453661944921
9.74445222611306	0.392658202347952
9.75128564282141	-0.420689478246132
9.75811905952976	-0.553906845858467
9.76495247623812	-0.156330499572737
9.77178589294647	-0.114645758955091
9.77861930965483	-0.291444002611695
9.78545272636318	-0.439207254034922
9.79228614307154	-0.312254143159488
9.79911955977989	0.0614739147562085
9.80595297648824	0.439423733936375
9.8127863931966	0.627802543075029
9.81961980990495	0.509284962655809
9.82645322661331	0.0725480678467774
9.83328664332166	-0.554414451806574
9.84012006003002	-0.561645439062366
9.84695347673837	-0.138048559742513
9.85378689344672	0.0934912411475863
9.86062031015508	0.159719786681981
9.86745372686343	0.156648978291363
9.87428714357179	0.193754007012311
9.88112056028014	0.301805988981315
9.88795397698849	0.466599015515411
9.89478739369685	0.671251194267273
9.9016208104052	0.89789738811339
9.90845422711356	1.08018343784408
9.91528764382191	1.16609225697553
9.92212106053027	1.13133768841269
9.92895447723862	0.978435170818302
9.93578789394697	0.729240805611496
9.94262131065533	0.416338776619606
9.94945472736368	0.0705100077800502
9.95628814407204	-0.303243051890458
9.96312156078039	-0.705045857560543
9.96995497748875	-0.583733053437962
9.9767883941971	-0.139868696859737
9.98362181090545	0.297480782288552
9.99045522761381	0.72270116294269
9.99728864432216	1.13587633332631
10.0041220610305	1.53166426182927
10.0109554777389	1.82881630405734
10.0177888944472	1.95340067499027
10.0246223111556	1.86928923065837
10.0314557278639	1.58388716577368
10.0382891445723	1.13443198579278
10.0451225612806	0.54073057498468
10.051955977989	-0.0885891205037516
10.0587893946973	-0.628347143080986
10.0656228114057	-0.740815118152877
10.0724562281141	-0.60768804079408
10.0792896448224	-0.675244980604251
10.0861230615308	-0.844712991491045
10.0929564782391	-0.548671482059973
10.0997898949475	-0.254510228995748
10.1066233116558	-0.21995664278171
10.1134567283642	-0.56384888890218
10.1202901450725	-0.541633472054323
10.1271235617809	0.140557511391307
10.1339569784892	0.790278942353987
10.1407903951976	1.12775536834103
10.147623811906	1.10149266639982
10.1544572286143	0.60427858816724
10.1612906453227	-0.282892886990306
10.168124062031	-0.39116970019407
10.1749574787394	0.346119243079465
10.1817908954477	0.348506727788521
10.1886243121561	-0.408103606436524
10.1954577288644	-0.0624993686496754
10.2022911455728	1.19791475204254
10.2091245622811	2.04731891300769
10.2159579789895	2.27666414028467
10.2227913956979	1.93119843980812
10.2296248124062	1.20440537400157
10.2364582291146	0.367604374512635
10.2432916458229	-0.488633155722927
10.2501250625313	-0.591634260865244
10.2569584792396	-0.264321728997266
10.263791895948	-0.17866253956291
10.2706253126563	-0.186088012589768
10.2774587293647	-0.126025928401988
10.284292146073	0.0970920188296839
10.2911255627814	0.499097571204813
10.2979589794897	1.02765433357023
10.3047923961981	1.58811111290795
10.3116258129065	1.98688130180404
10.3184592296148	2.08859971425379
10.3252926463232	1.78456053357819
10.3321260630315	1.131393019239
10.3389594797399	0.316176085831003
10.3457928964482	-0.41444747742519
10.3526263131566	-0.815043287798263
10.3594597298649	-0.591312240458658
10.3662931465733	-0.561764834241774
10.3731265632816	-0.593471415421574
10.37995997999	-0.643629138707017
10.3867933966983	-0.670743159144488
10.3936268134067	-0.663718724217206
10.4004602301151	-0.641806317514386
10.4072936468234	-0.677058863953108
10.4141270635318	-0.80839066061513
10.4209604802401	-0.711093856911938
10.4277938969485	-0.531158359252724
10.4346273136568	-0.405615190451928
10.4414607303652	-0.388685587014038
10.4482941470735	-0.511482055493793
10.4551275637819	-0.76486609512348
10.4619609804902	-0.648816204223141
10.4687943971986	-0.393684675630983
10.475627813907	-0.250097736211714
10.4824612306153	-0.231193229781528
10.4892946473237	-0.303875453660458
10.496128064032	-0.431861496832888
10.5029614807404	-0.592571960808572
10.5097948974487	-0.750190333032404
10.5166283141571	-0.811794201857466
10.5234617308654	-0.661500215951827
10.5302951475738	-0.515552985741542
10.5371285642821	-0.401369234455484
10.5439619809905	-0.362697261128499
10.5507953976989	-0.433779853927493
10.5576288144072	-0.620803581566756
10.5644622311156	-0.797636750256251
10.5712956478239	-0.40827661433541
10.5781290645323	0.0368441900082859
10.5849624812406	0.452718510763501
10.591795897949	0.819322057065847
10.5986293146573	1.11898134464049
10.6054627313657	1.33465602511873
10.612296148074	1.47861661186685
10.6191295647824	1.57760229014484
10.6259629814907	1.6448979357483
10.6327963981991	1.6696912310285
10.6396298149075	1.62417951055041
10.6464632316158	1.48725473447313
10.6532966483242	1.26099815527004
10.6601300650325	0.957004607681705
10.6669634817409	0.652928348741452
10.6737968984492	0.404468113211542
10.6806303151576	0.249950022982204
10.6874637318659	0.196335462309192
10.6942971485743	0.199343916842885
10.7011305652826	0.166462518242881
10.707963981991	0.0474735877496946
10.7147973986993	-0.20234232993643
10.7216308154077	-0.568775094458377
10.7284642321161	-0.741709233740479
10.7352976488244	-0.398891583605217
10.7421310655328	-0.19316977541021
10.7489644822411	-0.136676056560802
10.7557978989495	-0.171258075620756
10.7626313156578	-0.204052077628538
10.7694647323662	-0.175835583352797
10.7762981490745	-0.0787193153708652
10.7831315657829	0.0673186450477348
10.7899649824912	0.206307450232358
10.7967983991996	0.280055252487134
10.803631815908	0.259071999101141
10.8104652326163	0.143640336138276
10.8172986493247	-0.0145122003151093
10.824132066033	-0.150946695676103
10.8309654827414	-0.236873900848499
10.8377988994497	-0.227899764609955
10.8446323161581	-0.1175934673841
10.8514657328664	0.0551171508678908
10.8582991495748	0.22064015370673
10.8651325662831	0.300595761348549
10.8719659829915	0.240226486713547
10.8787993996999	0.040959867286664
10.8856328164082	-0.224686020385766
10.8924662331166	-0.423915785916146
10.8992996498249	-0.463058796401822
10.9061330665333	-0.298994945589423
10.9129664832416	0.0981240947809034
10.91979989995	0.656273100111827
10.9266333166583	1.21661654704017
10.9334667333667	1.59168561053682
10.940300150075	1.64634508649336
10.9471335667834	1.36400009129169
10.9539669834917	0.79594674481688
10.9608004002001	0.11863995797865
10.9676338169085	-0.530857435892525
10.9744672336168	-0.739148912665139
10.9813006503252	-0.504897378199168
10.9881340670335	-0.497952942008415
10.9949674837419	-0.636893692012759
11.0018009004502	-0.841016233707788
11.0086343171586	-0.758528610943399
11.0154677338669	-0.833443528189868
11.0223011505753	-0.419004786900696
11.0291345672836	0.252814257529558
11.035967983992	1.04167683306815
11.0428014007004	1.67984225522625
11.0496348174087	2.01531839476223
11.0564682341171	2.02428561042138
11.0633016508254	1.66732494259714
11.0701350675338	1.0548656770979
11.0769684842421	0.331800288411446
11.0838019009505	-0.325150222311809
11.0906353176588	-0.704915524250617
11.0974687343672	-0.746384321422543
11.1043021510755	-0.609748678912649
11.1111355677839	-0.613983429966345
11.1179689844922	-0.697627663545972
11.1248024012006	0.157178247987421
11.131635817909	1.25083661021092
11.1384692346173	2.2127648920005
11.1453026513257	2.78167702742127
11.152136068034	2.84555886295101
11.1589694847424	2.40629432110003
11.1658029014507	1.64305000068996
11.1726363181591	0.694945074170606
11.1794697348674	-0.162703759130772
11.1863031515758	-0.765467836465487
11.1931365682841	-0.621035759870679
11.1999699849925	-0.530283366183926
11.2068034017009	-0.586924123891604
11.2136368184092	-0.729250815483574
11.2204702351176	-0.854269925549695
11.2273036518259	-0.773091634549418
11.2341370685343	-0.748013351170611
11.2409704852426	-0.778882764854688
11.247803901951	-0.852203631977839
11.2546373186593	-0.77861213148817
11.2614707353677	-0.708492551107208
11.268304152076	-0.672822178474161
11.2751375687844	-0.676460344116297
11.2819709854927	-0.709555652505454
11.2888044022011	-0.750998182357377
11.2956378189095	-0.785271511084357
11.3024712356178	-0.811634208043381
11.3093046523262	-0.837420725530623
11.3161380690345	-0.846325320374253
11.3229714857429	-0.807654016346403
11.3298049024512	-0.75974015434245
11.3366383191596	-0.701268435254235
11.3434717358679	-0.63210979938676
11.3503051525763	-0.575873496819311
11.3571385692846	-0.584556896714429
11.363971985993	-0.679809003268633
11.3708054027014	-0.83377639847257
11.3776388194097	-0.730461899169398
11.3844722361181	-0.594893187098637
11.3913056528264	-0.537852167725216
11.3981390695348	-0.582986032178644
11.4049724862431	-0.68220426065846
11.4118059029515	-0.737716319066503
11.4186393196598	-0.654361229592103
11.4254727363682	-0.388347162265674
11.4323061530765	0.012307806511008
11.4391395697849	0.40903806194677
11.4459729864932	0.627879522427968
11.4528064032016	0.540319450563239
11.45963981991	0.137404387988606
11.4664732366183	-0.443507509905762
11.4733066533267	-0.571935479456659
11.480140070035	0.0883089093165549
11.4869734867434	0.421605951812285
11.4938069034517	0.257737014285226
11.5006403201601	-0.396142491341083
11.5074737368684	-0.344943875153076
11.5143071535768	0.808143589321626
11.5211405702851	1.67488627032248
11.5279739869935	1.94418326878682
11.5348074037019	1.63177743941048
11.5416408204102	0.914400900617646
11.5484742371186	0.0129695385995453
11.5553076538269	-0.786092848550526
11.5621410705353	-0.517376930531256
11.5689744872436	-0.558377418820278
11.575807903952	-0.785333625351804
11.5826413206603	-0.192792415395781
11.5894747373687	0.41873977522902
11.596308154077	0.857375384893488
11.6031415707854	1.03495807084655
11.6099749874937	0.955585247413465
11.6168084042021	0.682615490947824
11.6236418209105	0.288140655046625
11.6304752376188	-0.166811389305488
11.6373086543272	-0.619794549527678
11.6441420710355	-0.681411720910883
11.6509754877439	-0.318213426786122
11.6578089044522	-0.0705374506040804
11.6646423211606	0.0132496678762281
11.6714757378689	-0.0790300753646893
11.6783091545773	-0.315499127392815
11.6851425712856	-0.605018494724833
11.691975987994	-0.826765532330225
11.6988094047024	-0.836617162471662
11.7056428214107	-0.745823532610973
11.7124762381191	-0.479764065639692
11.7193096548274	-0.186667194028433
11.7261430715358	0.0306091961184807
11.7329764882441	0.149873223192076
11.7398099049525	0.171037197296947
11.7466433216608	0.0943714864509698
11.7534767383692	-0.0804589391537558
11.7603101550775	-0.353306148894335
11.7671435717859	-0.724181973251346
11.7739769884942	-0.539328227275248
11.7808104052026	-0.226627139358961
11.787643821911	-0.204343261244686
11.7944772386193	-0.477557410833234
11.8013106553277	-0.778080786715983
11.808144072036	-0.302723721571957
11.8149774887444	0.039029853732182
11.8218109054527	0.188296670806961
11.8286443221611	0.141155023108187
11.8354777388694	0.033834211878705
11.8423111555778	-0.0635189843380771
11.8491445722861	-0.106130495550066
11.8559779889945	-0.0276920943533015
11.8628114057029	0.152658947765377
11.8696448224112	0.337856904348884
11.8764782391196	0.460400771168231
11.8833116558279	0.520208099146605
11.8901450725363	0.491401383435903
11.8969784892446	0.343048083134829
11.903811905953	0.106960452140836
11.9106453226613	-0.180685996672891
11.9174787393697	-0.457906315487846
11.924312156078	-0.679567897805134
11.9311455727864	-0.822877229272058
11.9379789894947	-0.827901920886072
11.9448124062031	-0.840988744583897
11.9516458229115	-0.795040653510239
11.9584792396198	-0.694280829196089
11.9653126563282	-0.611129771311295
11.9721460730365	-0.567006438782695
11.9789794897449	-0.57173114373331
11.9858129064532	-0.612043883326544
11.9926463231616	-0.667295509728012
11.9994797398699	-0.718012410121094
12.0063131565783	-0.750407822759638
12.0131465732866	-0.769689442882267
12.019979989995	-0.788750773871461
12.0268134067034	-0.824029658614239
12.0336468234117	-0.840136110467706
12.0404802401201	-0.778013703711091
12.0473136568284	-0.724232422277384
12.0541470735368	-0.705060846172926
12.0609804902451	-0.737617779002262
12.0678139069535	-0.823547637221984
12.0746473236618	-0.784120277055107
12.0814807403702	-0.704036325559548
12.0883141570785	-0.728516183649378
12.0951475737869	-0.8257196259044
12.1019809904952	-0.512236886023602
12.1088144072036	-0.114327730779538
12.115647823912	0.232925220999546
12.1224812406203	0.365499377507173
12.1293146573287	0.19111782300953
12.136148074037	-0.26445646492851
12.1429814907454	-0.848106391966014
12.1498149074537	-0.280319956951531
12.1566483241621	0.0932261416101297
12.1634817408704	0.196935617852789
12.1703151575788	0.0479669990823158
12.1771485742871	-0.291140976074464
12.1839819909955	-0.789568473295075
12.1908154077039	-0.269301913755565
12.1976488244122	0.532902233640516
12.2044822411206	1.44364974565786
12.2113156578289	2.40510160720932
12.2181490745373	3.20067789339293
12.2249824912456	3.59915651579805
12.231815907954	3.45978165644275
12.2386493246623	2.81046322625216
12.2454827413707	1.84700286941943
12.252316158079	0.857184167316099
12.2591495747874	0.081624416440094
12.2659829914957	-0.441607322680045
12.2728164082041	-0.723583244853139
12.2796498249125	-0.768189353693071
12.2864832416208	-0.728195858956717
12.2933166583292	-0.700231201323545
12.3001500750375	-0.758077456784227
12.3069834917459	-0.818436462880564
12.3138169084542	-0.689206770440841
12.3206503251626	-0.640624117020736
12.3274837418709	-0.659829539639536
12.3343171585793	-0.676435871156101
12.3411505752876	-0.630709956367211
12.347983991996	-0.537181139067301
12.3548174087044	-0.505654622333184
12.3616508254127	-0.576416636067793
12.3684842421211	-0.746637985502024
12.3753176588294	-0.761715547197901
12.3821510755378	-0.681576420601874
12.3889844922461	-0.824694308074231
12.3958179089545	-0.479753302554388
12.4026513256628	0.273922854997789
12.4094847423712	1.32003432931328
12.4163181590795	2.47144160136801
12.4231515757879	3.3810086353893
12.4299849924962	3.79111087869122
12.4368184092046	3.65445070189676
12.443651825913	3.07205992060423
12.4504852426213	2.07842217055969
12.4573186593297	0.945955868931616
12.464152076038	0.0108433169227575
12.4709854927464	-0.625011585536058
12.4778189094547	-0.714605389196506
12.4846523261631	-0.498713042043157
12.4914857428714	-0.380325282385083
12.4983191595798	-0.362335684308785
12.5051525762881	-0.457363264640125
12.5119859929965	-0.690429186255275
12.5188194097049	-0.703406963224304
12.5256528264132	-0.424053425461109
12.5324862431216	-0.321618569487268
12.5393196598299	-0.410760542517824
12.5461530765383	-0.681051017707293
12.5529864932466	-0.690293405028948
12.559819909955	-0.440694276157405
12.5666533266633	-0.318964965997551
12.5734867433717	-0.325404545738022
12.58032016008	-0.452597652823042
12.5871535767884	-0.655721756227078
12.5939869934967	-0.845402799309844
12.6008204102051	-0.771345205664278
12.6076538269135	-0.81848934351295
12.6144872436218	-0.719000487081894
12.6213206603302	-0.486040666576823
12.6281540770385	-0.288964421580585
12.6349874937469	-0.206027435796936
12.6418209104552	-0.256574667761581
12.6486543271636	-0.39246294770326
12.6554877438719	-0.531365049304935
12.6623211605803	-0.659961781908268
12.6691545772886	-0.740561120814237
12.675987993997	-0.754047197179722
12.6828214107054	-0.699508440218618
12.6896548274137	-0.579493508252958
12.6964882441221	-0.429806544610251
12.7033216608304	-0.262912843926423
12.7101550775388	-0.0843065904489728
12.7169884942471	0.0863016835521641
12.7238219109555	0.246992814544981
12.7306553276638	0.381771158248434
12.7374887443722	0.473664967040234
12.7443221610805	0.521563757592681
12.7511555777889	0.517504949079672
12.7579889944972	0.458786936105841
12.7648224112056	0.356510004285235
12.771655827914	0.252347754129735
12.7784892446223	0.149670889950854
12.7853226613307	0.0484812277695134
12.792156078039	-0.0508148233830787
12.7989894947474	-0.148810799092247
12.8058229114557	-0.249222012665772
12.8126563281641	-0.353069619926496
12.8194897448724	-0.4703653389387
12.8263231615808	-0.641662622517331
12.8331565782891	-0.844264823345639
12.8399899949975	-0.53051325997217
12.8468234117059	-0.117771878267213
12.8536568284142	0.387485934884955
12.8604902451226	0.9365277164861
12.8673236618309	1.46391423075539
12.8741570785393	1.88179871542941
12.8809904952476	2.09292047719839
12.887823911956	2.04794858518468
12.8946573286643	1.73022315208583
12.9014907453727	1.18514097285422
12.908324162081	0.5234226177556
12.9151575787894	-0.144832497620139
12.9219909954977	-0.638006451074606
12.9288244122061	-0.834962466938567
12.9356578289145	-0.825767397733897
12.9424912456228	-0.747486047659679
12.9493246623312	-0.582608768614714
12.9561580790395	-0.522526399965021
12.9629914957479	-0.615860897318471
12.9698249124562	-0.84624116197214
12.9766583291646	-0.448246429523029
12.9834917458729	0.0544994850948552
12.9903251625813	0.610168173209528
12.9971585792896	1.15297915746889
13.003991995998	1.6032797256308
13.0108254127064	1.88588628580309
13.0176588294147	1.95899048046696
13.0244922461231	1.83547269266356
13.0313256628314	1.52803494724009
13.0381590795398	1.14487092907198
13.0449924962481	0.825074065643846
13.0518259129565	0.652177688415067
13.0586593296648	0.615476374843876
13.0654927463732	0.622992869625928
13.0723261630815	0.605562606578495
13.0791595797899	0.459088120423914
13.0859929964983	0.151180651119942
13.0928264132066	-0.304959296599384
13.099659829915	-0.777202342065838
13.1064932466233	-0.615451189943656
13.1133266633317	-0.535605276668655
13.12016008004	-0.687728904529574
13.1269934967484	-0.75915631503259
13.1338269134567	-0.520328035803394
13.1406603301651	-0.410740146823166
13.1474937468734	-0.456273884505883
13.1543271635818	-0.624717233542985
13.1611605802901	-0.825124728596103
13.1679939969985	-0.714696605316286
13.1748274137069	-0.551678309375695
13.1816608304152	-0.355117449594484
13.1884942471236	-0.097559722321825
13.1953276638319	0.260510678594514
13.2021610805403	0.692247215269721
13.2089944972486	1.12447844874755
13.215827913957	1.50948013870426
13.2226613306653	1.75054278696375
13.2294947473737	1.80847595925226
13.236328164082	1.69831774017905
13.2431615807904	1.49936433664791
13.2499949974987	1.29821245157533
13.2568284142071	1.10441495741481
13.2636618309155	0.922604899968882
13.2704952476238	0.763635316706106
13.2773286643322	0.62764411339824
13.2841620810405	0.487749446887224
13.2909954977489	0.313127905986039
13.2978289144572	0.104676206933137
13.3046623311656	-0.138220506832274
13.3114957478739	-0.415173245326843
13.3183291645823	-0.726548113567517
13.3251625812906	-0.653607621012541
13.331995997999	-0.359393731881609
13.3388294147074	-0.120192946190994
13.3456628314157	0.0666674045487885
13.3524962481241	0.211536457079478
13.3593296648324	0.315547458217311
13.3661630815408	0.408622430550133
13.3729964982491	0.547730540464379
13.3798299149575	0.733615253869578
13.3866633316658	0.97877849434457
13.3934967483742	1.29406148146421
13.4003301650825	1.65534990072296
13.4071635817909	2.01758477716196
13.4139969984993	2.30931507854122
13.4208304152076	2.49354544167391
13.427663831916	2.51479437783748
13.4344972486243	2.32342641377818
13.4413306653327	1.92319953841726
13.448164082041	1.37508394534121
13.4549974987494	0.78980509466582
13.4618309154577	0.281013934146056
13.4686643321661	-0.0956100090091353
13.4754977488744	-0.314676026594921
13.4823311655828	-0.425738974176835
13.4891645822911	-0.512570020191355
13.4959979989995	-0.614737505723436
13.5028314157079	-0.752357043721073
13.5096648324162	-0.81093889903355
13.5164982491246	-0.685767936804837
13.5233316658329	-0.614130997472872
13.5301650825413	-0.58334676450765
13.5369984992496	-0.575960523855373
13.543831915958	-0.59143181990389
13.5506653326663	-0.62038564370061
13.5574987493747	-0.652068453125583
13.564332166083	-0.698891112827302
13.5711655827914	-0.792835369940081
13.5779989994997	-0.76228038707677
13.5848324162081	-0.553469526271948
13.5916658329165	-0.355287220620492
13.5984992496248	-0.364688233154393
13.6053326663332	-0.813545438192571
13.6121660830415	0.142058984989101
13.6189994997499	1.77557503447567
13.6258329164582	3.80457094679191
13.6326663331666	5.87323772575587
13.6394997498749	7.58288152238247
13.6463331665833	8.69605168318486
13.6531665832916	9.22498893061941
13.66	9.33719519948436
13.67	0
14.0369696969697	0
14.4039393939394	0
14.7709090909091	0
15.1378787878788	0
15.5048484848485	0
15.8718181818182	0
16.2387878787879	0
16.6057575757576	0
16.9727272727273	0
17.339696969697	0
17.7066666666667	0
18.0736363636364	0
18.4406060606061	0
18.8075757575758	0
19.1745454545455	0
19.5415151515151	0
19.9084848484849	0
20.2754545454545	0
20.6424242424242	0
21.0093939393939	0
21.3763636363636	0
21.7433333333333	0
22.110303030303	0
22.4772727272727	0
22.8442424242424	0
23.2112121212121	0
23.5781818181818	0
23.9451515151515	0
24.3121212121212	0
24.6790909090909	0
25.0460606060606	0
25.4130303030303	0
25.78	0
26.1469696969697	0
26.5139393939394	0
26.8809090909091	0
27.2478787878788	0
27.6148484848485	0
27.9818181818182	0
28.3487878787879	0
28.7157575757576	0
29.0827272727273	0
29.449696969697	0
29.8166666666667	0
30.1836363636364	0
30.5506060606061	0
30.9175757575758	0
31.2845454545455	0
31.6515151515151	0
32.0184848484849	0
32.3854545454545	0
32.7524242424242	0
33.1193939393939	0
33.4863636363636	0
33.8533333333333	0
34.220303030303	0
34.5872727272727	0
34.9542424242424	0
35.3212121212121	0
35.6881818181818	0
36.0551515151515	0
36.4221212121212	0
36.7890909090909	0
37.1560606060606	0
37.5230303030303	0
37.89	0
38.2569696969697	0
38.6239393939394	0
38.9909090909091	0
39.3578787878788	0
39.7248484848485	0
40.0918181818182	0
40.4587878787879	0
40.8257575757576	0
41.1927272727273	0
41.559696969697	0
41.9266666666667	0
42.2936363636364	0
42.6606060606061	0
43.0275757575758	0
43.3945454545455	0
43.7615151515151	0
44.1284848484848	0
44.4954545454545	0
44.8624242424242	0
45.2293939393939	0
45.5963636363636	0
45.9633333333333	0
46.330303030303	0
46.6972727272727	0
47.0642424242424	0
47.4312121212121	0
47.7981818181818	0
48.1651515151515	0
48.5321212121212	0
48.8990909090909	0
49.2660606060606	0
49.6330303030303	0
50	0
