time	TOC
0	3.0031958954082
0.00683341670835418	3.01379656448877
0.0136668334167084	3.02439723662979
0.0205002501250625	3.03494392996713
0.0273336668334167	3.04442500247835
0.0341670835417709	3.05042635366193
0.0410005002501251	3.05026443508326
0.0478339169584792	3.04092146433944
0.0546673336668334	3.01923076194621
0.0615007503751876	2.98217209799814
0.0683341670835418	2.92685400822718
0.075167583791896	2.8509159667013
0.0820010005002501	2.75318092877704
0.0888344172086043	2.63336273671863
0.0956678339169585	2.49151130804521
0.102501250625313	2.32866079025428
0.109334667333667	2.14693684486162
0.116168084042021	1.94907777566084
0.123001500750375	1.73798308681028
0.129834917458729	1.51656921472687
0.136668334167084	1.28788179498904
0.143501750875438	1.05520497042647
0.150335167583792	0.821901515921118
0.157168584292146	0.591643986771956
0.1640020010005	0.368715429792551
0.170835417708854	0.157743762017135
0.177668834417209	-0.0372242293278377
0.184502251125563	-0.213717168939668
0.191335667833917	-0.370695573272775
0.198169084542271	-0.507988628630915
0.205002501250625	-0.625753922949564
0.211835917958979	-0.724232317350248
0.218669334667334	-0.803783361282574
0.225502751375688	-0.864958464019183
0.232336168084042	-0.90867236298269
0.239169584792396	-0.936015639253184
0.24600300150075	-0.948148663567377
0.252836418209105	-0.94622384881278
0.259669834917459	-0.931397659267175
0.266503251625813	-0.904907438884397
0.273336668334167	-0.868102383526488
0.280170085042521	-0.822514968928139
0.287003501750875	-0.769760663246571
0.29383691845923	-0.711410232397308
0.300670335167584	-0.648847112945865
0.307503751875938	-0.583396858557093
0.314337168584292	-0.516553025593962
0.321170585292646	-0.450159037906877
0.328004002001	-0.386305559555347
0.334837418709355	-0.327037278389164
0.341670835417709	-0.273984953863472
0.348504252126063	-0.22815270022501
0.355337668834417	-0.189979526429663
0.362171085542771	-0.159526788550205
0.369004502251126	-0.136546398522256
0.37583791895948	-0.120617574359437
0.382671335667834	-0.11113181052945
0.389504752376188	-0.106873783548394
0.396338169084542	-0.106042076861577
0.403171585792896	-0.106481258546343
0.410005002501251	-0.106277481650896
0.416838419209605	-0.104293332551422
0.423671835917959	-0.100296514238699
0.430505252626313	-0.0945151860201093
0.437338669334667	-0.08725269153716
0.444172086043022	-0.0787941589136393
0.451005502751376	-0.0692795394772427
0.45783891945973	-0.058748988966144
0.464672336168084	-0.0473046999333254
0.471505752876438	-0.035236110409959
0.478339169584792	-0.0230057390541465
0.485172586293147	-0.011230889137193
0.492006003001501	-0.000706084507377066
0.498839419709855	0.00766765260579728
0.505672836418209	0.0128929699085807
0.512506253126563	0.0139553638303616
0.519339669834918	0.00997174762577558
0.526173086543272	0.000380760918360772
0.533006503251626	-0.0149575719774575
0.53983991995998	-0.0359063254073806
0.546673336668334	-0.0620010550626722
0.553506753376688	-0.092474450869765
0.560340170085043	-0.126404637991767
0.567173586793397	-0.162797957644547
0.574007003501751	-0.200669587803464
0.580840420210105	-0.239104986924449
0.587673836918459	-0.277311278650694
0.594507253626813	-0.314643339491548
0.601340670335168	-0.350493944429819
0.608174087043522	-0.384203865552729
0.615007503751876	-0.414876305562609
0.62184092046023	-0.441276350040827
0.628674337168584	-0.461907921807892
0.635507753876939	-0.475229054132417
0.642341170585293	-0.479844306484611
0.649174587293647	-0.474643781322359
0.656008004002001	-0.458813273499592
0.662841420710355	-0.431734423268546
0.669674837418709	-0.392880445062139
0.676508254127064	-0.341830038808878
0.683341670835418	-0.278410305698756
0.690175087543772	-0.202717383109126
0.697008504252126	-0.11537211755452
0.70384192096048	-0.0176208215568885
0.710675337668834	0.0889169126677513
0.717508754377189	0.202257063105052
0.724342171085543	0.320088270376967
0.731175587793897	0.439953243007239
0.738009004502251	0.55931005019307
0.744842421210605	0.675757717344806
0.75167583791896	0.787126840749922
0.758509254627314	0.891305217542162
0.765342671335668	0.98656536820359
0.772176088044022	1.07185146559414
0.779009504752376	1.14646860756238
0.78584292146073	1.20977465644463
0.792676338169085	1.26120355061813
0.799509754877439	1.3003763718059
0.806343171585793	1.32745198825738
0.813176588294147	1.34349903608572
0.820010005002501	1.35051607231451
0.826843421710855	1.35116478510913
0.83367683841921	1.3482313747787
0.840510255127564	1.34444650635819
0.847343671835918	1.34256915908998
0.854177088544272	1.34549137545732
0.861010505252626	1.3562641970445
0.867843921960981	1.37779226197175
0.874677338669335	1.41213092899869
0.881510755377689	1.45978998652345
0.888344172086043	1.51948512220195
0.895177588794397	1.58847780231946
0.902011005502751	1.6632920220831
0.908844422211106	1.74041163431115
0.91567783891946	1.81651647390361
0.922511255627814	1.8884974050401
0.929344672336168	1.95348239856925
0.936178089044522	2.00879711111909
0.943011505752877	2.05207230407904
0.949844922461231	2.08146179516361
0.956678339169585	2.09584229650714
0.963511755877939	2.09488621224943
0.970345172586293	2.07882213686877
0.977178589294647	2.04813492488754
0.984012006003002	2.00348294612387
0.990845422711356	1.94576786621524
0.99767883941971	1.87653657276228
1.00451225612806	1.79793631521802
1.01134567283642	1.71245651681604
1.01817908954477	1.62333405328081
1.02501250625313	1.53409783526342
1.03184592296148	1.44801530725501
1.03867933966984	1.36775126923859
1.04551275637819	1.29522771399564
1.05234617308654	1.23207478427523
1.0591795897949	1.18002207324061
1.06601300650325	1.14090328473691
1.07284642321161	1.11639374818428
1.07967983991996	1.10769995378089
1.08651325662831	1.11546586133074
1.09334667333667	1.14011942122863
1.10018009004502	1.18118877279703
1.10701350675338	1.23680130965034
1.11384692346173	1.30425368367967
1.12068034017009	1.38067584023983
1.12751375687844	1.4627804132188
1.13434717358679	1.54714948406949
1.14118059029515	1.63045574246996
1.1480140070035	1.70956294965629
1.15484742371186	1.78139197580635
1.16168084042021	1.84348863609523
1.16851425712856	1.89444449119823
1.17534767383692	1.93360542054104
1.18218109054527	1.96062401008242
1.18901450725363	1.9750989796904
1.19584792396198	1.97646094249643
1.20268134067034	1.96408405092921
1.20951475737869	1.93743847252021
1.21634817408704	1.89659891619751
1.2231815907954	1.84235604287097
1.23001500750375	1.77573707935891
1.23684842421211	1.69803553430341
1.24368184092046	1.61051361739642
1.25051525762881	1.51420293909163
1.25734867433717	1.4099300879762
1.26418209104552	1.29823897503336
1.27101550775388	1.17969682575234
1.27784892446223	1.05511439907447
1.28468234117059	0.925786585887682
1.29151575787894	0.793561575399659
1.29834917458729	0.660619345830437
1.30518259129565	0.529049014291052
1.312016008004	0.400481655124125
1.31884942471236	0.276175811922588
1.32568284142071	0.157315782171688
1.33251625812906	0.0447165944420113
1.33934967483742	-0.0612392644404492
1.34618309154577	-0.160393229790286
1.35301650825413	-0.252678177851516
1.35984992496248	-0.338064977179217
1.36668334167084	-0.416571055760535
1.37351675837919	-0.48828898338579
1.38035017508754	-0.55337730972732
1.3871835917959	-0.612122332621726
1.39401700850425	-0.664922679959199
1.40085042521261	-0.712203770298639
1.40768384192096	-0.75441710306593
1.41451725862931	-0.792019351933801
1.42135067533767	-0.825444847517847
1.42818409204602	-0.854983701150122
1.43501750875438	-0.880772034761272
1.44185092546273	-0.902895664633683
1.44868434217109	-0.921492070149805
1.45551775887944	-0.936836628212872
1.46235117558779	-0.949397249525053
1.46918459229615	-0.959723472049988
1.4760180090045	-0.968308051519734
1.48285142571286	-0.975527566316272
1.48968484242121	-0.981670048794563
1.49651825912956	-0.986939285386525
1.50335167583792	-0.991472517085258
1.51018509254627	-0.995396563806414
1.51701850925463	-0.998857169383028
1.52385192596298	-1.00197378660957
1.53068534267134	-1.00479377534682
1.53751875937969	-1.0072779961776
1.54435217608804	-1.00935213926904
1.5511855927964	-1.01097496956762
1.55801900950475	-1.01223524046956
1.56485242621311	-1.01340955570529
1.57168584292146	-1.0148084736586
1.57851925962982	-1.01653463438901
1.58535267633817	-1.01836670926217
1.59218609304652	-1.01986025463453
1.59901950975488	-1.02058142775455
1.60585292646323	-1.02021399360544
1.61268634317159	-1.01858525409276
1.61951975987994	-1.01556281877335
1.62635317658829	-1.01085234493469
1.63318659329665	-1.00393412249201
1.640020010005	-0.994301906787066
1.64685342671336	-0.981670676122152
1.65368684342171	-0.965877527135725
1.66052026013007	-0.946938227472401
1.66735367683842	-0.925053835609775
1.67418709354677	-0.90050254631768
1.68102051025513	-0.873687013363766
1.68785392696348	-0.845277185596844
1.69468734367184	-0.816291822265862
1.70152076038019	-0.787941441578793
1.70835417708854	-0.761222217569336
1.7151875937969	-0.73672643577943
1.72202101050525	-0.714535661963528
1.72885442721361	-0.694374829985223
1.73568784392196	-0.676142177896896
1.74252126063032	-0.660062324322267
1.74935467733867	-0.646614891832279
1.75618809404702	-0.636130664634229
1.76302151075538	-0.62817423670561
1.76985492746373	-0.62162177394979
1.77668834417209	-0.614969567502552
1.78352176088044	-0.60667455939776
1.79035517758879	-0.595467116707818
1.79718859429715	-0.580335565692395
1.8040220110055	-0.560279779670583
1.81085542771386	-0.534030235300874
1.81768884442221	-0.500103908252604
1.82452226113057	-0.457260624691063
1.83135567783892	-0.404954782667187
1.83818909454727	-0.343457232603643
1.84502251125563	-0.273708384494435
1.85185592796398	-0.197063525495471
1.85868934467234	-0.115102267507203
1.86552276138069	-0.0294855653055253
1.87235617808904	0.0581485492390469
1.8791895947974	0.146300271561404
1.88602301150575	0.23376015385996
1.89285642821411	0.319801341827547
1.89968984492246	0.403968781447036
1.90652326163082	0.485445663758858
1.91335667833917	0.562626608062724
1.92019009504752	0.63321174957252
1.92702351175588	0.694720765236317
1.93385692846423	0.744874593320113
1.94069034517259	0.782557997378593
1.94752376188094	0.808097476698734
1.95435717858929	0.823165581775376
1.96119059529765	0.830285509398498
1.968024012006	0.832225616947591
1.97485742871436	0.831710270493399
1.98169084542271	0.831235091151905
1.98852426213107	0.832890366743855
1.99535767883942	0.838203358776289
2.00219109554777	0.847965577736917
2.00902451225613	0.861961159804194
2.01585792896448	0.879238935480675
2.02269134567284	0.898721544043924
2.02952476238119	0.919808476400867
2.03635817908954	0.942465840822111
2.0431915957979	0.967097036761942
2.05002501250625	0.994136697045959
2.05685842921461	1.02376998276043
2.06369184592296	1.05570882687472
2.07052526263132	1.08894064442522
2.07735867933967	1.12202861806613
2.08419209604802	1.15342074454225
2.09102551275638	1.18168892348204
2.09785892946473	1.2056766989325
2.10469234617309	1.22441605198065
2.11152576288144	1.23697179143149
2.11835917958979	1.24247905397926
2.12519259629815	1.24001174965325
2.1320260130065	1.22837161593526
2.13885942971486	1.20594812911169
2.14569284642321	1.17082101603926
2.15252626313157	1.12105244158028
2.15935967983992	1.05498098184542
2.16619309654827	0.971781149229604
2.17302651325663	0.872073312091899
2.17985992996498	0.758294295924461
2.18669334667334	0.634690832305828
2.19352676338169	0.506167718223089
2.20036018009005	0.377858127238634
2.2071935967984	0.254718904387153
2.21402701350675	0.140661427315236
2.22086043021511	0.0386289419080799
2.22769384692346	-0.0488309787382991
2.23452726363182	-0.119826357116793
2.24136068034017	-0.172856936101784
2.24819409704852	-0.20666554153094
2.25502751375688	-0.220296286958865
2.26186093046523	-0.213615895187268
2.26869434717359	-0.187625366914375
2.27552776388194	-0.14409350246945
2.2823611805903	-0.0855312943156207
2.28919459729865	-0.0147279049840245
2.296028014007	0.0654711004638203
2.30286143071536	0.152399990182122
2.30969484742371	0.243606313008491
2.31652826413207	0.336758040764212
2.32336168084042	0.429577407031377
2.33019509754877	0.51982193369359
2.33702851425713	0.60523019334335
2.34386193096548	0.683401916738155
2.35069534767384	0.751628991434764
2.35752876438219	0.806916293523868
2.36436218109055	0.846230876083762
2.3711955977989	0.866829902496693
2.37802901450725	0.866763115723489
2.38486243121561	0.845505784610741
2.39169584792396	0.803970125147434
2.39852926463232	0.743722080304373
2.40536268134067	0.667316836402231
2.41219609804902	0.578555297273673
2.41902951475738	0.482271738738412
2.42586293146573	0.383805131734102
2.43269634817409	0.288284635176012
2.43952976488244	0.199758434084183
2.4463631815908	0.120728191010943
2.45319659829915	0.0525069448252703
2.4600300150075	-0.00482699956756837
2.46686343171586	-0.0520526762385846
2.47369684842421	-0.0901630719801881
2.48053026513257	-0.120089021215961
2.48736368184092	-0.142751567683878
2.49419709854927	-0.159232835488338
2.50103051525763	-0.170925099781702
2.50786393196598	-0.179392993376758
2.51469734867434	-0.186177662424968
2.52153076538269	-0.192486784550257
2.52836418209105	-0.199089319311482
2.5351975987994	-0.206525341382495
2.54203101550775	-0.215453489276223
2.54886443221611	-0.226764133088564
2.55569784892446	-0.241581162599721
2.56253126563282	-0.261053081794911
2.56936468234117	-0.286028515658727
2.57619809904952	-0.316924735259205
2.58303151575788	-0.353329624316029
2.58986493246623	-0.394385973903793
2.59669834917459	-0.439052828131546
2.60353176588294	-0.486468619820996
2.6103651825913	-0.536166886898863
2.61719859929965	-0.587957318458448
2.624032016008	-0.641611410866158
2.63086543271636	-0.696537962414827
2.63769884942471	-0.751943616167359
2.64453226613307	-0.80690230611609
2.65136568284142	-0.86037091295593
2.65819909954977	-0.911370831328496
2.66503251625813	-0.959106098704166
2.67186593296648	-1.0028138336316
2.67869934967484	-1.04146068862012
2.68553276638319	-1.07362127502085
2.69236618309155	-1.09769376720034
2.6991995997999	-1.11211672589398
2.70603301650825	-1.11558846248861
2.71286643321661	-1.10704689054988
2.71969984992496	-1.08573750634906
2.72653326663332	-1.0509436794644
2.73336668334167	-1.00180641949104
2.74020010005003	-0.937342408780276
2.74703351675838	-0.856582648568918
2.75386693346673	-0.758883746876573
2.76070035017509	-0.64412915243664
2.76753376688344	-0.512504338787134
2.7743671835918	-0.364643190308516
2.78120060030015	-0.20147907112383
2.7880340170085	-0.0241256117308055
2.79486743371686	0.166003285832925
2.80170085042521	0.366996579450155
2.80853426713357	0.575723025107022
2.81536768384192	0.787648732419123
2.82220110055028	0.99782645519164
2.82903451725863	1.20103084863148
2.83586793396698	1.39181610105928
2.84270135067534	1.56507803951806
2.84953476738369	1.71597015699394
2.85636818409205	1.84034667921849
2.8632016008004	1.93471258984888
2.87003501750875	1.9965803202269
2.87686843421711	2.02518067460577
2.88370185092546	2.02111486444162
2.89053526763382	1.98596970336284
2.89736868434217	1.92209686261878
2.90420210105053	1.83264605163686
2.91103551775888	1.72184977916541
2.91786893446723	1.59534636653742
2.92470235117559	1.45971036435086
2.93153576788394	1.32190191388599
2.9383691845923	1.18896725758304
2.94520260130065	1.06689334138636
2.952036018009	0.960609501002448
2.95886943471736	0.873489401365943
2.96570285142571	0.807987948138176
2.97253626813407	0.766304619367361
2.97936968484242	0.749248961762773
2.98620310155078	0.756208983057131
2.99303651825913	0.785749963140313
2.99986993496748	0.83645196450408
3.00670335167584	0.906851114983271
3.01353676838419	0.994763150060522
3.02037018509255	1.09685841626637
3.0272036018009	1.20920390063172
3.03403701850925	1.32788203491552
3.04087043521761	1.44936579859975
3.04770385192596	1.57060875128596
3.05453726863432	1.68866563119876
3.06137068534267	1.80017869742256
3.06820410205103	1.90137162159359
3.07503751875938	1.98867684279285
3.08187093546773	2.05953196545074
3.08870435217609	2.11289906997561
3.09553776888444	2.1490749954287
3.1023711855928	2.16895557608314
3.10920460230115	2.17336588795709
3.1160380190095	2.16291981231107
3.12287143571786	2.13849521870537
3.12970485242621	2.10181408164766
3.13653826913457	2.05539398864988
3.14337168584292	2.00210578919129
3.15020510255128	1.94480947420558
3.15703851925963	1.88602656275567
3.16387193596798	1.82782365099136
3.17070535267634	1.77204389032697
3.17753876938469	1.72041535973583
3.18437218609305	1.67444009091002
3.1912056028014	1.63516152530075
3.19803901950976	1.60293450497997
3.20487243621811	1.57726194342399
3.21170585292646	1.55656659156654
3.21853926963482	1.53884342211879
3.22537268634317	1.52217940327394
3.23220610305153	1.50493786342636
3.23903951975988	1.48591285451541
3.24587293646823	1.46410877902652
3.25270635317659	1.43850767468153
3.25953976988494	1.40804359443678
3.2663731865933	1.37176368821701
3.27320660330165	1.32896262347724
3.28004002001001	1.27912010455374
3.28687343671836	1.22188370697906
3.29370685342671	1.15690670954114
3.30054027013507	1.08370525333738
3.30737368684342	1.00160673613305
3.31420710355178	0.909932113815876
3.32104052026013	0.8084106144237
3.32787393696848	0.697616108069385
3.33470735367684	0.579005251292951
3.34154077038519	0.454653956314917
3.34837418709355	0.326822216442043
3.3552076038019	0.197639788309886
3.36204102051026	0.069054741488586
3.36887443721861	-0.0571852391532759
3.37570785392696	-0.179530649222929
3.38254127063532	-0.296671490482196
3.38937468734367	-0.407452838995557
3.39620810405203	-0.5110223415834
3.40304152076038	-0.606837941311055
3.40987493746873	-0.694616339756382
3.41670835417709	-0.774249536989789
3.42354177088544	-0.845682663797819
3.4303751875938	-0.908973945566804
3.43720860430215	-0.964199086519326
3.44404202101051	-1.01145363087838
3.45087543771886	-1.05091048858171
3.45770885442721	-1.08291907606211
3.46454227113557	-1.10805790235887
3.47137568784392	-1.12703016981333
3.47820910455228	-1.14065318680149
3.48504252126063	-1.14977055660009
3.49187593796898	-1.15519276540875
3.49870935467734	-1.15764955090498
3.50554277138569	-1.15782929372907
3.51237618809405	-1.15641528710639
3.5192096048024	-1.15407222202592
3.52604302151076	-1.15142203986889
3.53287643821911	-1.14898844902383
3.53970985492746	-1.1472506147343
3.54654327163582	-1.14645076325415
3.55337668834417	-1.14655203119499
3.56021010505253	-1.14746366207318
3.56704352176088	-1.14900003314094
3.57387693846923	-1.1508107339422
3.58071035517759	-1.15233095157139
3.58754377188594	-1.15283477446916
3.5943771885943	-1.15138758354866
3.60121060530265	-1.14685503600329
3.60804402201101	-1.13814566301904
3.61487743871936	-1.12446236597335
3.62171085542771	-1.10537921657835
3.62854427213607	-1.08064021098052
3.63537768884442	-1.05013940739768
3.64221110555278	-1.0137861785707
3.64904452226113	-0.971431433567071
3.65587793896948	-0.922907066932839
3.66271135567784	-0.868138852460996
3.66954477238619	-0.807429360316079
3.67637818909455	-0.741381505103177
3.6832116058029	-0.670866964802699
3.69004502251126	-0.59679427118398
3.69687843921961	-0.519921998957825
3.70371185592796	-0.440847889456811
3.71054527263632	-0.3601419183627
3.71737868934467	-0.278472508324438
3.72421210605303	-0.196610203816703
3.73104552276138	-0.11546622296596
3.73787893946974	-0.0359067736881084
3.74471235617809	0.0414507971128346
3.75154577288644	0.116325701606757
3.7583791895948	0.188561152008648
3.76521260630315	0.258001513788194
3.77204602301151	0.324491155177942
3.77887943971986	0.387839474441759
3.78571285642821	0.447635575869679
3.79254627313657	0.503383001192794
3.79937968984492	0.554585693032919
3.80621310655328	0.600842447778206
3.81304652326163	0.642006986743789
3.81987993996999	0.678217022296189
3.82671335667834	0.70979527792336
3.83354677338669	0.737111227389123
3.84038019009505	0.760460675298568
3.8472136068034	0.780010075238978
3.85404702351176	0.795841687100181
3.86088044022011	0.808018747893893
3.86771385692846	0.816622409794954
3.87454727363682	0.821982304511398
3.88138069034517	0.824609789849921
3.88821410705353	0.825020951654942
3.89504752376188	0.823767765490712
3.90188094047024	0.821468176252393
3.90871435717859	0.818779758991472
3.91554777388694	0.816428314786521
3.9223811905953	0.81524108237058
3.92921460730365	0.816066829533028
3.93604802401201	0.819546043819891
3.94288144072036	0.825811065427552
3.94971485742871	0.834252163958276
3.95654827413707	0.843546529944146
3.96338169084542	0.852043583987576
3.97021510755378	0.858122075777049
3.97704852426213	0.860621800386205
3.98388194097049	0.858991138325015
3.99071535767884	0.853002253435899
3.99754877438719	0.84240807745399
4.00438219109555	0.826777986646061
4.0112156078039	0.805570543389781
4.01804902451226	0.778504099503872
4.02488244122061	0.745720339435259
4.03171585792896	0.707718409670651
4.03854927463732	0.665098927566908
4.04538269134567	0.618873120217794
4.05221610805403	0.570242779221406
4.05904952476238	0.520278143023907
4.06588294147074	0.469989103245643
4.07271635817909	0.420087304886501
4.07954977488744	0.37111094971756
4.0863831915958	0.323643666108165
4.09321660830415	0.278526179549049
4.10005002501251	0.237010638578428
4.10688344172086	0.200745281300882
4.11371685842921	0.17169251458564
4.12055027513757	0.151808662781868
4.12738369184592	0.1428306018314
4.13421710855428	0.146016637824131
4.14105052526263	0.161791988191146
4.14788394197099	0.189736240493303
4.15471735867934	0.228896834576152
4.16155077538769	0.277423477603395
4.16838419209605	0.33258970224314
4.1752176088044	0.391363525473737
4.18205102551276	0.450377324151735
4.18888444222111	0.506100028940704
4.19571785892946	0.555131320917947
4.20255127563782	0.594302971008913
4.20938469234617	0.6208786921256
4.21621810905453	0.632630868469128
4.22305152576288	0.62769497255267
4.22988494247124	0.604578629869579
4.23671835917959	0.562462812301853
4.24355177588794	0.501156534584749
4.2503851925963	0.421145341174096
4.25721860930465	0.323981422401417
4.26405202601301	0.212360625576734
4.27088544272136	0.0892964079410987
4.27771885942972	-0.0419957442496982
4.28455227613807	-0.178192509502684
4.29138569284642	-0.316130709021676
4.29821910955478	-0.45274324530887
4.30505252626313	-0.585165114026978
4.31188594297149	-0.710864387350309
4.31871935967984	-0.82789115022558
4.32555277638819	-0.934763184677617
4.33238619309655	-1.03061383490526
4.3392196098049	-1.1152014084307
4.34605302651326	-1.18860679824203
4.35288644322161	-1.25097930056533
4.35971985992996	-1.3025419957974
4.36655327663832	-1.34358947602098
4.37338669334667	-1.37443662382829
4.38022011005503	-1.39554909621716
4.38705352676338	-1.40762849516071
4.39388694347174	-1.41156851343675
4.40072036018009	-1.40833760151723
4.40755377688844	-1.39886417408168
4.4143871935968	-1.38398118909624
4.42122061030515	-1.36443714795064
4.42805402701351	-1.34099198771481
4.43488744372186	-1.31448258400854
4.44172086043022	-1.2858575685614
4.44855427713857	-1.2561220646577
4.45538769384692	-1.22620569233409
4.46222111055528	-1.19685537631901
4.46905452726363	-1.16873009854895
4.47588794397199	-1.14219724045976
4.48272136068034	-1.11731073570471
4.48955477738869	-1.09396439970231
4.49638819409705	-1.07203070506151
4.5032216108054	-1.05138291318453
4.51005502751376	-1.03190987286677
4.51688844422211	-1.01348541437115
4.52372186093047	-0.995856466711593
4.53055527763882	-0.978596158436892
4.53738869434717	-0.961191928864338
4.54422211105553	-0.943224339669837
4.55105552776388	-0.924555495477421
4.55788894447224	-0.905197970930631
4.56472236118059	-0.88516663173751
4.57155577788894	-0.864493815391087
4.5783891945973	-0.84339237907466
4.58522261130565	-0.822133661348974
4.59205602801401	-0.800698477166753
4.59888944472236	-0.778872808316978
4.60572286143072	-0.756218490132919
4.61255627813907	-0.732045489475296
4.61938969484742	-0.705872520839735
4.62622311155578	-0.677791782103878
4.63305652826413	-0.648450338109353
4.63988994497249	-0.618662161188294
4.64672336168084	-0.588934358959506
4.65355677838919	-0.559443293772803
4.66039019509755	-0.529965229575061
4.6672236118059	-0.500004750067341
4.67405702851426	-0.469099073165037
4.68089044522261	-0.436986369167292
4.68772386193097	-0.403558989167847
4.69455727863932	-0.368745610788799
4.70139069534767	-0.332431601038182
4.70822411205603	-0.294345742634234
4.71505752876438	-0.254324104028214
4.72189094547274	-0.212895070390687
4.72872436218109	-0.17149370286785
4.73555777888944	-0.13200458050307
4.7423911955978	-0.0963095389549219
4.74922461230615	-0.0657115786223938
4.75605802901451	-0.0407208162204812
4.76289144572286	-0.0211571981005003
4.76972486243122	-0.00662050114496018
4.77655827913957	0.00304142145284578
4.78339169584792	0.00734622631855252
4.79022511255628	0.00549585245676392
4.79705852926463	-0.0028746702339417
4.80389194597299	-0.0170552947685772
4.81072536268134	-0.0353577547829629
4.8175587793897	-0.0559024803325937
4.82439219609805	-0.0768438593823801
4.8312256128064	-0.0965210862224759
4.83805902951476	-0.113444707924917
4.84489244622311	-0.126111897222402
4.85172586293147	-0.132912972533027
4.85855927963982	-0.132401277291747
4.86539269634817	-0.123846174543758
4.87222611305653	-0.107451934504403
4.87905952976488	-0.0839810791168352
4.88589294647324	-0.0545220863329016
4.89272636318159	-0.0198772041603667
4.89955977988994	0.0197495745001319
4.9063931965983	0.0644429419005807
4.91322661330665	0.113979324455046
4.92006003001501	0.16739126616465
4.92689344672336	0.223071149971288
4.93372686343172	0.279207962112966
4.94056028014007	0.334046008954582
4.94739369684843	0.386154112155799
4.95422711355678	0.434463303066703
4.96106053026513	0.478139951476561
4.96789394697349	0.516464323495011
4.97472736368184	0.548851462306393
4.9815607803902	0.574799674113994
4.98839419709855	0.59388779007381
4.9952276138069	0.606327538383979
5.00206103051526	0.613070313169889
5.00889444722361	0.615412977807265
5.01572786393197	0.61454328288868
5.02256128064032	0.611029827748082
5.02939469734867	0.605294646861661
5.03622811405703	0.597759778344137
5.04306153076538	0.588847256617995
5.04989494747374	0.578979116997214
5.05672836418209	0.568577369362654
5.06356178089045	0.558046526214321
5.0703951975988	0.547743528240465
5.07722861430715	0.538019189060147
5.08406203101551	0.529348230977714
5.09089544772386	0.522427210695775
5.09772886443222	0.518088900990272
5.10456228114057	0.517149083168168
5.11139569784893	0.520280723961278
5.11822911455728	0.527813522669865
5.12506253126563	0.539662810743708
5.13189594797399	0.555487349087563
5.13872936468234	0.574525627570643
5.1455627813907	0.59576013192257
5.15239619809905	0.617696737700072
5.1592296148074	0.638585307656899
5.16606303151576	0.656675425518881
5.17289644822411	0.670389030212536
5.17972986493247	0.67856561138512
5.18656328164082	0.680411321671379
5.19339669834917	0.675425279794827
5.20023011505753	0.663494670131934
5.20706353176588	0.644722751137736
5.21389694847424	0.619284179884478
5.22073036518259	0.587379515405772
5.22756378189095	0.549258990942137
5.2343971985993	0.505310020682152
5.24123061530765	0.456083963519968
5.24806403201601	0.402476265336595
5.25489744872436	0.345664927050899
5.26173086543272	0.286951863839339
5.26856428214107	0.227603560381822
5.27539769884943	0.168786439011284
5.28223111555778	0.111555400688192
5.28906453226613	0.0568989074951118
5.29589794897449	0.0058484976366532
5.30273136568284	-0.0405140706456005
5.3095647823912	-0.0809657725223848
5.31639819909955	-0.114094763678602
5.3232316158079	-0.138432161649618
5.33006503251626	-0.152661445194001
5.33689844922461	-0.155879623176789
5.34373186593297	-0.147511765453239
5.35056528264132	-0.127041308949691
5.35739869934967	-0.094454016753701
5.36423211605803	-0.0505112192981178
5.37106553276638	0.00341579986885117
5.37789894947474	0.0655240829569077
5.38473236618309	0.133751656771575
5.39156578289145	0.205896741007399
5.3983991995998	0.279591126549359
5.40523261630815	0.352332498388562
5.41206603301651	0.421566165087326
5.41889944972486	0.484708671243167
5.42573286643322	0.5393764479496
5.43256628314157	0.583718689614407
5.43939969984993	0.616744507031933
5.44623311655828	0.638443384732249
5.45306653326663	0.649586652569986
5.45989994997499	0.651164757576426
5.46673336668334	0.644175696701466
5.4735667833917	0.629520922938469
5.48040020010005	0.607890542036606
5.4872336168084	0.579839066473682
5.49406703351676	0.545873299585834
5.50090045022511	0.506484217957534
5.50773386693347	0.462188019485627
5.51456728364182	0.413526465208069
5.52140070035018	0.361061862696881
5.52823411705853	0.305416546235056
5.53506753376688	0.247425822864462
5.54190095047524	0.188057394383909
5.54873436718359	0.128435094494153
5.55556778389195	0.0700022348892962
5.5624012006003	0.0142426028490939
5.56923461730865	-0.0373798627765291
5.57606803401701	-0.0836180796777403
5.58290145072536	-0.123830187812875
5.58973486743372	-0.157860621765498
5.59656828414207	-0.18559897836887
5.60340170085043	-0.207022896403569
5.61023511755878	-0.222752255900761
5.61706853426713	-0.233906114134008
5.62390195097549	-0.241641889377843
5.63073536768384	-0.24711532550369
5.6375687843922	-0.251406153852782
5.64440220110055	-0.255204660921229
5.6512356178089	-0.258561437672868
5.65806903451726	-0.26092579747935
5.66490245122561	-0.261638247059896
5.67173586793397	-0.260384032716209
5.67856928464232	-0.257520686198864
5.68540270135068	-0.254047232272078
5.69223611805903	-0.251245678033651
5.69906953476738	-0.250440457362279
5.70590295147574	-0.252722123655246
5.71273636818409	-0.258863260314796
5.71956978489245	-0.269272652265368
5.7264032016008	-0.284204231392691
5.73323661830915	-0.303783612313218
5.74007003501751	-0.32800455737778
5.74690345172586	-0.356651101867938
5.75373686843422	-0.388836731616044
5.76057028514257	-0.42321217115723
5.76740370185093	-0.458211080119659
5.77423711855928	-0.492117029576683
5.78107053526763	-0.523429343653876
5.78790395197599	-0.55097613320515
5.79473736868434	-0.574034838555022
5.8015707853927	-0.59205951379219
5.80840420210105	-0.604433015220996
5.8152376188094	-0.610364928859333
5.82207103551776	-0.608994457202901
5.82890445222611	-0.599727734515645
5.83573786893447	-0.582498196811184
5.84257128564282	-0.557638765363978
5.84940470235118	-0.525698639011438
5.85623811905953	-0.487483989637883
5.86307153576788	-0.444040211841609
5.86990495247624	-0.396574657959468
5.87673836918459	-0.346524219094
5.88357178589295	-0.295475426521504
5.8904052026013	-0.245040491225574
5.89723861930966	-0.196696326492845
5.90407203601801	-0.151524794311858
5.91090545272636	-0.110434947522251
5.91773886943472	-0.0741224095006587
5.92457228614307	-0.043245234499694
5.93140570285143	-0.0186250641730959
5.93823911955978	-0.00114241656314672
5.94507253626813	0.00832608973025463
5.95190595297649	0.00904603908702274
5.95873936968484	0.000790920959506798
5.9655727863932	-0.0159942225914149
5.97240620310155	-0.0404253207401379
5.97923961980991	-0.0712552127920302
5.98607303651826	-0.107083257411703
5.99290645322661	-0.146475261671386
5.99973986993497	-0.188061352699706
6.00657328664332	-0.230486810541002
6.01340670335168	-0.272401280653164
6.02024012006003	-0.312348606438319
6.02707353676838	-0.34874483335238
6.03390695347674	-0.380072939055537
6.04074037018509	-0.40522491310134
6.04757378689345	-0.423724243806133
6.0544072036018	-0.43555256982901
6.06124062031016	-0.440967982781068
6.06807403701851	-0.440418004258854
6.07490745372686	-0.434585225600333
6.08174087043522	-0.424265795467985
6.08857428714357	-0.410328646198359
6.09540770385193	-0.393771528977298
6.10224112056028	-0.375786862382599
6.10907453726863	-0.357641343643066
6.11590795397699	-0.340547257573179
6.12274137068534	-0.325568143364964
6.1295747873937	-0.313390239534523
6.13640820410205	-0.304229644475829
6.14324162081041	-0.298046869748587
6.15007503751876	-0.294695808676997
6.15690845422711	-0.29403588610856
6.16374187093547	-0.296020459729512
6.17057528764382	-0.300762768697939
6.17740870435218	-0.30853071026149
6.18424212106053	-0.319698462868594
6.19107553776889	-0.334668690504488
6.19790895447724	-0.353798249388891
6.20474237118559	-0.377360754988629
6.21157578789395	-0.405463531367908
6.2184092046023	-0.437982833425525
6.22524262131066	-0.474681076560629
6.23207603801901	-0.515220399233793
6.23890945472736	-0.559180901551541
6.24574287143572	-0.605924701775601
6.25257628814407	-0.654589395329076
6.25940970485243	-0.704124638567904
6.26624312156078	-0.753324074852154
6.27307653826913	-0.800929288471801
6.27990995497749	-0.845719887418136
6.28674337168584	-0.886652141822983
6.2935767883942	-0.922878924539554
6.30041020510255	-0.953843093737148
6.30724362181091	-0.979313728267973
6.31407703851926	-0.999301259688295
6.32091045522761	-1.01389040188747
6.32774387193597	-1.02317641009599
6.33457728864432	-1.02730089425866
6.34141070535268	-1.02647168358823
6.34824412206103	-1.02106759701998
6.35507753876939	-1.01171907998
6.36191095547774	-0.999258547564676
6.36874437218609	-0.984575283620888
6.37557778889445	-0.968712458378825
6.3824112056028	-0.952764604608056
6.38924462231116	-0.937677239624109
6.39607803901951	-0.924160217544784
6.40291145572786	-0.912583002973266
6.40974487243622	-0.903181456850147
6.41657828914457	-0.896076558853014
6.42341170585293	-0.891384104057904
6.43024512256128	-0.889284710378214
6.43707853926963	-0.889988280435654
6.44391195597799	-0.893633010047045
6.45074537268634	-0.900256987244647
6.4575787893947	-0.909661213391744
6.46441220610305	-0.921409849405283
6.47124562281141	-0.934992800959953
6.47807903951976	-0.949914091481648
6.48491245622811	-0.965692900539327
6.49174587293647	-0.981824472927443
6.49857928964482	-0.997795999007866
6.50541270635318	-1.01309330444108
6.51224612306153	-1.02708672354202
6.51907953976989	-1.03884729675776
6.52591295647824	-1.04735857800146
6.53274637318659	-1.05182451772413
6.53957978989495	-1.05176172271829
6.5464132066033	-1.04701743831661
6.55324662331166	-1.03766687996972
6.56008004002001	-1.0238653145977
6.56691345672836	-1.00570062164735
6.57374687343672	-0.983162482246119
6.58058029014507	-0.956241435475781
6.58741370685343	-0.925007329059971
6.59424712356178	-0.889665017580652
6.60108054027013	-0.850568639584523
6.60791395697849	-0.808164851769993
6.61474737368684	-0.762957483827309
6.6215807903952	-0.715432260824607
6.62841420710355	-0.666065460463467
6.63524762381191	-0.615360268337219
6.64208104052026	-0.563949912682577
6.64891445722861	-0.51266672028236
6.65574787393697	-0.462486039217551
6.66258129064532	-0.414397785794928
6.66941470735368	-0.369384438386438
6.67624812406203	-0.328376841520128
6.68308154077039	-0.29222691284948
6.68991495747874	-0.261583608846779
6.69674837418709	-0.236859078943924
6.70358179089545	-0.218246021191658
6.7104152076038	-0.205786046808033
6.71724862431216	-0.199305808477775
6.72408204102051	-0.19834882800471
6.73091545772886	-0.202268355179139
6.73774887443722	-0.210413153439881
6.74458229114557	-0.222114812828945
6.75141570785393	-0.236467395032239
6.75824912456228	-0.252295485695165
6.76508254127064	-0.268483336632482
6.77191595797899	-0.284119406363794
6.77874937468734	-0.298837324249403
6.7855827913957	-0.312732984104221
6.79241620810405	-0.325974913796182
6.79924962481241	-0.338941032750668
6.80608304152076	-0.352106014830154
6.81291645822911	-0.365945056585478
6.81974987493747	-0.380933355030869
6.82658329164582	-0.397529571457545
6.83341670835418	-0.416126829170146
6.84025012506253	-0.437064679152996
6.84708354177089	-0.460542262060923
6.85391695847924	-0.486669737868676
6.8607503751876	-0.515353440893473
6.86758379189595	-0.546403113056614
6.8744172086043	-0.57945557472457
6.88125062531266	-0.61409571832829
6.88808404202101	-0.649859547146389
6.89491745872936	-0.686284804695249
6.90175087543772	-0.722945834307311
6.90858429214607	-0.75941428277882
6.91541770885443	-0.795230624294839
6.92225112556278	-0.829819849916596
6.92908454227114	-0.862497256758976
6.93591795897949	-0.892459675168248
6.94275137568784	-0.918886889283542
6.9495847923962	-0.941027550614575
6.95641820910455	-0.958328509084021
6.96325162581291	-0.970270283601223
6.97008504252126	-0.976410069133231
6.97691845922962	-0.976681324519869
6.98375187593797	-0.971277532106528
6.99058529264632	-0.960714367797418
6.99741870935468	-0.945749915801555
7.00425212606303	-0.927319324714898
7.01108554277139	-0.906446416141841
7.01791895947974	-0.884282292132283
7.02475237618809	-0.862135082031477
7.03158579289645	-0.841339195532437
7.0384192096048	-0.823123753081868
7.04525262631316	-0.808477003579693
7.05208604302151	-0.798103101291516
7.05891945972987	-0.79260352304452
7.06575287643822	-0.792362243695168
7.07258629314657	-0.797592819146753
7.07941970985493	-0.808473267192811
7.08625312656328	-0.825198100265334
7.09308654327164	-0.847908612349504
7.09991995997999	-0.876498241397591
7.10675337668834	-0.910374018274444
7.1135867933967	-0.948676366703157
7.12042021010505	-0.990539869890568
7.12725362681341	-1.03509911110948
7.13408704352176	-1.08148790461602
7.14092046023012	-1.12861819324843
7.14775387693847	-1.17487430860593
7.15458729364682	-1.21858309713387
7.16142071035518	-1.25819230733371
7.16825412706353	-1.29245925589868
7.17508754377189	-1.32052655655228
7.18192096048024	-1.34186176870283
7.18875437718859	-1.35611091180475
7.19558779389695	-1.36296098881249
7.2024212106053	-1.36211305251731
7.20925462731366	-1.35327842416052
7.21608804402201	-1.33622936100876
7.22292146073037	-1.31111707935248
7.22975487743872	-1.27854603256645
7.23658829414707	-1.23927947801272
7.24342171085543	-1.1942736288338
7.25025512756378	-1.14458552339846
7.25708854427214	-1.09132482543638
7.26392196098049	-1.03563202626804
7.27075537768884	-0.978737323234184
7.2775887943972	-0.921956915529505
7.28442221110555	-0.866723279134902
7.29125562781391	-0.814459613121712
7.29808904452226	-0.766460059611059
7.30492246123062	-0.723861494504684
7.31175587793897	-0.687363640507482
7.31858929464732	-0.657166844156074
7.32542271135568	-0.633237253070539
7.33225612806403	-0.615418593635204
7.33908954477239	-0.603419194294101
7.34592296148074	-0.596808099923959
7.35275637818909	-0.595037190442012
7.35958979489745	-0.597402225119612
7.3664232116058	-0.603037789542473
7.37325662831416	-0.611135804087676
7.38009004502251	-0.621185171171121
7.38692346173087	-0.632917578407757
7.39375687843922	-0.646398978887813
7.40059029514757	-0.662011700641236
7.40742371185593	-0.680137150397604
7.41425712856428	-0.700932800778519
7.42109054527264	-0.724302646042664
7.42792396198099	-0.74987269959551
7.43475737868935	-0.776946382339614
7.4415907953977	-0.804577332538946
7.44842421210605	-0.831545776295556
7.45525762881441	-0.856478658276885
7.46209104552276	-0.877980316757878
7.46892446223112	-0.894874892760507
7.47575787893947	-0.906498285509585
7.48259129564782	-0.912651764383091
7.48942471235618	-0.913528021434604
7.49625812906453	-0.909657819234622
7.50309154577289	-0.901794688697691
7.50992496248124	-0.890655944005869
7.51675837918959	-0.876863745459749
7.52359179589795	-0.860966189652252
7.5304252126063	-0.843526430782194
7.53725862931466	-0.825213807466452
7.54409204602301	-0.806750921139253
7.55092546273137	-0.788815785626996
7.55775887943972	-0.771874332795552
7.56459229614807	-0.756202114041455
7.57142571285643	-0.741884267246651
7.57825912956478	-0.728884149762135
7.58509254627314	-0.717193912459748
7.59192596298149	-0.70690927725025
7.59875937968985	-0.698184772517567
7.6055927963982	-0.69111813925328
7.61242621310655	-0.68565190190423
7.61925962981491	-0.681572061667242
7.62609304652326	-0.678614307791388
7.63292646323162	-0.676508749202899
7.63975987993997	-0.674997644321527
7.64659329664832	-0.673938039492746
7.65342671335668	-0.673309481676385
7.66026013006503	-0.67318291254005
7.66709354677339	-0.67366024723943
7.67392696348174	-0.67481719795928
7.68076038019009	-0.676705915938726
7.68759379689845	-0.679295962569599
7.6944272136068	-0.682474667817808
7.70126063031516	-0.686074030294092
7.70809404702351	-0.689880771663652
7.71492746373187	-0.693677578539984
7.72176088044022	-0.697262961110722
7.72859429714857	-0.700473217875391
7.73542771385693	-0.703309201073614
7.74226113056528	-0.7059717777182
7.74909454727364	-0.708748391288623
7.75592796398199	-0.711928684417988
7.76276138069035	-0.715802299706118
7.7695947973987	-0.720658017614883
7.77642821410705	-0.726777089723779
7.78326163081541	-0.734415661950197
7.79009504752376	-0.743667447844865
7.79692846423212	-0.754400357142275
7.80376188094047	-0.766399260523804
7.81059529764883	-0.779405986128506
7.81742871435718	-0.793150001244191
7.82426213106553	-0.807495951330195
7.83109554777389	-0.822531165236227
7.83792896448224	-0.838612151779216
7.84476238119059	-0.856311630490244
7.85159579789895	-0.876255352216792
7.8584292146073	-0.898938413240402
7.86526263131566	-0.924560608911079
7.87209604802401	-0.953152054430165
7.87892946473237	-0.984456294996821
7.88576288144072	-1.01780861958725
7.89259629814908	-1.05228605733565
7.89942971485743	-1.08687460157157
7.90626313156578	-1.12060040381174
7.91309654827414	-1.15256279462383
7.91992996498249	-1.18203030231042
7.92676338169085	-1.20841640859939
7.9335967983992	-1.23119314790996
7.94043021510755	-1.24988908236339
7.94726363181591	-1.26408966241087
7.95409704852426	-1.27338649029373
7.96093046523262	-1.27738878333061
7.96776388194097	-1.27593742645547
7.97459729864932	-1.26921787424887
7.98143071535768	-1.2575410187265
7.98826413206603	-1.24121945039114
7.99509754877439	-1.22055919082863
8.00193096548274	-1.19582171094935
8.0087643821911	-1.16724998137978
8.01559779889945	-1.13509002435978
8.0224312156078	-1.09962032879844
8.02926463231616	-1.06123330124247
8.03609804902451	-1.02046131646687
8.04293146573287	-0.977861525565823
8.04976488244122	-0.933991344269855
8.05659829914958	-0.889462933944935
8.06343171585793	-0.845042173251877
8.07026513256628	-0.801593488639562
8.07709854927464	-0.75999279997966
8.08393196598299	-0.721042578738803
8.09076538269135	-0.685446455838457
8.0975987993997	-0.653852303460588
8.10443221610806	-0.626777598994409
8.11126563281641	-0.604667280624264
8.11809904952476	-0.587786638415865
8.12493246623312	-0.576172119123052
8.13176588294147	-0.569572507654083
8.13859929964982	-0.567421013407404
8.14543271635818	-0.569054139408994
8.15226613306653	-0.573794017864665
8.15909954977489	-0.58072676539613
8.16593296648324	-0.588591424185037
8.1727663831916	-0.596012380758088
8.17959979989995	-0.601775321422265
8.1864332166083	-0.605062294079262
8.19326663331666	-0.605450285922613
8.20010005002501	-0.602781586294209
8.20693346673337	-0.597040669762634
8.21376688344172	-0.588335424229777
8.22060030015007	-0.576830261922478
8.22743371685843	-0.5627677078592
8.23426713356678	-0.54682643494216
8.24110055027514	-0.530148434646234
8.24793396698349	-0.514081219868002
8.25476738369185	-0.49999352483076
8.2616008004002	-0.489219710572136
8.26843421710856	-0.482988646929362
8.27526763381691	-0.481960880032753
8.28210105052526	-0.486190609297543
8.28893446723362	-0.495414608985341
8.29576788394197	-0.509300131860677
8.30260130065033	-0.527536662663456
8.30943471735868	-0.549778874905098
8.31626813406703	-0.575517163512263
8.32310155077539	-0.60399408139348
8.32993496748374	-0.634229067309421
8.3367683841921	-0.665165176651667
8.34360180090045	-0.695881851323014
8.3504352176088	-0.725759400074696
8.35726863431716	-0.754306126758054
8.36410205102551	-0.781031352626631
8.37093546773387	-0.805444400188505
8.37776888444222	-0.827054589614487
8.38460230115058	-0.845371236424092
8.39143571785893	-0.859902587484858
8.39826913456728	-0.87016308162114
8.40510255127564	-0.875745441452988
8.41193596798399	-0.876413821943894
8.41876938469235	-0.872169180254474
8.4256028014007	-0.8630434940384
8.43243621810906	-0.849342417396727
8.43926963481741	-0.831749766192994
8.44610305152576	-0.810980443952801
8.45293646823412	-0.787833524848134
8.45976988494247	-0.763171477541067
8.46660330165083	-0.737769887372823
8.47343671835918	-0.712236230891991
8.48027013506753	-0.686949360020345
8.48710355177589	-0.662074711330888
8.49393696848424	-0.63774547563387
8.5007703851926	-0.614070708156647
8.50760380190095	-0.591116439755165
8.51443721860931	-0.568991630920249
8.52127063531766	-0.547896578315843
8.52810405202601	-0.528164018636966
8.53493746873437	-0.510273620231679
8.54177088544272	-0.494795892634816
8.54860430215108	-0.482345848862921
8.55543771885943	-0.473464514531185
8.56227113556779	-0.468659392132647
8.56910455227614	-0.468393549656514
8.57593796898449	-0.472831049846936
8.58277138569285	-0.481878128790578
8.5896048024012	-0.495221422705667
8.59643821910956	-0.512453260606861
8.60327163581791	-0.533172289299868
8.61010505252626	-0.557051476271113
8.61693846923462	-0.5838773781081
8.62377188594297	-0.613512153576323
8.63060530265133	-0.645875787791425
8.63743871935968	-0.680898215597174
8.64427213606803	-0.718482439790686
8.65110555277639	-0.758485042482558
8.65793896948474	-0.800693885297722
8.6647723861931	-0.844807334938901
8.67160580290145	-0.890420376668506
8.67843921960981	-0.937002619179107
8.68527263631816	-0.983910816038082
8.69210605302651	-1.03043127746026
8.69893946973487	-1.07583668623581
8.70577288644322	-1.11941483608154
8.71260630315158	-1.16057259169573
8.71943971985993	-1.19882331762967
8.72627313656828	-1.23385752531192
8.73310655327664	-1.26539985483087
8.73993996998499	-1.29327402539489
8.74677338669335	-1.31744244362287
8.7536068034017	-1.33789275616083
8.76044022011006	-1.35461612894204
8.76727363681841	-1.36756869777289
8.77410705352676	-1.37662694105658
8.78094047023512	-1.38156458743692
8.78777388694347	-1.38205194411233
8.79460730365183	-1.37769092479031
8.80144072036018	-1.36808673978777
8.80827413706854	-1.35288745562589
8.81510755377689	-1.33189865151111
8.82194097048524	-1.30508871609607
8.8287743871936	-1.27255030396427
8.83560780390195	-1.23443338510238
8.84244122061031	-1.19094830941249
8.84927463731866	-1.14238475308139
8.85610805402701	-1.08918970262383
8.86294147073537	-1.03201347475882
8.86977488744372	-0.971713786891992
8.87660830415208	-0.90925859987923
8.88344172086043	-0.845613762224904
8.89027513756879	-0.781737704795317
8.89710855427714	-0.718588751551052
8.90394197098549	-0.657125109479552
8.91077538769385	-0.598214439705932
8.9176088044022	-0.542435074575208
8.92444222111055	-0.490166824216279
8.93127563781891	-0.441744675008413
8.93810905452726	-0.39756876679849
8.94494247123562	-0.35812560893874
8.95177588794397	-0.323941367925203
8.95860930465233	-0.295459855224913
8.96544272136068	-0.272922086862736
8.97227613806903	-0.256311790231875
8.97910955477739	-0.245414720688553
8.98594297148574	-0.239883686628569
8.9927763881941	-0.239326076363938
8.99960980490245	-0.243342301742141
9.00644322161081	-0.251567506362399
9.01327663831916	-0.263697341933663
9.02011005502751	-0.279447928312581
9.02694347173587	-0.298521162927341
9.03377688844422	-0.320606086651496
9.04061030515258	-0.345408050013946
9.04744372186093	-0.372718660200779
9.05427713856928	-0.402470078293886
9.06111055527764	-0.434693585260401
9.06794397198599	-0.469431641467342
9.07477738869435	-0.506758802306116
9.0816108054027	-0.546682304284053
9.08844422211106	-0.589150792621156
9.09527763881941	-0.63403668452437
9.10211105552776	-0.680897727442559
9.10894447223612	-0.728984447286679
9.11577788894447	-0.777414399286285
9.12261130565283	-0.825303618928822
9.12944472236118	-0.8717670155039
9.13627813906954	-0.915922825872569
9.14311155577789	-0.956931887190703
9.14994497248624	-0.993993920445508
9.1567783891946	-1.0263704984103
9.16361180590295	-1.05333840085602
9.17044522261131	-1.07418123504509
9.17727863931966	-1.08832858165061
9.18411205602801	-1.09537328540422
9.19094547273637	-1.09511031912615
9.19777888944472	-1.08746866867859
9.20461230615308	-1.07252297367375
9.21144572286143	-1.05048115469181
9.21827913956979	-1.02172419265752
9.22511255627814	-0.986877709249573
9.23194597298649	-0.946957959530968
9.23877938969485	-0.903376653184915
9.2456128064032	-0.857723786802403
9.25244622311155	-0.811833422698418
9.25927963981991	-0.767520092293089
9.26611305652826	-0.726344110965958
9.27294647323662	-0.689521287981471
9.27977988994497	-0.657739152182915
9.28661330665333	-0.631143640600686
9.29344672336168	-0.60960133110014
9.30028014007004	-0.592911386206605
9.30711355677839	-0.580858210664311
9.31394697348674	-0.573118116497736
9.3207803901951	-0.569130326490377
9.32761380690345	-0.568117249781281
9.33444722361181	-0.569082927018022
9.34128064032016	-0.570779082591746
9.34811405702852	-0.571827272239105
9.35494747373687	-0.570952871558105
9.36178089044522	-0.567087943303103
9.36861430715358	-0.559446668981555
9.37544772386193	-0.547706374279026
9.38228114057029	-0.531938140612429
9.38911455727864	-0.512385462786347
9.39594797398699	-0.489640614509668
9.40278139069535	-0.464487038152649
9.4096148074037	-0.437703352024361
9.41644822411206	-0.41001746093111
9.42328164082041	-0.382151853790324
9.43011505752876	-0.354958783325569
9.43694847423712	-0.329456341166418
9.44378189094547	-0.30691408362143
9.45061530765383	-0.2887005454951
9.45744872436218	-0.27613705864789
9.46428214107054	-0.270241485008408
9.47111555777889	-0.271518718163671
9.47794897448724	-0.279907941846934
9.4847823911956	-0.294764145907421
9.49161580790395	-0.314863072793978
9.49844922461231	-0.338755335410738
9.50528264132066	-0.365050303377485
9.51211605802902	-0.392612575081016
9.51894947473737	-0.42060971077812
9.52578289144572	-0.448489161972529
9.53261630815408	-0.475876393846505
9.53944972486243	-0.502643986817421
9.54628314157079	-0.528896752190302
9.55311655827914	-0.554854619355553
9.55994997498749	-0.580809231436994
9.56678339169585	-0.607012189668944
9.5736168084042	-0.633557921692822
9.58045022511256	-0.6604531142171
9.58728364182091	-0.687443806037371
9.59411705852927	-0.713754177517812
9.60095047523762	-0.738149331139543
9.60778389194597	-0.759121275242611
9.61461730865433	-0.775157388896251
9.62145072536268	-0.784994319914715
9.62828414207104	-0.787968287815995
9.63511755877939	-0.784060525727605
9.64195097548775	-0.774067667943392
9.6487843921961	-0.758980958828412
9.65561780890445	-0.740060263484369
9.66245122561281	-0.718883395407859
9.66928464232116	-0.697200659364113
9.67611805902952	-0.676720294810461
9.68295147573787	-0.658987220365879
9.68978489244622	-0.645257842582463
9.69661830915458	-0.636461941664519
9.70345172586293	-0.632892601445556
9.71028514257129	-0.633953428387589
9.71711855927964	-0.638301819310199
9.72395197598799	-0.643952997463186
9.73078539269635	-0.648570324586153
9.7376188094047	-0.649831470955881
9.74445222611306	-0.645877890617324
9.75128564282141	-0.635324203745227
9.75811905952976	-0.61706061593191
9.76495247623812	-0.590412215386192
9.77178589294647	-0.55502428503892
9.77861930965483	-0.510742703697475
9.78545272636318	-0.457675010528631
9.79228614307154	-0.396541368572035
9.79911955977989	-0.328913749123726
9.80595297648824	-0.257177273873345
9.8127863931966	-0.184140366370471
9.81961980990495	-0.112640135603916
9.82645322661331	-0.0452305593783635
9.83328664332166	0.0160009059849224
9.84012006003002	0.0696818032317732
9.84695347673837	0.115168234358301
9.85378689344672	0.152237122408963
9.86062031015508	0.180830798848483
9.86745372686343	0.200977516160099
9.87428714357179	0.212810404902897
9.88112056028014	0.216535425950768
9.88795397698849	0.212397638951795
9.89478739369685	0.200774731455217
9.9016208104052	0.182097438619555
9.90845422711356	0.156987165093629
9.91528764382191	0.126319598665845
9.92212106053027	0.0911869855529002
9.92895447723862	0.0528160121466635
9.93578789394697	0.012453815153307
9.94262131065533	-0.0287354786555717
9.94945472736368	-0.0697473147037408
9.95628814407204	-0.109692555111701
9.96312156078039	-0.147687167796938
9.96995497748875	-0.182865574260655
9.9767883941971	-0.214541180522377
9.98362181090545	-0.242271216176254
9.99045522761381	-0.265806169032444
9.99728864432216	-0.28490950066467
10.0041220610305	-0.299347176191277
10.0109554777389	-0.30906496954788
10.0177888944472	-0.314376553750583
10.0246223111556	-0.315852081908907
10.0314557278639	-0.314103497461242
10.0382891445723	-0.309659552616529
10.0451225612806	-0.302969780062358
10.051955977989	-0.294339279114586
10.0587893946973	-0.283835257883826
10.0656228114057	-0.271387884385168
10.0724562281141	-0.256891504051473
10.0792896448224	-0.240301223510362
10.0861230615308	-0.221748563197161
10.0929564782391	-0.201495350743341
10.0997898949475	-0.179817417836589
10.1066233116558	-0.156978303201962
10.1134567283642	-0.133193182017015
10.1202901450725	-0.108655333977591
10.1271235617809	-0.0835753777761702
10.1339569784892	-0.0581839067936338
10.1407903951976	-0.03277461226135
10.147623811906	-0.00768368065783085
10.1544572286143	0.0167216718096007
10.1612906453227	0.0400565376154587
10.168124062031	0.0619929077377247
10.1749574787394	0.0823443574436192
10.1817908954477	0.101229445516576
10.1886243121561	0.119005577475423
10.1954577288644	0.136295454411341
10.2022911455728	0.153962023580429
10.2091245622811	0.172877774312743
10.2159579789895	0.193629212472943
10.2227913956979	0.216424865781576
10.2296248124062	0.241075421883556
10.2364582291146	0.267007778467808
10.2432916458229	0.293406418626594
10.2501250625313	0.319393449783594
10.2569584792396	0.344088759746376
10.263791895948	0.366814713524828
10.2706253126563	0.387223936290287
10.2774587293647	0.40511924171954
10.284292146073	0.420130551983619
10.2911255627814	0.431440424557938
10.2979589794897	0.43787967849526
10.3047923961981	0.438021474350697
10.3116258129065	0.430329930892411
10.3184592296148	0.413350757389905
10.3252926463232	0.386080092589858
10.3321260630315	0.348103302384067
10.3389594797399	0.29947046580653
10.3457928964482	0.240479610594087
10.3526263131566	0.171546694605374
10.3594597298649	0.0931954611254778
10.3662931465733	0.00630788832461521
10.3731265632816	-0.0876227245933779
10.37995997999	-0.186639662802955
10.3867933966983	-0.288511073333542
10.3936268134067	-0.390697089854038
10.4004602301151	-0.490644557331186
10.4072936468234	-0.585926118236007
10.4141270635318	-0.674417185439073
10.4209604802401	-0.754240104804763
10.4277938969485	-0.824136146138339
10.4346273136568	-0.883359946944114
10.4414607303652	-0.931377081438377
10.4482941470735	-0.967987088853269
10.4551275637819	-0.99315410083243
10.4619609804902	-1.0069531508367
10.4687943971986	-1.00967862185691
10.475627813907	-1.00189290130769
10.4824612306153	-0.984439231114205
10.4892946473237	-0.958387026433867
10.496128064032	-0.92491148376829
10.5029614807404	-0.885176111023187
10.5097948974487	-0.840156693291029
10.5166283141571	-0.790757420675205
10.5234617308654	-0.737882334870318
10.5302951475738	-0.682435283501292
10.5371285642821	-0.625257357811321
10.5439619809905	-0.567006355866428
10.5507953976989	-0.508273685720472
10.5576288144072	-0.449672021264067
10.5644622311156	-0.391939942138722
10.5712956478239	-0.336036430088937
10.5781290645323	-0.283023425834313
10.5849624812406	-0.234053367321656
10.591795897949	-0.190329746513192
10.5986293146573	-0.153045248228682
10.6054627313657	-0.123306430524406
10.612296148074	-0.102057563609107
10.6191295647824	-0.0899732026677584
10.6259629814907	-0.0873753461497442
10.6327963981991	-0.0942602660089918
10.6396298149075	-0.110051563462028
10.6464632316158	-0.133619657749956
10.6532966483242	-0.163482786704648
10.6601300650325	-0.198063682886793
10.6669634817409	-0.235928313284698
10.6737968984492	-0.275916370829259
10.6806303151576	-0.317066356451795
10.6874637318659	-0.358548495335865
10.6942971485743	-0.399570474678793
10.7011305652826	-0.439263671793255
10.707963981991	-0.476666447657355
10.7147973986993	-0.510781372448531
10.7216308154077	-0.54064447529441
10.7284642321161	-0.565425324397407
10.7352976488244	-0.58448970986154
10.7421310655328	-0.597392753016568
10.7489644822411	-0.603818926930795
10.7557978989495	-0.603501509577026
10.7626313156578	-0.596165578208169
10.7694647323662	-0.581523140813229
10.7762981490745	-0.559311667354163
10.7831315657829	-0.529424930923219
10.7899649824912	-0.492051057319758
10.7967983991996	-0.447784177168505
10.803631815908	-0.397677061296736
10.8104652326163	-0.343135653999883
10.8172986493247	-0.285721351504505
10.824132066033	-0.227214125412734
10.8309654827414	-0.169486864648688
10.8377988994497	-0.114442348197185
10.8446323161581	-0.0639896202961811
10.8514657328664	-0.0199952718048501
10.8582991495748	0.0158074643351872
10.8651325662831	0.0419204323138661
10.8719659829915	0.0572086138956223
10.8787993996999	0.0610294450266859
10.8856328164082	0.0533273047885748
10.8924662331166	0.0346753929934798
10.8992996498249	0.00617972514735809
10.9061330665333	-0.0308504596432807
10.9129664832416	-0.0748195611332931
10.91979989995	-0.123851482770467
10.9266333166583	-0.175862564423447
10.9334667333667	-0.228633130257651
10.940300150075	-0.279904125092552
10.9471335667834	-0.327525303421808
10.9539669834917	-0.369573268406531
10.9608004002001	-0.404409760270557
10.9676338169085	-0.430780540212819
10.9744672336168	-0.447947740443672
10.9813006503252	-0.455396044633412
10.9881340670335	-0.453007067606267
10.9949674837419	-0.441583080402576
11.0018009004502	-0.422627845069372
11.0086343171586	-0.397949261883877
11.0154677338669	-0.369654392455277
11.0223011505753	-0.339867309752766
11.0291345672836	-0.310467594258813
11.035967983992	-0.283045525122205
11.0428014007004	-0.258569285073661
11.0496348174087	-0.237407840499194
11.0564682341171	-0.21977352661443
11.0633016508254	-0.205742082796916
11.0701350675338	-0.195315651978398
11.0769684842421	-0.188503359692052
11.0838019009505	-0.185343383171268
11.0906353176588	-0.18592655983063
11.0974687343672	-0.190371219292779
11.1043021510755	-0.198799609885307
11.1111355677839	-0.211344642505216
11.1179689844922	-0.228181631406249
11.1248024012006	-0.249540506384591
11.131635817909	-0.275642494019351
11.1384692346173	-0.306525649572283
11.1453026513257	-0.341888453718621
11.152136068034	-0.381093184186182
11.1589694847424	-0.422858992283598
11.1658029014507	-0.465308338670876
11.1726363181591	-0.506325324287889
11.1794697348674	-0.543956664781638
11.1863031515758	-0.576705013596034
11.1931365682841	-0.603641422091553
11.1999699849925	-0.624268667818827
11.2068034017009	-0.638274685767992
11.2136368184092	-0.645482763948069
11.2204702351176	-0.645834971361086
11.2273036518259	-0.639447555609116
11.2341370685343	-0.626648010238404
11.2409704852426	-0.607860149064289
11.247803901951	-0.583553108386453
11.2546373186593	-0.554412055948413
11.2614707353677	-0.521301134004913
11.268304152076	-0.485121904936058
11.2751375687844	-0.446705098541615
11.2819709854927	-0.40678284572024
11.2888044022011	-0.366031050476434
11.2956378189095	-0.325127338207002
11.3024712356178	-0.284756194614747
11.3093046523262	-0.245586004089529
11.3161380690345	-0.208221286343164
11.3229714857429	-0.17325038822758
11.3298049024512	-0.141115213798099
11.3366383191596	-0.111892279506414
11.3434717358679	-0.0856020601084875
11.3503051525763	-0.0622247456761472
11.3571385692846	-0.0414715537614664
11.363971985993	-0.0228564855031524
11.3708054027014	-0.00588085274070952
11.3776388194097	0.00983681183994116
11.3844722361181	0.0245967927146624
11.3913056528264	0.038672609024081
11.3981390695348	0.052336575859755
11.4049724862431	0.0659631024263134
11.4118059029515	0.0800910483915586
11.4186393196598	0.0954012869942501
11.4254727363682	0.112607858008752
11.4323061530765	0.132305432018019
11.4391395697849	0.154830207443052
11.4459729864932	0.180184721803591
11.4528064032016	0.20805883325827
11.45963981991	0.237935615138447
11.4664732366183	0.269232022504017
11.4733066533267	0.301394899441932
11.480140070035	0.333912369286904
11.4869734867434	0.366476966322616
11.4938069034517	0.398984848077787
11.5006403201601	0.431443545019612
11.5074737368684	0.463852033702422
11.5143071535768	0.496141492900801
11.5211405702851	0.528013465123232
11.5279739869935	0.558776554228692
11.5348074037019	0.58742966058002
11.5416408204102	0.612828824658964
11.5484742371186	0.633825914981569
11.5553076538269	0.649337518724241
11.5621410705353	0.658477708769486
11.5689744872436	0.660674981713581
11.575807903952	0.655798790453487
11.5826413206603	0.644133920575114
11.5894747373687	0.626345103437056
11.596308154077	0.603707325663863
11.6031415707854	0.577990554802117
11.6099749874937	0.551149610461592
11.6168084042021	0.52506181794134
11.6236418209105	0.501321039977509
11.6304752376188	0.481211963773173
11.6373086543272	0.465653209417501
11.6441420710355	0.455221545776338
11.6509754877439	0.450413680579287
11.6578089044522	0.451545154937783
11.6646423211606	0.458683250956147
11.6714757378689	0.471721866744199
11.6783091545773	0.490455343420826
11.6851425712856	0.514475125996199
11.691975987994	0.543271627866874
11.6988094047024	0.576380772306063
11.7056428214107	0.613429943498615
11.7124762381191	0.654131949103075
11.7193096548274	0.698234762210629
11.7261430715358	0.745351680103904
11.7329764882441	0.794942053536547
11.7398099049525	0.84644781618637
11.7466433216608	0.89931090680394
11.7534767383692	0.952973259907626
11.7603101550775	1.0068768107792
11.7671435717859	1.06046349677456
11.7739769884942	1.11317391862988
11.7808104052026	1.16436575819582
11.787643821911	1.2132386107105
11.7944772386193	1.25891261982447
11.8013106553277	1.30050106012616
11.808144072036	1.33715073470628
11.8149774887444	1.36804815208414
11.8218109054527	1.39240747626913
11.8286443221611	1.40945384365356
11.8354777388694	1.41844503899107
11.8423111555778	1.41871444794741
11.8491445722861	1.4096648969835
11.8559779889945	1.39108084243845
11.8628114057029	1.36330603150089
11.8696448224112	1.32715655320851
11.8764782391196	1.28402431468526
11.8833116558279	1.23540946751421
11.8901450725363	1.18283841960005
11.8969784892446	1.12796316960708
11.903811905953	1.07233666745575
11.9106453226613	1.01725231092166
11.9174787393697	0.963527728694058
11.924312156078	0.911544428355753
11.9311455727864	0.861178571087889
11.9379789894947	0.812232600164154
11.9448124062031	0.764508964153913
11.9516458229115	0.71781238864013
11.9584792396198	0.67197995498184
11.9653126563282	0.626894868319416
11.9721460730365	0.582485833817014
11.9789794897449	0.538663323013986
11.9858129064532	0.495287921372868
11.9926463231616	0.452169394066426
11.9994797398699	0.409127180299661
12.0063131565783	0.366098624068855
12.0131465732866	0.323212251205463
12.019979989995	0.280841944972495
12.0268134067034	0.23958226569229
12.0336468234117	0.200099177584414
12.0404802401201	0.16305173770269
12.0473136568284	0.129027312048178
12.0541470735368	0.0985398046495774
12.0609804902451	0.0720100759429661
12.0678139069535	0.0498299958028034
12.0746473236618	0.0323802601483423
12.0814807403702	0.0200452342050504
12.0883141570785	0.0131565852026245
12.0951475737869	0.0119293701013471
12.1019809904952	0.016338520134295
12.1088144072036	0.0261118721656288
12.115647823912	0.0406010974537106
12.1224812406203	0.0588146034400501
12.1293146573287	0.0795923823804937
12.136148074037	0.101844584033397
12.1429814907454	0.124749163299
12.1498149074537	0.147864256462665
12.1566483241621	0.171127374495429
12.1634817408704	0.194748440258714
12.1703151575788	0.219005503234308
12.1771485742871	0.24409918004844
12.1839819909955	0.270098292503634
12.1908154077039	0.297043590645925
12.1976488244122	0.324881611515831
12.2044822411206	0.353353769019927
12.2113156578289	0.38211056301923
12.2181490745373	0.410785667070965
12.2249824912456	0.439007087746299
12.231815907954	0.466395497722318
12.2386493246623	0.492542022220146
12.2454827413707	0.517007690530471
12.252316158079	0.539376832813533
12.2591495747874	0.559348363643109
12.2659829914957	0.576730804648737
12.2728164082041	0.591493680222822
12.2796498249125	0.603698537934119
12.2864832416208	0.613419541537084
12.2933166583292	0.62075810764517
12.3001500750375	0.625759210854625
12.3069834917459	0.628321789342303
12.3138169084542	0.628225562801837
12.3206503251626	0.625247450365613
12.3274837418709	0.619292534852158
12.3343171585793	0.610442001263836
12.3411505752876	0.598906807282973
12.347983991996	0.584953173058255
12.3548174087044	0.568848650717886
12.3616508254127	0.550862432967448
12.3684842421211	0.531264472139542
12.3753176588294	0.510329347461492
12.3821510755378	0.48826248353991
12.3889844922461	0.465073641229945
12.3958179089545	0.440645678482935
12.4026513256628	0.414265757212519
12.4094847423712	0.384516376632841
12.4163181590795	0.349809046149662
12.4231515757879	0.308992715797198
12.4299849924962	0.261863951329533
12.4368184092046	0.209130043695578
12.443651825913	0.15206542353652
12.4504852426213	0.0923134719776345
12.4573186593297	0.0316453997336782
12.464152076038	-0.027923494289612
12.4709854927464	-0.0842702576198695
12.4778189094547	-0.135291978658358
12.4846523261631	-0.179102783743632
12.4914857428714	-0.214351681639906
12.4983191595798	-0.240457274527438
12.5051525762881	-0.257183504237293
12.5119859929965	-0.264746229373207
12.5188194097049	-0.263833197666359
12.5256528264132	-0.255225515215221
12.5324862431216	-0.239407401248439
12.5393196598299	-0.21663481807993
12.5461530765383	-0.186652497393925
12.5529864932466	-0.148464445273041
12.559819909955	-0.100596244633267
12.5666533266633	-0.0413610459761763
12.5734867433717	0.0309392270321314
12.58032016008	0.11798809230494
12.5871535767884	0.221121320669234
12.5939869934967	0.341075593349185
12.6008204102051	0.477865411671455
12.6076538269135	0.630718248026919
12.6144872436218	0.798083231788679
12.6213206603302	0.977713929413264
12.6281540770385	1.16679950245832
12.6349874937469	1.36223818902553
12.6418209104552	1.56097618739402
12.6486543271636	1.76034254363577
12.6554877438719	1.95826370472715
12.6623211605803	2.15304115610788
12.6691545772886	2.34315029153179
12.675987993997	2.52747729093842
12.6828214107054	2.7051484636518
12.6896548274137	2.87533152406043
12.6964882441221	3.03709920957392
12.7033216608304	3.18936672287419
12.7101550775388	3.33101457006996
12.7169884942471	3.46066673027001
12.7238219109555	3.57676856415859
12.7306553276638	3.67772400471382
12.7374887443722	3.76177732136402
12.7443221610805	3.82713528713056
12.7511555777889	3.87232594591052
12.7579889944972	3.89640145320912
12.7648224112056	3.8985685083461
12.771655827914	3.87942008173023
12.7784892446223	3.84052093196331
12.7853226613307	3.78345586544876
12.792156078039	3.70980969126516
12.7989894947474	3.62117236315633
12.8058229114557	3.51959486746486
12.8126563281641	3.40794789614699
12.8194897448724	3.28915249956299
12.8263231615808	3.16561417147384
12.8331565782891	3.03933807247745
12.8399899949975	2.91199460462139
12.8468234117059	2.78428635068604
12.8536568284142	2.65628478846852
12.8604902451226	2.52777655050561
12.8673236618309	2.39854778515191
12.8741570785393	2.2685691578802
12.8809904952476	2.13794837636249
12.887823911956	2.00686287118422
12.8946573286643	1.87547082005508
12.9014907453727	1.74398815266779
12.908324162081	1.61285026304438
12.9151575787894	1.48296898602259
12.9219909954977	1.356086220353
12.9288244122061	1.23486372199528
12.9356578289145	1.12223373238566
12.9424912456228	1.0211673522441
12.9493246623312	0.934121617306584
12.9561580790395	0.862618732759325
12.9629914957479	0.807343200075405
12.9698249124562	0.768638771436268
12.9766583291646	0.746420417907258
12.9834917458729	0.740331435824745
12.9903251625813	0.749800078091059
12.9971585792896	0.773953117389017
13.003991995998	0.811492443145447
13.0108254127064	0.860655977109013
13.0176588294147	0.91933196436267
13.0244922461231	0.985266897975779
13.0313256628314	1.05620682088418
13.0381590795398	1.12997559633667
13.0449924962481	1.2045884079619
13.0518259129565	1.27817400791676
13.0586593296648	1.34884548679569
13.0654927463732	1.41461988112592
13.0723261630815	1.4734571646147
13.0791595797899	1.52337763500373
13.0859929964983	1.56256323798467
13.0928264132066	1.5894891214492
13.099659829915	1.60310972261532
13.1064932466233	1.60316909480746
13.1133266633317	1.59010945828261
13.12016008004	1.56470268893364
13.1269934967484	1.52786842400763
13.1338269134567	1.48059488182789
13.1406603301651	1.4237376630051
13.1474937468734	1.35788591024277
13.1543271635818	1.28346345029081
13.1611605802901	1.20071836307625
13.1679939969985	1.10982864171107
13.1748274137069	1.01117924970432
13.1816608304152	0.905587702939832
13.1884942471236	0.794153443825789
13.1953276638319	0.678331334315715
13.2021610805403	0.559855082275825
13.2089944972486	0.440376216116636
13.215827913957	0.321353716445877
13.2226613306653	0.203834440889306
13.2294947473737	0.088413054856589
13.236328164082	-0.0244563405709049
13.2431615807904	-0.134106075293399
13.2499949974987	-0.239486343942703
13.2568284142071	-0.339343442631156
13.2636618309155	-0.432449947703818
13.2704952476238	-0.517839289978852
13.2773286643322	-0.594671227102313
13.2841620810405	-0.662282133363644
13.2909954977489	-0.720763139170547
13.2978289144572	-0.770407906834389
13.3046623311656	-0.811510110753979
13.3114957478739	-0.844363412628036
13.3183291645823	-0.869261470362806
13.3251625812906	-0.886493167996659
13.331995997999	-0.89621366635308
13.3388294147074	-0.898429971492225
13.3456628314157	-0.893179240544716
13.3524962481241	-0.880964997148013
13.3593296648324	-0.862604537952023
13.3661630815408	-0.838982651834694
13.3729964982491	-0.811393195927458
13.3798299149575	-0.781296653304534
13.3866633316658	-0.750060426652019
13.3934967483742	-0.718717217206008
13.4003301650825	-0.68822062866498
13.4071635817909	-0.659496970200041
13.4139969984993	-0.633681847759606
13.4208304152076	-0.612418491763937
13.427663831916	-0.59769409900123
13.4344972486243	-0.592202167331558
13.4413306653327	-0.598849822546028
13.448164082041	-0.619982633013209
13.4549974987494	-0.656668533498227
13.4618309154577	-0.708146470681818
13.4686643321661	-0.772503474895523
13.4754977488744	-0.846793982722988
13.4823311655828	-0.927446380045602
13.4891645822911	-1.01066696728997
13.4959979989995	-1.09254180946881
13.5028314157079	-1.16889715384796
13.5096648324162	-1.23511411518025
13.5164982491246	-1.28621364949121
13.5233316658329	-1.31705128739258
13.5301650825413	-1.32245298739318
13.5369984992496	-1.29723274815065
13.543831915958	-1.23619902542196
13.5506653326663	-1.13416362706871
13.5574987493747	-0.986040593567052
13.564332166083	-0.787074346534821
13.5711655827914	-0.532955094352753
13.5779989994997	-0.219886332895725
13.5848324162081	0.155395115480459
13.5916658329165	0.595963464654913
13.5984992496248	1.10489672681702
13.6053326663332	1.68461660440193
13.6121660830415	2.33511880756808
13.6189994997499	3.05209709716444
13.6258329164582	3.82622013903486
13.6326663331666	4.6443493038988
13.6394997498749	5.49257233704988
13.6463331665833	6.35923652698737
13.6531665832916	7.2344014624517
13.66	8.11194590767452
13.67	0
14.0369696969697	0
14.4039393939394	0
14.7709090909091	0
15.1378787878788	0
15.5048484848485	0
15.8718181818182	0
16.2387878787879	0
16.6057575757576	0
16.9727272727273	0
17.339696969697	0
17.7066666666667	0
18.0736363636364	0
18.4406060606061	0
18.8075757575758	0
19.1745454545455	0
19.5415151515151	0
19.9084848484849	0
20.2754545454545	0
20.6424242424242	0
21.0093939393939	0
21.3763636363636	0
21.7433333333333	0
22.110303030303	0
22.4772727272727	0
22.8442424242424	0
23.2112121212121	0
23.5781818181818	0
23.9451515151515	0
24.3121212121212	0
24.6790909090909	0
25.0460606060606	0
25.4130303030303	0
25.78	0
26.1469696969697	0
26.5139393939394	0
26.8809090909091	0
27.2478787878788	0
27.6148484848485	0
27.9818181818182	0
28.3487878787879	0
28.7157575757576	0
29.0827272727273	0
29.449696969697	0
29.8166666666667	0
30.1836363636364	0
30.5506060606061	0
30.9175757575758	0
31.2845454545455	0
31.6515151515151	0
32.0184848484849	0
32.3854545454545	0
32.7524242424242	0
33.1193939393939	0
33.4863636363636	0
33.8533333333333	0
34.220303030303	0
34.5872727272727	0
34.9542424242424	0
35.3212121212121	0
35.6881818181818	0
36.0551515151515	0
36.4221212121212	0
36.7890909090909	0
37.1560606060606	0
37.5230303030303	0
37.89	0
38.2569696969697	0
38.6239393939394	0
38.9909090909091	0
39.3578787878788	0
39.7248484848485	0
40.0918181818182	0
40.4587878787879	0
40.8257575757576	0
41.1927272727273	0
41.559696969697	0
41.9266666666667	0
42.2936363636364	0
42.6606060606061	0
43.0275757575758	0
43.3945454545455	0
43.7615151515151	0
44.1284848484848	0
44.4954545454545	0
44.8624242424242	0
45.2293939393939	0
45.5963636363636	0
45.9633333333333	0
46.330303030303	0
46.6972727272727	0
47.0642424242424	0
47.4312121212121	0
47.7981818181818	0
48.1651515151515	0
48.5321212121212	0
48.8990909090909	0
49.2660606060606	0
49.6330303030303	0
50	0
