time	TOCabschange
0	-0.491353673243365
0.00683341670835418	-0.491362244778307
0.0136668334167084	-0.491352779388548
0.0205002501250625	-0.495254425224621
0.0273336668334167	-0.527815038164386
0.0341670835417709	-0.600128999317528
0.0410005002501251	-0.587443761843913
0.0478339169584792	-0.425207260157451
0.0546673336668334	-0.215817443863456
0.0615007503751876	0.0376436029002761
0.0683341670835418	0.333213498694775
0.075167583791896	0.65612408500133
0.0820010005002501	0.987251235951659
0.0888344172086043	1.321479928379
0.0956678339169585	1.64815066789869
0.102501250625313	1.9510477870491
0.109334667333667	2.21562952768563
0.116168084042021	2.43691368737873
0.123001500750375	2.61445280483084
0.129834917458729	2.74753943327653
0.136668334167084	2.83285337422383
0.143501750875438	2.86771085550233
0.150335167583792	2.85097552464069
0.157168584292146	2.77427952466774
0.1640020010005	2.62914728361008
0.170835417708854	2.41523990899968
0.177668834417209	2.15137455931443
0.184502251125563	1.86219297991482
0.191335667833917	1.56551698346198
0.198169084542271	1.26976338993177
0.205002501250625	0.977261781734484
0.211835917958979	0.688931745769531
0.218669334667334	0.407217616688691
0.225502751375688	0.13642729917496
0.232336168084042	-0.118670950790111
0.239169584792396	-0.356619969165782
0.24600300150075	-0.577057380838343
0.252836418209105	-0.521922753407096
0.259669834917459	-0.336572711422308
0.266503251625813	-0.170660704376636
0.273336668334167	-0.0263583715770392
0.280170085042521	0.0938045679073525
0.287003501750875	0.189614931252864
0.29383691845923	0.263070313155383
0.300670335167584	0.316690910917441
0.307503751875938	0.349709169349262
0.314337168584292	0.357692240848538
0.321170585292646	0.335437458247356
0.328004002001	0.281209029907035
0.334837418709355	0.198380090200279
0.341670835417709	0.0955506395811473
0.348504252126063	-0.0176802641101742
0.355337668834417	-0.134356459738946
0.362171085542771	-0.249545132679855
0.369004502251126	-0.359065888006797
0.37583791895948	-0.461833461096295
0.382671335667834	-0.551320223586736
0.389504752376188	-0.61805416228589
0.396338169084542	-0.648632665838633
0.403171585792896	-0.645298479970466
0.410005002501251	-0.636249295060681
0.416838419209605	-0.60564096308501
0.423671835917959	-0.576728184341355
0.430505252626313	-0.552008321256475
0.437338669334667	-0.532084645213481
0.444172086043022	-0.515514484684324
0.451005502751376	-0.499966430367177
0.45783891945973	-0.485082109058408
0.464672336168084	-0.472942557407195
0.471505752876438	-0.466736086768779
0.478339169584792	-0.468430768696715
0.485172586293147	-0.480957559903693
0.492006003001501	-0.506294897107413
0.498839419709855	-0.546071490619967
0.505672836418209	-0.601196781200654
0.512506253126563	-0.630960395285838
0.519339669834918	-0.549685882637626
0.526173086543272	-0.463098484969352
0.533006503251626	-0.377143484933562
0.53983991995998	-0.294969310934816
0.546673336668334	-0.222844229676631
0.553506753376688	-0.163448980819129
0.560340170085043	-0.1187633273452
0.567173586793397	-0.0892435416889335
0.574007003501751	-0.0740269107540033
0.580840420210105	-0.0719495518480631
0.587673836918459	-0.0805222554812512
0.594507253626813	-0.0982133942352705
0.601340670335168	-0.125233444281648
0.608174087043522	-0.163381467860445
0.615007503751876	-0.217638235429433
0.62184092046023	-0.292850162695311
0.628674337168584	-0.391515281841711
0.635507753876939	-0.512777657396161
0.642341170585293	-0.649042817506444
0.649174587293647	-0.494372584593602
0.656008004002001	-0.329254619141485
0.662841420710355	-0.155595084166752
0.669674837418709	0.0253655319407293
0.676508254127064	0.211145297659416
0.683341670835418	0.397646057216586
0.690175087543772	0.579477792207421
0.697008504252126	0.747067593498236
0.70384192096048	0.892294160058387
0.710675337668834	1.01079171271285
0.717508754377189	1.09636082736461
0.724342171085543	1.14585739407512
0.731175587793897	1.15737744204121
0.738009004502251	1.13088100205563
0.744842421210605	1.07045128861875
0.75167583791896	0.97784811356811
0.758509254627314	0.854718917857542
0.765342671335668	0.710999912287817
0.772176088044022	0.55511884745867
0.779009504752376	0.38952755275915
0.78584292146073	0.214377592252999
0.792676338169085	0.0322080700621085
0.799509754877439	-0.153808170008441
0.806343171585793	-0.329959096538676
0.813176588294147	-0.483505927868136
0.820010005002501	-0.600379425246291
0.826843421710855	-0.626957947657637
0.83367683841921	-0.593614108739424
0.840510255127564	-0.601323894628353
0.847343671835918	-0.650639703373543
0.854177088544272	-0.555690347161142
0.861010505252626	-0.414341865145692
0.867843921960981	-0.233727172825877
0.874677338669335	-0.0324302083990191
0.881510755377689	0.163042507970087
0.888344172086043	0.326543785471505
0.895177588794397	0.441313373270341
0.902011005502751	0.501956607228174
0.908844422211106	0.511365226071859
0.91567783891946	0.471937983213266
0.922511255627814	0.387683829349232
0.929344672336168	0.261595908794707
0.936178089044522	0.097032798858219
0.943011505752877	-0.0999067476429428
0.949844922461231	-0.319549229222932
0.956678339169585	-0.550006074343648
0.963511755877939	-0.521838153755371
0.970345172586293	-0.297496290371348
0.977178589294647	-0.0815618303394022
0.984012006003002	0.12275476706126
0.990845422711356	0.310343248144648
0.99767883941971	0.468108539761529
1.00451225612806	0.592202238082808
1.01134567283642	0.673090335404674
1.01817908954477	0.701205439631125
1.02501250625313	0.677396609951307
1.03184592296148	0.607638831720341
1.03867933966984	0.504072428106509
1.04551275637819	0.375125128850115
1.05234617308654	0.221286092406159
1.0591795897949	0.0403695669349016
1.06601300650325	-0.168130100754866
1.07284642321161	-0.398698656868373
1.07967983991996	-0.642774010149023
1.08651325662831	-0.407471029796392
1.09334667333667	-0.152996203398216
1.10018009004502	0.0836545042441424
1.10701350675338	0.282973286494739
1.11384692346173	0.440412321666902
1.12068034017009	0.551680356259578
1.12751375687844	0.611617026313327
1.13434717358679	0.620005718473684
1.14118059029515	0.58023217494824
1.1480140070035	0.493488749861703
1.15484742371186	0.362658266507253
1.16168084042021	0.203026776288927
1.16851425712856	0.0288564860188529
1.17534767383692	-0.151718896984643
1.18218109054527	-0.337283346016214
1.18901450725363	-0.530208294834236
1.19584792396198	-0.569674019679003
1.20268134067034	-0.357938422498814
1.20951475737869	-0.141512950341328
1.21634817408704	0.0675875261911275
1.2231815907954	0.262348961042074
1.23001500750375	0.439499486457993
1.23684842421211	0.596351471273689
1.24368184092046	0.736245578774501
1.25051525762881	0.861448059318578
1.25734867433717	0.977117701978299
1.26418209104552	1.08490238547366
1.27101550775388	1.18299063056532
1.27784892446223	1.26565186580057
1.28468234117059	1.32446162988649
1.29151575787894	1.35203523173404
1.29834917458729	1.34631247298399
1.30518259129565	1.31189681729213
1.312016008004	1.2569318145276
1.31884942471236	1.1834850295296
1.32568284142071	1.09391620434529
1.33251625812906	0.995919722992452
1.33934967483742	0.89427533866376
1.34618309154577	0.791170365683106
1.35301650825413	0.687375957210271
1.35984992496248	0.583423643688475
1.36668334167084	0.480262102749094
1.37351675837919	0.378982328593981
1.38035017508754	0.280874562175392
1.3871835917959	0.18816589421567
1.39401700850425	0.101744643608661
1.40085042521261	0.0219584310849525
1.40768384192096	-0.0509606305979151
1.41451725862931	-0.116990129108593
1.42135067533767	-0.177261965403048
1.42818409204602	-0.234491338358072
1.43501750875438	-0.290404709527005
1.44185092546273	-0.34473830632769
1.44868434217109	-0.396363757276306
1.45551775887944	-0.442200445160463
1.46235117558779	-0.480023932633853
1.46918459229615	-0.509749526177309
1.4760180090045	-0.532783571746884
1.48285142571286	-0.551074981226641
1.48968484242121	-0.565511721718935
1.49651825912956	-0.577536254748082
1.50335167583792	-0.587715506111421
1.51018509254627	-0.595804117312561
1.51701850925463	-0.60176237199439
1.52385192596298	-0.606376261701303
1.53068534267134	-0.610921821549103
1.53751875937969	-0.616546322230099
1.54435217608804	-0.62322418275258
1.5511855927964	-0.629794110658171
1.55801900950475	-0.633614687160318
1.56485242621311	-0.63228935416135
1.57168584292146	-0.627394783330057
1.57851925962982	-0.623290561127334
1.58535267633817	-0.624822828422779
1.59218609304652	-0.633433272404794
1.59901950975488	-0.647776735158192
1.60585292646323	-0.636328818823505
1.61268634317159	-0.616434357259639
1.61951975987994	-0.593912653429717
1.62635317658829	-0.564897787501956
1.63318659329665	-0.527458329486992
1.640020010005	-0.483818447531718
1.64685342671336	-0.437293753308305
1.65368684342171	-0.389027222721295
1.66052026013007	-0.342917774658951
1.66735367683842	-0.300476479570067
1.67418709354677	-0.262841824071318
1.68102051025513	-0.232928119049253
1.68785392696348	-0.215754416810029
1.69468734367184	-0.216128428103767
1.70152076038019	-0.234326915300612
1.70835417708854	-0.264219000931601
1.7151875937969	-0.299935366191373
1.72202101050525	-0.332711289334918
1.72885442721361	-0.361693770995653
1.73568784392196	-0.391634318441251
1.74252126063032	-0.427290727494139
1.74935467733867	-0.470697959984343
1.75618809404702	-0.514363170926846
1.76302151075538	-0.545152957685599
1.76985492746373	-0.55565191224963
1.77668834417209	-0.542076719262469
1.78352176088044	-0.506952235572574
1.79035517758879	-0.455047561686577
1.79718859429715	-0.388693742993794
1.8040220110055	-0.305896442815991
1.81085542771386	-0.201445483744351
1.81768884442221	-0.0751510914653314
1.82452226113057	0.0653806164047571
1.83135567783892	0.207854769453333
1.83818909454727	0.340631418575908
1.84502251125563	0.455484020145924
1.85185592796398	0.547866371337708
1.85868934467234	0.615500973203864
1.86552276138069	0.658064500331649
1.87235617808904	0.67664035493559
1.8791895947974	0.674357075670663
1.88602301150575	0.657110937928864
1.89285642821411	0.632429406022107
1.89968984492246	0.599547686943955
1.90652326163082	0.549269974278551
1.91335667833917	0.468226661928705
1.92019009504752	0.350304684124673
1.92702351175588	0.194866975795287
1.93385692846423	0.0113786050697076
1.94069034517259	-0.17725701100624
1.94752376188094	-0.350952025618468
1.95435717858929	-0.490749064601579
1.96119059529765	-0.58985904071737
1.968024012006	-0.646938508497205
1.97485742871436	-0.637818240001496
1.98169084542271	-0.64692258232144
1.98852426213107	-0.601610861206762
1.99535767883942	-0.538239215613741
2.00219109554777	-0.470366866124763
2.00902451225613	-0.412596957371784
2.01585792896448	-0.37180256145528
2.02269134567284	-0.344795217339495
2.02952476238119	-0.322115046101621
2.03635817908954	-0.296114957128445
2.0431915957979	-0.262677132941978
2.05002501250625	-0.224332677790342
2.05685842921461	-0.185422298657838
2.06369184592296	-0.15690992233484
2.07052526263132	-0.147558073560857
2.07735867933967	-0.16150641161159
2.08419209604802	-0.198368711996302
2.09102551275638	-0.254912310853099
2.09785892946473	-0.326802108156425
2.10469234617309	-0.413063665722954
2.11152576288144	-0.512863597407286
2.11835917958979	-0.625587220307991
2.12519259629815	-0.548270576710195
2.1320260130065	-0.399083745647645
2.13885942971486	-0.222457085679611
2.14569284642321	-0.0162953715153999
2.15252626313157	0.218126846131416
2.15935967983992	0.472971358873955
2.16619309654827	0.73059426695912
2.17302651325663	0.965770341632711
2.17985992996498	1.14930309108017
2.18669334667334	1.26081879900234
2.19352676338169	1.29672012681225
2.20036018009005	1.25445687345248
2.2071935967984	1.14377589316265
2.21402701350675	0.983827974956227
2.22086043021511	0.781792998213822
2.22769384692346	0.546668979942237
2.23452726363182	0.286669808012823
2.24136068034017	0.00598597247076154
2.24819409704852	-0.292040991812643
2.25502751375688	-0.599834130961052
2.26186093046523	-0.40126635814298
2.26869434717359	-0.12189478152852
2.27552776388194	0.124860997675133
2.2823611805903	0.330670537551291
2.28919459729865	0.493445878656555
2.296028014007	0.614318701513443
2.30286143071536	0.696787144300958
2.30969484742371	0.743511395911173
2.31652826413207	0.755525527694997
2.32336168084042	0.733590285647321
2.33019509754877	0.677883945179263
2.33702851425713	0.587544307069407
2.34386193096548	0.459012983490408
2.35069534767384	0.287069635389699
2.35752876438219	0.0690621987646254
2.36436218109055	-0.193724240530919
2.3711955977989	-0.492625959581111
2.37802901450725	-0.489203612877101
2.38486243121561	-0.175177480887202
2.39169584792396	0.120903814730876
2.39852926463232	0.386254843581276
2.40536268134067	0.60420946356264
2.41219609804902	0.755986873058202
2.41902951475738	0.829569039711436
2.42586293146573	0.822176183000727
2.43269634817409	0.743632380048693
2.43952976488244	0.615671198565823
2.4463631815908	0.459979289314385
2.45319659829915	0.293543851486274
2.4600300150075	0.134096210516419
2.46686343171586	-0.0106745288457477
2.47369684842421	-0.140782415145292
2.48053026513257	-0.257352657970895
2.48736368184092	-0.359305631651682
2.49419709854927	-0.442594495320534
2.50103051525763	-0.503265037233666
2.50786393196598	-0.539768881681731
2.51469734867434	-0.554887722616335
2.52153076538269	-0.55527247242985
2.52836418209105	-0.546667223432812
2.5351975987994	-0.529761576865316
2.54203101550775	-0.501245246411616
2.54886443221611	-0.457214633623742
2.55569784892446	-0.395434616898317
2.56253126563282	-0.317940345659308
2.56936468234117	-0.230231716211328
2.57619809904952	-0.142201307908304
2.58303151575788	-0.0650145754389541
2.58986493246623	-0.0027212199494384
2.59669834917459	0.044267910215616
2.60353176588294	0.0811945379855971
2.6103651825913	0.113788265554366
2.61719859929965	0.144206072558855
2.624032016008	0.168812650045769
2.63086543271636	0.182125176705341
2.63769884942471	0.1829165526609
2.64453226613307	0.168325057739418
2.65136568284142	0.13813205000674
2.65819909954977	0.0945279825673981
2.66503251625813	0.0398689665180876
2.67186593296648	-0.0275596442361449
2.67869934967484	-0.113769681262543
2.68553276638319	-0.223331867507282
2.69236618309155	-0.357441937309526
2.6991995997999	-0.513249964249549
2.70603301650825	-0.615090002432555
2.71286643321661	-0.427873380034165
2.71969984992496	-0.230431548012404
2.72653326663332	-0.0211017688260601
2.73336668334167	0.202140806758998
2.74020010005003	0.440607387933589
2.74703351675838	0.692522725189736
2.75386693346673	0.949320374978702
2.76070035017509	1.20606011067092
2.76753376688344	1.45642570395178
2.7743671835918	1.69451457776692
2.78120060030015	1.91713351738533
2.7880340170085	2.1212553136314
2.79486743371686	2.30119965148284
2.80170085042521	2.44529719597042
2.80853426713357	2.53009291084527
2.81536768384192	2.54120800720244
2.82220110055028	2.47664437477983
2.82903451725863	2.33044324220187
2.83586793396698	2.10362497997856
2.84270135067534	1.80276993558329
2.84953476738369	1.4315949322575
2.85636818409205	1.00512537661023
2.8632016008004	0.529804734130928
2.87003501750875	0.0304668294607813
2.87686843421711	-0.469198541923923
2.88370185092546	-0.350716197345205
2.89053526763382	0.101664649099213
2.89736868434217	0.513030548632186
2.90420210105053	0.869651445734771
2.91103551775888	1.15256732977859
2.91786893446723	1.34045398416983
2.92470235117559	1.42690751883403
2.93153576788394	1.40547244056454
2.9383691845923	1.28297815210154
2.94520260130065	1.08069730073276
2.952036018009	0.812091867137301
2.95886943471736	0.50477962568629
2.96570285142571	0.160674089668006
2.97253626813407	-0.208185929325823
2.97936968484242	-0.578197010918301
2.98620310155078	-0.372323652457867
2.99303651825913	-0.043214283763677
2.99986993496748	0.265391499926472
3.00670335167584	0.548412705352842
3.01353676838419	0.789947361020183
3.02037018509255	0.974318364471402
3.0272036018009	1.0988091935243
3.03403701850925	1.16621968081538
3.04087043521761	1.18470812340887
3.04770385192596	1.15925225009102
3.05453726863432	1.08752242940368
3.06137068534267	0.960840445636469
3.06820410205103	0.776989460759376
3.07503751875938	0.544956846985923
3.08187093546773	0.285345171408787
3.08870435217609	0.0215497095566612
3.09553776888444	-0.23119766178729
3.1023711855928	-0.469780537250921
3.10920460230115	-0.604075965650618
3.1160380190095	-0.385323360515655
3.12287143571786	-0.185156405742682
3.12970485242621	-0.0181708326909168
3.13653826913457	0.107430264114544
3.14337168584292	0.188928854270057
3.15020510255128	0.229050965093253
3.15703851925963	0.234964809341226
3.16387193596798	0.212079581014746
3.17070535267634	0.162210847942624
3.17753876938469	0.087601537665673
3.18437218609305	-0.00691067590240825
3.1912056028014	-0.112480702869645
3.19803901950976	-0.217603310540057
3.20487243621811	-0.306730477436006
3.21170585292646	-0.366706998587518
3.21853926963482	-0.396623762053221
3.22537268634317	-0.399190479411006
3.23220610305153	-0.380480196202331
3.23903951975988	-0.345959395587432
3.24587293646823	-0.296622115299431
3.25270635317659	-0.231366627831559
3.25953976988494	-0.150377789463613
3.2663731865933	-0.0569033276675793
3.27320660330165	0.0458012940544017
3.28004002001001	0.154742604965469
3.28687343671836	0.268650158867974
3.29370685342671	0.388328026513643
3.30054027013507	0.517031335962412
3.30737368684342	0.656430439857324
3.31420710355178	0.804599628062385
3.32104052026013	0.950940042868286
3.32787393696848	1.08168245488513
3.33470735367684	1.18486003616338
3.34154077038519	1.25424089320995
3.34837418709355	1.29023509622811
3.3552076038019	1.29524085572076
3.36204102051026	1.27278264954995
3.36887443721861	1.22510555617392
3.37570785392696	1.15603637891694
3.38254127063532	1.06858159127053
3.38937468734367	0.965223373519056
3.39620810405203	0.852126812739669
3.40304152076038	0.732255061754384
3.40987493746873	0.610315048266493
3.41670835417709	0.486864328806086
3.42354177088544	0.363635110572278
3.4303751875938	0.241525563607211
3.43720860430215	0.120621064012654
3.44404202101051	0.00153195677398919
3.45087543771886	-0.113876867450056
3.45770885442721	-0.222225775305464
3.46454227113557	-0.320740740091036
3.47137568784392	-0.407633578605765
3.47820910455228	-0.481885022506886
3.48504252126063	-0.543477699834542
3.49187593796898	-0.593450356425433
3.49870935467734	-0.632929590007012
3.50554277138569	-0.640071422912557
3.51237618809405	-0.621132459027494
3.5192096048024	-0.612032780340799
3.52604302151076	-0.611511575175109
3.53287643821911	-0.618563491810916
3.53970985492746	-0.631816706791841
3.54654327163582	-0.646013871642236
3.55337668834417	-0.643171676178748
3.56021010505253	-0.631957123744651
3.56704352176088	-0.624731806180359
3.57387693846923	-0.624258531336607
3.58071035517759	-0.633865996373241
3.58754377188594	-0.646652896936175
3.5943771885943	-0.608956161233048
3.60121060530265	-0.553799262271613
3.60804402201101	-0.483896107476171
3.61487743871936	-0.405037834785617
3.62171085542771	-0.321355027086099
3.62854427213607	-0.235114022824579
3.63537768884442	-0.147753879491701
3.64221110555278	-0.0585760764673173
3.64904452226113	0.0331114063370379
3.65587793896948	0.127260976860474
3.66271135567784	0.220012936032811
3.66954477238619	0.305725627700266
3.67637818909455	0.380042639840933
3.6832116058029	0.440266390072425
3.69004502251126	0.487666430173805
3.69687843921961	0.525062025596868
3.70371185592796	0.554099593632942
3.71054527263632	0.573878150894567
3.71737868934467	0.58299632541345
3.72421210605303	0.579230061373553
3.73104552276138	0.561512394637833
3.73787893946974	0.532158323773401
3.74471235617809	0.496111918196269
3.75154577288644	0.457521778831044
3.7583791895948	0.416576953716611
3.76521260630315	0.373297353461988
3.77204602301151	0.327667395790142
3.77887943971986	0.277833248218812
3.78571285642821	0.220581240102974
3.79254627313657	0.15583989942027
3.79937968984492	0.0837326267605776
3.80621310655328	0.00750355937769122
3.81304652326163	-0.0687740168944669
3.81987993996999	-0.141387457888756
3.82671335667834	-0.208286255579294
3.83354677338669	-0.269935559638533
3.84038019009505	-0.32820891795294
3.8472136068034	-0.38470681492339
3.85404702351176	-0.440233797544976
3.86088044022011	-0.494821351437875
3.86771385692846	-0.547144733445819
3.87454727363682	-0.592198144330488
3.88138069034517	-0.62947815849061
3.88821410705353	-0.643216331992806
3.89504752376188	-0.622706812762457
3.90188094047024	-0.611765924227311
3.90871435717859	-0.611156145688241
3.91554777388694	-0.622217375383034
3.9223811905953	-0.64632741341795
3.92921460730365	-0.619801370375862
3.93604802401201	-0.577092733487002
3.94288144072036	-0.537739391506031
3.94971485742871	-0.513472012331508
3.95654827413707	-0.512742025118369
3.96338169084542	-0.537577697369571
3.97021510755378	-0.584338661437855
3.97704852426213	-0.643761221351383
3.98388194097049	-0.59417307891881
3.99071535767884	-0.526896650541327
3.99754877438719	-0.454909580354251
4.00438219109555	-0.374765087366814
4.0112156078039	-0.287709635632171
4.01804902451226	-0.199085666011284
4.02488244122061	-0.116517790684174
4.03171585792896	-0.0418531177853625
4.03854927463732	0.0212564046709343
4.04538269134567	0.0663360092226349
4.05221610805403	0.0942670274178821
4.05904952476238	0.106539933272177
4.06588294147074	0.105040749316589
4.07271635817909	0.0951369723944589
4.07954977488744	0.077083138306274
4.0863831915958	0.0490534441486407
4.09321660830415	0.00506882048711938
4.10005002501251	-0.0604416148959508
4.10688344172086	-0.153958245018865
4.11371685842921	-0.277805638135649
4.12055027513757	-0.429568860962883
4.12738369184592	-0.605272323940473
4.13421710855428	-0.508160447375183
4.14105052526263	-0.319928327680939
4.14788394197099	-0.142221722667226
4.15471735867934	0.0154651491863252
4.16155077538769	0.137390933159489
4.16838419209605	0.215369381818635
4.1752176088044	0.244982686506678
4.18205102551276	0.222125745824056
4.18888444222111	0.146201430080741
4.19571785892946	0.0210711934989218
4.20255127563782	-0.149771965619014
4.20938469234617	-0.357033127128652
4.21621810905453	-0.595565062310791
4.22305152576288	-0.442793304586652
4.22988494247124	-0.160822315992869
4.23671835917959	0.1285307621806
4.24355177588794	0.415608404658121
4.2503851925963	0.689235635618613
4.25721860930465	0.929225459495317
4.26405202601301	1.12451688541983
4.27088544272136	1.27341420019086
4.27771885942972	1.3721703349554
4.28455227613807	1.42174302823076
4.29138569284642	1.42480486060918
4.29821910955478	1.38230837837135
4.30505252626313	1.29914904888129
4.31188594297149	1.18155107110938
4.31871935967984	1.03864570315945
4.32555277638819	0.877380707637744
4.33238619309655	0.708151322562997
4.3392196098049	0.538815141287536
4.34605302651326	0.371268051514466
4.35288644322161	0.206546255709766
4.35971985992996	0.0457934707106146
4.36655327663832	-0.110297966909028
4.37338669334667	-0.261186014680124
4.38022011005503	-0.403125464819681
4.38705352676338	-0.532749650506224
4.39388694347174	-0.648185253095616
4.40072036018009	-0.553142176515643
4.40755377688844	-0.465676554861186
4.4143871935968	-0.38986850923534
4.42122061030515	-0.325236672110208
4.42805402701351	-0.27249393287146
4.43488744372186	-0.233233402604321
4.44172086043022	-0.208944801143097
4.44855427713857	-0.199595868390755
4.45538769384692	-0.202850441279746
4.46222111055528	-0.216655502803341
4.46905452726363	-0.238820562507351
4.47588794397199	-0.263872595262884
4.48272136068034	-0.288050757804269
4.48955477738869	-0.310287039851703
4.49638819409705	-0.330614930517358
4.5032216108054	-0.349070372363065
4.51005502751376	-0.365995450900197
4.51688844422211	-0.380318967315753
4.52372186093047	-0.38949597078658
4.53055527763882	-0.391211425748263
4.53738869434717	-0.385455453568799
4.54422211105553	-0.375063523531688
4.55105552776388	-0.364572425010012
4.55788894447224	-0.354313734871938
4.56472236118059	-0.344270170655843
4.57155577788894	-0.335580186984546
4.5783891945973	-0.331526460250037
4.58522261130565	-0.329927814438896
4.59205602801401	-0.325794948431621
4.59888944472236	-0.317595516005187
4.60572286143072	-0.300040265593263
4.61255627813907	-0.272376362140263
4.61938969484742	-0.241341391582859
4.62622311155578	-0.216401785594586
4.63305652826413	-0.20379329497201
4.63988994497249	-0.202009890624421
4.64672336168084	-0.204970218896213
4.65355677838919	-0.207921930179235
4.66039019509755	-0.204655831679293
4.6672236118059	-0.193484945081921
4.67405702851426	-0.176734594231761
4.68089044522261	-0.157532503631728
4.68772386193097	-0.137188235705108
4.69455727863932	-0.115754064538985
4.70139069534767	-0.0914151577404438
4.70822411205603	-0.0625139486521474
4.71505752876438	-0.0349069421167422
4.72189094547274	-0.0227555918497247
4.72872436218109	-0.0367318546888716
4.73555777888944	-0.0802635857079367
4.7423911955978	-0.14968692904677
4.74922461230615	-0.231919308962892
4.75605802901451	-0.316498838594913
4.76289144572286	-0.395115118416029
4.76972486243122	-0.468418116606005
4.77655827913957	-0.543918282805128
4.78339169584792	-0.630723759555267
4.79022511255628	-0.573846423187863
4.79705852926463	-0.47784189934009
4.80389194597299	-0.401653150137097
4.81072536268134	-0.353713311576374
4.8175587793897	-0.334062259491024
4.82439219609805	-0.341235651658994
4.8312256128064	-0.371661153468072
4.83805902951476	-0.424238756270905
4.84489244622311	-0.500328276525171
4.85172586293147	-0.600650721599795
4.85855927963982	-0.583311042839251
4.86539269634817	-0.461875756200597
4.87222611305653	-0.348161589662446
4.87905952976488	-0.24966861219731
4.88589294647324	-0.166892608371283
4.89272636318159	-0.0917387957627704
4.89955977988994	-0.0159926056795902
4.9063931965983	0.0601327292315487
4.91322661330665	0.127954336744573
4.92006003001501	0.175073427156396
4.92689344672336	0.195911898983424
4.93372686343172	0.188953672694519
4.94056028014007	0.157632786563968
4.94739369684843	0.107667301389166
4.95422711355678	0.0437792635213911
4.96106053026513	-0.0316519128572212
4.96789394697349	-0.11712400705253
4.97472736368184	-0.210369257243273
4.9815607803902	-0.31114165540138
4.98839419709855	-0.415087255216566
4.9952276138069	-0.509562654354966
5.00206103051526	-0.586024488466752
5.00889444722361	-0.642137433935538
5.01572786393197	-0.616990930789033
5.02256128064032	-0.580339743563684
5.02939469734867	-0.550047067777157
5.03622811405703	-0.526109123221306
5.04306153076538	-0.508534482629079
5.04989494747374	-0.497314619285124
5.05672836418209	-0.492444517623761
5.06356178089045	-0.493249118317795
5.0703951975988	-0.499311991503902
5.07722861430715	-0.510894078801159
5.08406203101551	-0.53170414712992
5.09089544772386	-0.564077598118024
5.09772886443222	-0.609389461513755
5.10456228114057	-0.635827656893353
5.11139569784893	-0.571051548401246
5.11822911455728	-0.504581475658393
5.12506253126563	-0.441055371050832
5.13189594797399	-0.386341316546498
5.13872936468234	-0.344477696556798
5.1455627813907	-0.321549666298213
5.15239619809905	-0.324027414517194
5.1592296148074	-0.353114241043115
5.16606303151576	-0.407939757918369
5.17289644822411	-0.483918723257446
5.17972986493247	-0.573768239432084
5.18656328164082	-0.62813069307131
5.19339669834917	-0.523546876934621
5.20023011505753	-0.419386313245638
5.20706353176588	-0.317557562305251
5.21389694847424	-0.218575468385861
5.22073036518259	-0.122734129489644
5.22756378189095	-0.0317788355550198
5.2343971985993	0.0526443593344819
5.24123061530765	0.126255142660914
5.24806403201601	0.183922207617341
5.25489744872436	0.222475657039997
5.26173086543272	0.241332127723537
5.26856428214107	0.241919026109183
5.27539769884943	0.22562038684189
5.28223111555778	0.194283799232522
5.28906453226613	0.147908249872124
5.29589794897449	0.0855408209566166
5.30273136568284	0.00625773435603173
5.3095647823912	-0.0930701619998743
5.31639819909955	-0.214549639907415
5.3232316158079	-0.357623711432177
5.33006503251626	-0.518052750271173
5.33689844922461	-0.613651172986235
5.34373186593297	-0.434971594353824
5.35056528264132	-0.25025685626292
5.35739869934967	-0.0717248026459338
5.36423211605803	0.0901507607963263
5.37106553276638	0.228065985709095
5.37789894947474	0.336095397266818
5.38473236618309	0.41211508877794
5.39156578289145	0.453737087421586
5.3983991995998	0.458381812899874
5.40523261630815	0.424949219251031
5.41206603301651	0.352559466305777
5.41889944972486	0.241935482720552
5.42573286643322	0.0985157740138899
5.43256628314157	-0.0670446628568165
5.43939969984993	-0.239949973192534
5.44623311655828	-0.406141190666975
5.45306653326663	-0.557733221551307
5.45989994997499	-0.607823598906263
5.46673336668334	-0.486019556528717
5.4735667833917	-0.376274274194871
5.48040020010005	-0.275465853913115
5.4872336168084	-0.182667191918851
5.49406703351676	-0.0972188281806742
5.50090045022511	-0.0193239456448112
5.50773386693347	0.0505771500922114
5.51456728364182	0.112153624257634
5.52140070035018	0.165097074212413
5.52823411705853	0.20736671260181
5.53506753376688	0.235453580593035
5.54190095047524	0.248720200824033
5.54873436718359	0.241979078015755
5.55556778389195	0.212878480459768
5.5624012006003	0.161439879769352
5.56923461730865	0.0886955689584327
5.57606803401701	0.000787974573782387
5.58290145072536	-0.091518581584221
5.58973486743372	-0.185484077246115
5.59656828414207	-0.281114680355451
5.60340170085043	-0.373801383545473
5.61023511755878	-0.451462188626114
5.61706853426713	-0.511676908344706
5.62390195097549	-0.554462895951044
5.63073536768384	-0.579846067808572
5.6375687843922	-0.591248095720039
5.64440220110055	-0.596348912275164
5.6512356178089	-0.606195334429278
5.65806903451726	-0.626463674131831
5.66490245122561	-0.647037366415846
5.67173586793397	-0.618181812385882
5.67856928464232	-0.600368697085759
5.68540270135068	-0.600368555068973
5.69223611805903	-0.620792738489375
5.69906953476738	-0.642389785732433
5.70590295147574	-0.589004577208987
5.71273636818409	-0.527164124650701
5.71956978489245	-0.460664856297344
5.7264032016008	-0.391214812710325
5.73323661830915	-0.321026954496676
5.74007003501751	-0.25159517973697
5.74690345172586	-0.189637012193245
5.75373686843422	-0.1461199927109
5.76057028514257	-0.124146626687609
5.76740370185093	-0.127829833422833
5.77423711855928	-0.156360431093273
5.78107053526763	-0.205317388118773
5.78790395197599	-0.268464542680363
5.79473736868434	-0.34018881414236
5.8015707853927	-0.420376928957351
5.80840420210105	-0.510947111826233
5.8152376188094	-0.614686451488639
5.82207103551776	-0.571809884620911
5.82890445222611	-0.451062409891881
5.83573786893447	-0.332759195115312
5.84257128564282	-0.221614297321751
5.84940470235118	-0.120146974469845
5.85623811905953	-0.0331747518306804
5.86307153576788	0.0370937538243268
5.86990495247624	0.0873904264618823
5.87673836918459	0.114574696062941
5.88357178589295	0.117457315025308
5.8904052026013	0.0962544703712046
5.89723861930966	0.0557994295123279
5.90407203601801	0.000790357895936688
5.91090545272636	-0.0664573289953082
5.91773886943472	-0.143096778530389
5.92457228614307	-0.230791999689231
5.93140570285143	-0.3316916657652
5.93823911955978	-0.445867761457555
5.94507253626813	-0.572923629221363
5.95190595297649	-0.594023132429967
5.95873936968484	-0.460621910454543
5.9655727863932	-0.337727065706157
5.97240620310155	-0.231476426750925
5.97923961980991	-0.145258764483675
5.98607303651826	-0.0809456832873604
5.99290645322661	-0.0376378660184907
5.99973986993497	-0.0148271757776894
6.00657328664332	-0.0122820707198308
6.01340670335168	-0.0305297393904721
6.02024012006003	-0.071930756452244
6.02707353676838	-0.137397366381657
6.03390695347674	-0.22362408934544
6.04074037018509	-0.32164820455576
6.04757378689345	-0.423152351394983
6.0544072036018	-0.521915549785736
6.06124062031016	-0.615928265192338
6.06807403701851	-0.601102467568131
6.07490745372686	-0.527279704376492
6.08174087043522	-0.466087319327644
6.08857428714357	-0.418581961664569
6.09540770385193	-0.387686439464
6.10224112056028	-0.375726022074432
6.10907453726863	-0.382717316767736
6.11590795397699	-0.407127668706132
6.12274137068534	-0.445417128059753
6.1295747873937	-0.49020476790895
6.13640820410205	-0.535823294997856
6.14324162081041	-0.579636282112408
6.15007503751876	-0.621144012036268
6.15690845422711	-0.641165269619611
6.16374187093547	-0.600894239949479
6.17057528764382	-0.557665508093673
6.17740870435218	-0.509444392097947
6.18424212106053	-0.455158138910259
6.19107553776889	-0.394982177417756
6.19790895447724	-0.330014450102804
6.20474237118559	-0.261841490938939
6.21157578789395	-0.19385892272353
6.2184092046023	-0.128966971586948
6.22524262131066	-0.0682865316688779
6.23207603801901	-0.0132710475083204
6.23890945472736	0.0341693589311076
6.24574287143572	0.0699794673778578
6.25257628814407	0.0916091600624687
6.25940970485243	0.0958462880213331
6.26624312156078	0.0813127568522684
6.27307653826913	0.0479023316344643
6.27990995497749	-0.00299131090000976
6.28674337168584	-0.0679928470675076
6.2935767883942	-0.143940349451659
6.30041020510255	-0.225729126571695
6.30724362181091	-0.308832543615942
6.31407703851926	-0.390816442445764
6.32091045522761	-0.47149965060273
6.32774387193597	-0.550444315895929
6.33457728864432	-0.626935085500758
6.34141070535268	-0.602888888037086
6.34824412206103	-0.537985512508006
6.35507753876939	-0.484619418658287
6.36191095547774	-0.444212273044383
6.36874437218609	-0.418156899672213
6.37557778889445	-0.408813176404268
6.3824112056028	-0.415103319312988
6.38924462231116	-0.434302302298207
6.39607803901951	-0.461303247836307
6.40291145572786	-0.492633938842099
6.40974487243622	-0.526490957383151
6.41657828914457	-0.561839900797713
6.42341170585293	-0.599371828565731
6.43024512256128	-0.640066367354555
6.43707853926963	-0.618538130266061
6.44391195597799	-0.573574940702694
6.45074537268634	-0.529470234369344
6.4575787893947	-0.49044884474392
6.46441220610305	-0.458961371742271
6.47124562281141	-0.435143887530232
6.47807903951976	-0.418574631849376
6.48491245622811	-0.409397655474669
6.49174587293647	-0.407946044218051
6.49857928964482	-0.414222723526667
6.50541270635318	-0.428429681985744
6.51224612306153	-0.454450240685262
6.51907953976989	-0.495982510705963
6.52591295647824	-0.551619948332406
6.53274637318659	-0.617126895398424
6.53957978989495	-0.614842556284117
6.5464132066033	-0.544514172028471
6.55324662331166	-0.476296612799757
6.56008004002001	-0.410178570460688
6.56691345672836	-0.344545697879868
6.57374687343672	-0.278380478061105
6.58058029014507	-0.212755219172693
6.58741370685343	-0.148715331956741
6.59424712356178	-0.0893639387673591
6.60108054027013	-0.0358749616028979
6.60791395697849	0.010175304148032
6.61474737368684	0.0486880035265736
6.6215807903952	0.0800243626864098
6.62841420710355	0.104174827074283
6.63524762381191	0.120018147821259
6.64208104052026	0.124906938440727
6.64891445722861	0.115751890243627
6.65574787393697	0.0916859162421122
6.66258129064532	0.0526973561726711
6.66941470735368	-0.000775909664643918
6.67624812406203	-0.0679266496800322
6.68308154077039	-0.146572885089089
6.68991495747874	-0.233236357420276
6.69674837418709	-0.32427691879031
6.70358179089545	-0.417251043801733
6.7104152076038	-0.508983882268159
6.71724862431216	-0.596644434074466
6.72408204102051	-0.627119247649506
6.73091545772886	-0.558554747207318
6.73774887443722	-0.499799496884212
6.74458229114557	-0.452058465863067
6.75141570785393	-0.420669283311917
6.75824912456228	-0.407352918094168
6.76508254127064	-0.409494639656139
6.77191595797899	-0.422426031314785
6.77874937468734	-0.435875664443813
6.7855827913957	-0.44719973171085
6.79241620810405	-0.454831958287988
6.79924962481241	-0.455413275613
6.80608304152076	-0.448839125610534
6.81291645822911	-0.435104958070498
6.81974987493747	-0.414210004329899
6.82658329164582	-0.386900517307164
6.83341670835418	-0.35391359943086
6.84025012506253	-0.316902013628622
6.84708354177089	-0.277387972421496
6.85391695847924	-0.237819292576857
6.8607503751876	-0.20036711658075
6.86758379189595	-0.167175727230278
6.8744172086043	-0.140018218288715
6.88125062531266	-0.119518843049116
6.88808404202101	-0.106157988188049
6.89491745872936	-0.0994511593770585
6.90175087543772	-0.0990785858689496
6.90858429214607	-0.105281359032233
6.91541770885443	-0.119154739491927
6.92225112556278	-0.142382806172024
6.92908454227114	-0.177151109224113
6.93591795897949	-0.224213300674681
6.94275137568784	-0.283644977428147
6.9495847923962	-0.352647603973415
6.95641820910455	-0.42947667312927
6.96325162581291	-0.514134167457806
6.97008504252126	-0.602906446295978
6.97691845922962	-0.61144826651936
6.98375187593797	-0.529130008148576
6.99058529264632	-0.45661749160128
6.99741870935468	-0.396974746014743
7.00425212606303	-0.352358812969952
7.01108554277139	-0.323757851786794
7.01791895947974	-0.313882714053362
7.02475237618809	-0.324302083157163
7.03158579289645	-0.354364689036227
7.0384192096048	-0.401421529302731
7.04525262631316	-0.460982939033824
7.05208604302151	-0.530172174650119
7.05891945972987	-0.60711374731621
7.06575287643822	-0.613926062799598
7.07258629314657	-0.530164784210002
7.07941970985493	-0.443603462134513
7.08625312656328	-0.354204127369565
7.09308654327164	-0.263927083444702
7.09991995997999	-0.178383007545154
7.10675337668834	-0.105170858414989
7.1135867933967	-0.0449985497608133
7.12042021010505	0.00213592821652733
7.12725362681341	0.0362308762838029
7.13408704352176	0.0570888363868372
7.14092046023012	0.0566660520078553
7.14775387693847	0.030747461396367
7.15458729364682	-0.0197100649927411
7.16142071035518	-0.091928949562925
7.16825412706353	-0.179933374907361
7.17508754377189	-0.277865590748509
7.18192096048024	-0.382207139777663
7.18875437718859	-0.491354850673694
7.19558779389695	-0.605130508701058
7.2024212106053	-0.578852755962516
7.20925462731366	-0.456354848529137
7.21608804402201	-0.332502048239039
7.22292146073037	-0.214723210600662
7.22975487743872	-0.107786498855652
7.23658829414707	-0.0136846416033151
7.24342171085543	0.0650136523571155
7.25025512756378	0.127279155431988
7.25708854427214	0.17262056860811
7.26392196098049	0.200242940933477
7.27075537768884	0.208770138801255
7.2775887943972	0.196380354452903
7.28442221110555	0.16220427799696
7.29125562781391	0.107299078305718
7.29808904452226	0.0338417225090452
7.30492246123062	-0.0541796970704125
7.31175587793897	-0.148650884858772
7.31858929464732	-0.243510406406915
7.32542271135568	-0.337155121400974
7.33225612806403	-0.427342577697849
7.33908954477239	-0.512174734210514
7.34592296148074	-0.589393969126844
7.35275637818909	-0.644557014502923
7.35958979489745	-0.58857462673448
7.3664232116058	-0.545870344745193
7.37325662831416	-0.513539745371285
7.38009004502251	-0.486534822640832
7.38692346173087	-0.4618397804469
7.39375687843922	-0.432985050893004
7.40059029514757	-0.397661708254899
7.40742371185593	-0.357991285935302
7.41425712856428	-0.317763324069137
7.42109054527264	-0.28101488150733
7.42792396198099	-0.252484738375172
7.43475737868935	-0.23623276260696
7.4415907953977	-0.236420825249131
7.44842421210605	-0.256540450349674
7.45525762881441	-0.297891332834295
7.46209104552276	-0.359380878949215
7.46892446223112	-0.435332660502985
7.47575787893947	-0.517228906822276
7.48259129564782	-0.598939644158891
7.48942471235618	-0.626744838053384
7.49625812906453	-0.560732580849235
7.50309154577289	-0.506292267268712
7.50992496248124	-0.461794017109796
7.51675837918959	-0.426096106879473
7.52359179589795	-0.398395600550888
7.5304252126063	-0.379960503838704
7.53725862931466	-0.372197328799242
7.54409204602301	-0.375372735636466
7.55092546273137	-0.387496064076433
7.55775887943972	-0.404905680070304
7.56459229614807	-0.425170679409777
7.57142571285643	-0.445402816970379
7.57825912956478	-0.46496959279566
7.58509254627314	-0.485171176433858
7.59192596298149	-0.507494738851817
7.59875937968985	-0.532028973646531
7.6055927963982	-0.557034658155232
7.61242621310655	-0.579809718664009
7.61925962981491	-0.598730322373659
7.62609304652326	-0.613606393565953
7.63292646323162	-0.624410215623963
7.63975987993997	-0.631907595209734
7.64659329664832	-0.638226995003537
7.65342671335668	-0.645142154530126
7.66026013006503	-0.648674207043625
7.66709354677339	-0.638914758851905
7.67392696348174	-0.628209894781428
7.68076038019009	-0.617100749493147
7.68759379689845	-0.607277848109552
7.6944272136068	-0.599511894255585
7.70126063031516	-0.594715435336382
7.70809404702351	-0.593276624142064
7.71492746373187	-0.594958538406765
7.72176088044022	-0.599624539553576
7.72859429714857	-0.605775812190508
7.73542771385693	-0.61035963676223
7.74226113056528	-0.610824150010615
7.74909454727364	-0.606922649767733
7.75592796398199	-0.598660067245418
7.76276138069035	-0.586032220339114
7.7695947973987	-0.569095137622119
7.77642821410705	-0.547969956154137
7.78326163081541	-0.523818516728794
7.79009504752376	-0.499991566827494
7.79692846423212	-0.479278444678688
7.80376188094047	-0.461947192212248
7.81059529764883	-0.448989124935048
7.81742871435718	-0.439444090978157
7.82426213106553	-0.430287253785325
7.83109554777389	-0.41783523010896
7.83792896448224	-0.398192698889865
7.84476238119059	-0.369025860941443
7.85159579789895	-0.330925297078903
7.8584292146073	-0.287323171187501
7.86526263131566	-0.242635574121971
7.87209604802401	-0.198690178241762
7.87892946473237	-0.161946333211358
7.88576288144072	-0.137588930439686
7.89259629814908	-0.12823482504169
7.89942971485743	-0.13408965133436
7.90626313156578	-0.154150663476732
7.91309654827414	-0.186706729483309
7.91992996498249	-0.228925764090484
7.92676338169085	-0.279460854090118
7.9335967983992	-0.337580251408906
7.94043021510755	-0.402231346933475
7.94726363181591	-0.473034624735309
7.95409704852426	-0.549994425478828
7.96093046523262	-0.63189153633698
7.96776388194097	-0.588743700810871
7.97459729864932	-0.511703294221531
7.98143071535768	-0.439369421190892
7.98826413206603	-0.371746172563496
7.99509754877439	-0.308472463409646
8.00193096548274	-0.248876611374937
8.0087643821911	-0.192937378528096
8.01559779889945	-0.140806454935105
8.0224312156078	-0.093488127991178
8.02926463231616	-0.0533577213157948
8.03609804902451	-0.0216219870446737
8.04293146573287	0.00171910597039017
8.04976488244122	0.016604286955517
8.05659829914958	0.0210941303463069
8.06343171585793	0.0130867169478203
8.07026513256628	-0.00825172493246512
8.07709854927464	-0.0424259616006657
8.08393196598299	-0.0877797612621041
8.09076538269135	-0.143485204351791
8.0975987993997	-0.20787930780737
8.10443221610806	-0.279635567260053
8.11126563281641	-0.356952045109936
8.11809904952476	-0.436635055879386
8.12493246623312	-0.514884443603804
8.13176588294147	-0.586811192403006
8.13859929964982	-0.648830638754311
8.14543271635818	-0.601291426500776
8.15226613306653	-0.560326957721667
8.15909954977489	-0.536177019118309
8.16593296648324	-0.532484694151343
8.1727663831916	-0.549132339574862
8.17959979989995	-0.581399148552913
8.1864332166083	-0.622739353475217
8.19326663331666	-0.63406878852225
8.20010005002501	-0.587619189942666
8.20693346673337	-0.541837594353416
8.21376688344172	-0.498407205075674
8.22060030015007	-0.457471407302944
8.22743371685843	-0.422850984299436
8.23426713356678	-0.402007635805171
8.24110055027514	-0.400939496070045
8.24793396698349	-0.42054389469844
8.25476738369185	-0.460443331515796
8.2616008004002	-0.520393049848506
8.26843421710856	-0.595616796941976
8.27526763381691	-0.626531202876029
8.28210105052526	-0.548885466655575
8.28893446723362	-0.476169116502834
8.29576788394197	-0.408326951033712
8.30260130065033	-0.345088983105899
8.30943471735868	-0.288021739798433
8.31626813406703	-0.240446716270635
8.32310155077539	-0.206165439008115
8.32993496748374	-0.187662310529365
8.3367683841921	-0.184595110723306
8.34360180090045	-0.193366503962767
8.3504352176088	-0.20972501441362
8.35726863431716	-0.233467951968939
8.36410205102551	-0.264609638883356
8.37093546773387	-0.303140540282654
8.37776888444222	-0.349066792081291
8.38460230115058	-0.402383988711009
8.39143571785893	-0.463135340342714
8.39826913456728	-0.53080945730066
8.40510255127564	-0.603861279256587
8.41193596798399	-0.624066839646694
8.41876938469235	-0.550240643299219
8.4256028014007	-0.47753595215913
8.43243621810906	-0.413545022750665
8.43926963481741	-0.360275725435623
8.44610305152576	-0.318038678709557
8.45293646823412	-0.288862561203539
8.45976988494247	-0.272070862661893
8.46660330165083	-0.266184601065378
8.47343671835918	-0.267657974998338
8.48027013506753	-0.272861833127022
8.48710355177589	-0.280075871940457
8.49393696848424	-0.289270356460329
8.5007703851926	-0.29963119072312
8.50760380190095	-0.311149428992605
8.51443721860931	-0.324761113158734
8.52127063531766	-0.342545815341292
8.52810405202601	-0.366304686401365
8.53493746873437	-0.398153783436253
8.54177088544272	-0.439186449588898
8.54860430215108	-0.489103796693101
8.55543771885943	-0.546692616125872
8.56227113556779	-0.611931290751209
8.56910455227614	-0.619741414873688
8.57593796898449	-0.548818778490079
8.58277138569285	-0.481510675348117
8.5896048024012	-0.41964567180301
8.59643821910956	-0.364288773883165
8.60327163581791	-0.314396120117307
8.61010505252626	-0.268661938156245
8.61693846923462	-0.225518775636035
8.62377188594297	-0.183849225663765
8.63060530265133	-0.143263879161879
8.63743871935968	-0.103816291874474
8.64427213606803	-0.0661379059875164
8.65110555277639	-0.0311694642329217
8.65793896948474	8.82972417964165e-05
8.6647723861931	0.0260812847061671
8.67160580290145	0.0448555099644018
8.67843921960981	0.0549837462059913
8.68527263631816	0.054540707107846
8.69210605302651	0.0432610972083854
8.69893946973487	0.0209282715821139
8.70577288644322	-0.0113543622343297
8.71260630315158	-0.0519575397445041
8.71943971985993	-0.0983021451956995
8.72627313656828	-0.148873537229999
8.73310655327664	-0.203272305518208
8.73993996998499	-0.258987550285513
8.74677338669335	-0.31493234661046
8.7536068034017	-0.370996159943995
8.76044022011006	-0.427321438778402
8.76727363681841	-0.484830798577006
8.77410705352676	-0.544937972212426
8.78094047023512	-0.609255324518232
8.78777388694347	-0.622926646080208
8.79460730365183	-0.546816363010497
8.80144072036018	-0.464990906694728
8.80827413706854	-0.378658947420171
8.81510755377689	-0.29096311537421
8.82194097048524	-0.203630981465478
8.8287743871936	-0.118416266295704
8.83560780390195	-0.0357274695503086
8.84244122061031	0.0432276909701698
8.84927463731866	0.116845174472769
8.85610805402701	0.182274378438494
8.86294147073537	0.236272807870936
8.86977488744372	0.276105044198251
8.87660830415208	0.301261703773647
8.88344172086043	0.311962137751939
8.89027513756879	0.308230222148217
8.89710855427714	0.290058473359633
8.90394197098549	0.257485772802281
8.91077538769385	0.214060048849094
8.9176088044022	0.163708685760185
8.92444222111055	0.108301078985781
8.93127563781891	0.0475976379441198
8.93810905452726	-0.0198453109912018
8.94494247123562	-0.0951093711906484
8.95177588794397	-0.178194376060654
8.95860930465233	-0.266409756216
8.96544272136068	-0.356414027242653
8.97227613806903	-0.444665888429135
8.97910955477739	-0.528263944118515
8.98594297148574	-0.606209218812031
8.9927763881941	-0.624016472435793
8.99960980490245	-0.558061583600573
9.00644322161081	-0.496996278924097
9.01327663831916	-0.440337529664368
9.02011005502751	-0.387955672469159
9.02694347173587	-0.340249057501162
9.03377688844422	-0.297186769110066
9.04061030515258	-0.258088596464337
9.04744372186093	-0.221275938284347
9.05427713856928	-0.184294749430246
9.06111055527764	-0.146788296700712
9.06794397198599	-0.108380617035763
9.07477738869435	-0.0690118568343664
9.0816108054027	-0.0302709459228443
9.08844422211106	0.00767417529021866
9.09527763881941	0.0414763995055872
9.10211105552776	0.0663907569140996
9.10894447223612	0.0782213943416691
9.11577788894447	0.0767283667371441
9.12261130565283	0.0619225263605784
9.12944472236118	0.0337689476178852
9.13627813906954	-0.00746604331975513
9.14311155577789	-0.0610222698635491
9.14994497248624	-0.126166822647735
9.1567783891946	-0.202203871214087
9.16361180590295	-0.289144888672625
9.17044522261131	-0.386376517823338
9.17727863931966	-0.490534729294327
9.18411205602801	-0.599710213677424
9.19094547273637	-0.591525997642324
9.19777888944472	-0.480601178071035
9.20461230615308	-0.371710223095501
9.21144572286143	-0.267195235576792
9.21827913956979	-0.16996315949867
9.22511255627814	-0.0847025537210731
9.23194597298649	-0.0182715062257299
9.23877938969485	0.0254701500221816
9.2456128064032	0.0433164534878512
9.25244622311155	0.0327109330225033
9.25927963981991	-0.00364410700819723
9.26611305652826	-0.0609311189409888
9.27294647323662	-0.133325299265291
9.27977988994497	-0.211429418950653
9.28661330665333	-0.288936654889958
9.29344672336168	-0.363566554412154
9.30028014007004	-0.435145208351533
9.30711355677839	-0.503043309372165
9.31394697348674	-0.56441534987114
9.3207803901951	-0.615673403093263
9.32761380690345	-0.648615911768955
9.33444722361181	-0.627602413457697
9.34128064032016	-0.62694904265368
9.34811405702852	-0.646832801778948
9.35494747373687	-0.617669331994435
9.36178089044522	-0.566025636795285
9.36861430715358	-0.505068974661073
9.37544772386193	-0.443569107003588
9.38228114057029	-0.383926001169036
9.38911455727864	-0.330586825886821
9.39594797398699	-0.288209606178726
9.40278139069535	-0.257950211614769
9.4096148074037	-0.238972777864552
9.41644822411206	-0.230686015315031
9.42328164082041	-0.233963190102499
9.43011505752876	-0.251241639244257
9.43694847423712	-0.285694057005813
9.44378189094547	-0.340687067785069
9.45061530765383	-0.41598020955524
9.45744872436218	-0.510158605980426
9.46428214107054	-0.615935235466429
9.47111555777889	-0.5776288208703
9.47794897448724	-0.473413982667728
9.4847823911956	-0.384233535428549
9.49161580790395	-0.31598286928741
9.49844922461231	-0.269767912812349
9.50528264132066	-0.242888199099898
9.51211605802902	-0.230826158417335
9.51894947473737	-0.229029438635028
9.52578289144572	-0.234055316062529
9.53261630815408	-0.243143118403849
9.53944972486243	-0.252063230367876
9.54628314157079	-0.258474567541174
9.55311655827914	-0.260749091482658
9.55994997498749	-0.258633646074085
9.56678339169585	-0.253768568646342
9.5736168084042	-0.248436910420033
9.58045022511256	-0.243869380376261
9.58728364182091	-0.246942643652537
9.59411705852927	-0.265545377465901
9.60095047523762	-0.305378640133611
9.60778389194597	-0.368638176572401
9.61461730865433	-0.45368596865369
9.62145072536268	-0.553488181485961
9.62828414207104	-0.642846091182209
9.63511755877939	-0.543929314836834
9.64195097548775	-0.459534721328311
9.6487843921961	-0.39129092822883
9.65561780890445	-0.344700189240621
9.66245122561281	-0.323791546639201
9.66928464232116	-0.329272383906985
9.67611805902952	-0.359661231678494
9.68295147573787	-0.411251080088102
9.68978489244622	-0.479677691303628
9.69661830915458	-0.558232639957173
9.70345172586293	-0.634832498247684
9.71028514257129	-0.606082158660446
9.71711855927964	-0.570224044826875
9.72395197598799	-0.567612176102597
9.73078539269635	-0.601350949874462
9.7376188094047	-0.6346505473484
9.74445222611306	-0.545048644320974
9.75128564282141	-0.436190326039772
9.75811905952976	-0.313972834195851
9.76495247623812	-0.184323411698214
9.77178589294647	-0.0510533635955826
9.77861930965483	0.0830966855617386
9.78545272636318	0.212061771429658
9.79228614307154	0.323959500949048
9.79911955977989	0.405589616583856
9.80595297648824	0.446755271758594
9.8127863931966	0.444706262088211
9.81961980990495	0.401203885503782
9.82645322661331	0.322447232210495
9.83328664332166	0.21702936506927
9.84012006003002	0.0968011376791767
9.84695347673837	-0.0288590250019033
9.85378689344672	-0.156375316675873
9.86062031015508	-0.284100693704696
9.86745372686343	-0.410637101192476
9.87428714357179	-0.534410624720786
9.88112056028014	-0.647197946123097
9.88795397698849	-0.531302703358535
9.89478739369685	-0.421665986365916
9.9016208104052	-0.319336783949282
9.90845422711356	-0.228326944575111
9.91528764382191	-0.15240102406501
9.92212106053027	-0.0942237678283031
9.92895447723862	-0.0548683875426367
9.93578789394697	-0.0339489046612422
9.94262131065533	-0.0295795951684244
9.94945472736368	-0.0389935347174432
9.95628814407204	-0.061721774823343
9.96312156078039	-0.0977656931951814
9.96995497748875	-0.145981274621347
9.9767883941971	-0.202862025170257
9.98362181090545	-0.264290042234893
9.99045522761381	-0.329279289083441
9.99728864432216	-0.397825942802297
10.0041220610305	-0.469571176354255
10.0109554777389	-0.539052457749999
10.0177888944472	-0.601488765317933
10.0246223111556	-0.647497931946394
10.0314557278639	-0.603267546835011
10.0382891445723	-0.566096029623961
10.0451225612806	-0.535241502801461
10.051955977989	-0.507019149245435
10.0587893946973	-0.478431751414154
10.0656228114057	-0.448371188385168
10.0724562281141	-0.416771195664942
10.0792896448224	-0.385747689408673
10.0861230615308	-0.358052077083205
10.0929564782391	-0.334501651500839
10.0997898949475	-0.315105368968455
10.1066233116558	-0.299357773331907
10.1134567283642	-0.286561514918039
10.1202901450725	-0.27673373115905
10.1271235617809	-0.270254812670148
10.1339569784892	-0.267545177905702
10.1407903951976	-0.269786904619798
10.147623811906	-0.277232287633485
10.1544572286143	-0.290509934646095
10.1612906453227	-0.309294038254451
10.168124062031	-0.332371241705413
10.1749574787394	-0.356210401280161
10.1817908954477	-0.376036437144284
10.1886243121561	-0.388862096926509
10.1954577288644	-0.390062216961095
10.2022911455728	-0.377475052640492
10.2091245622811	-0.353136858233811
10.2159579789895	-0.323206599561738
10.2227913956979	-0.292735896985961
10.2296248124062	-0.268041192066481
10.2364582291146	-0.25475634939574
10.2432916458229	-0.254168312444551
10.2501250625313	-0.267150381034369
10.2569584792396	-0.292596257469792
10.263791895948	-0.325579718142014
10.2706253126563	-0.361982909209986
10.2774587293647	-0.401768703986798
10.284292146073	-0.450133605678426
10.2911255627814	-0.514019152394529
10.2979589794897	-0.597746716681709
10.3047923961981	-0.598101996769947
10.3116258129065	-0.468477307779154
10.3184592296148	-0.319489502187907
10.3252926463232	-0.159898827393214
10.3321260630315	0.00189296446741227
10.3389594797399	0.160607030120068
10.3457928964482	0.313726887214177
10.3526263131566	0.460043999780291
10.3594597298649	0.596574345558257
10.3662931465733	0.715697197437126
10.3731265632816	0.807488684097249
10.37995997999	0.868504884404068
10.3867933966983	0.892551494405275
10.3936268134067	0.87799046383749
10.4004602301151	0.825393499254188
10.4072936468234	0.738385129792849
10.4141270635318	0.62087755531611
10.4209604802401	0.478980910843623
10.4277938969485	0.32330094699919
10.4346273136568	0.157649738939185
10.4414607303652	-0.01341650164821
10.4482941470735	-0.185654899356939
10.4551275637819	-0.357958361296253
10.4619609804902	-0.527619726799383
10.4687943971986	-0.61121005125064
10.475627813907	-0.458518987390666
10.4824612306153	-0.320460855994249
10.4892946473237	-0.199647556651988
10.496128064032	-0.0967940463702074
10.5029614807404	-0.0103364197339287
10.5097948974487	0.0624696089192217
10.5166283141571	0.121638077422711
10.5234617308654	0.167202017813472
10.5302951475738	0.199193353759736
10.5371285642821	0.21994315940301
10.5439619809905	0.231696646391829
10.5507953976989	0.234402427235409
10.5576288144072	0.22741225113351
10.5644622311156	0.207578310672478
10.5712956478239	0.172161792408031
10.5781290645323	0.120180308176579
10.5849624812406	0.0502306164128292
10.591795897949	-0.0379020056403105
10.5986293146573	-0.14356631808248
10.6054627313657	-0.264860167699854
10.612296148074	-0.398724535811689
10.6191295647824	-0.539981586147909
10.6259629814907	-0.618132634056857
10.6327963981991	-0.478023474840083
10.6396298149075	-0.351163419886855
10.6464632316158	-0.244614118730851
10.6532966483242	-0.16166427099531
10.6601300650325	-0.102142619058308
10.6669634817409	-0.0618885447077615
10.6737968984492	-0.0376232351270803
10.6806303151576	-0.0266331858454359
10.6874637318659	-0.0275092021849873
10.6942971485743	-0.0406965986131918
10.7011305652826	-0.0678328416112379
10.707963981991	-0.109801114706503
10.7147973986993	-0.166819413895483
10.7216308154077	-0.23757783623877
10.7284642321161	-0.319450510836973
10.7352976488244	-0.40933708858327
10.7421310655328	-0.504776745163592
10.7489644822411	-0.604381472317035
10.7557978989495	-0.59412409900103
10.7626313156578	-0.486234431679459
10.7694647323662	-0.373973223469694
10.7762981490745	-0.258561000004007
10.7831315657829	-0.143455994241869
10.7899649824912	-0.0340441837780019
10.7967983991996	0.0630890494622841
10.803631815908	0.140949024021823
10.8104652326163	0.196530110370405
10.8172986493247	0.226860473793413
10.824132066033	0.229270293133565
10.8309654827414	0.203252600491713
10.8377988994497	0.148432866752832
10.8446323161581	0.0649861597676613
10.8514657328664	-0.0458190530932801
10.8582991495748	-0.181273836702145
10.8651325662831	-0.336917421134698
10.8719659829915	-0.506240117140207
10.8787993996999	-0.6211895913184
10.8856328164082	-0.450346164692353
10.8924662331166	-0.29277168387724
10.8992996498249	-0.153850998649074
10.9061330665333	-0.0364736997770597
10.9129664832416	0.0545342375834301
10.91979989995	0.115548444968912
10.9266333166583	0.143940920435393
10.9334667333667	0.138323283916702
10.940300150075	0.0990125998954767
10.9471335667834	0.0290748174575538
10.9539669834917	-0.0684429608073706
10.9608004002001	-0.187261048220938
10.9676338169085	-0.321763072797006
10.9744672336168	-0.464407192719725
10.9813006503252	-0.613764563445125
10.9881340670335	-0.543852679400528
10.9949674837419	-0.41810898907336
11.0018009004502	-0.317362907695212
11.0086343171586	-0.246554779018545
11.0154677338669	-0.208420185248983
11.0223011505753	-0.20080070293869
11.0291345672836	-0.219674485752166
11.035967983992	-0.258584721405609
11.0428014007004	-0.306695557479604
11.0496348174087	-0.358372759267746
11.0564682341171	-0.412503721915519
11.0633016508254	-0.466842161486867
11.0701350675338	-0.521155791019807
11.0769684842421	-0.575782116675844
11.0838019009505	-0.631381829369001
11.0906353176588	-0.613496328635984
11.0974687343672	-0.554402573259457
11.1043021510755	-0.493446976929427
11.1111355677839	-0.430248923805209
11.1179689844922	-0.363954882886607
11.1248024012006	-0.293979145022207
11.131635817909	-0.221513235879034
11.1384692346173	-0.150924917687498
11.1453026513257	-0.0870224641204767
11.152136068034	-0.0370350290453671
11.1589694847424	-0.0114181345895971
11.1658029014507	-0.0170215475131291
11.1726363181591	-0.0541815849898833
11.1794697348674	-0.117805738790298
11.1863031515758	-0.199842875345982
11.1931365682841	-0.2917201526186
11.1999699849925	-0.389663376460825
11.2068034017009	-0.49092211275198
11.2136368184092	-0.594166307214525
11.2204702351176	-0.605064146534647
11.2273036518259	-0.505488091233235
11.2341370685343	-0.412046114195947
11.2409704852426	-0.32503993102851
11.247803901951	-0.246415701015715
11.2546373186593	-0.179821698093031
11.2614707353677	-0.126892067018162
11.268304152076	-0.0871714464067752
11.2751375687844	-0.0592010550484363
11.2819709854927	-0.0416674461554992
11.2888044022011	-0.0342310388987048
11.2956378189095	-0.0371063759111386
11.3024712356178	-0.0502810779660023
11.3093046523262	-0.0730485222454123
11.3161380690345	-0.10468128964229
11.3229714857429	-0.145079013311838
11.3298049024512	-0.188803529308709
11.3366383191596	-0.232832600330918
11.3434717358679	-0.277178328794971
11.3503051525763	-0.319662464363625
11.3571385692846	-0.355838008847419
11.363971985993	-0.38413493571584
11.3708054027014	-0.405559647129888
11.3776388194097	-0.422222699216579
11.3844722361181	-0.434468001419042
11.3913056528264	-0.4428804631832
11.3981390695348	-0.446663271429984
11.4049724862431	-0.443573598687472
11.4118059029515	-0.431112207998936
11.4186393196598	-0.40783800497846
11.4254727363682	-0.374342071772312
11.4323061530765	-0.333505370956029
11.4391395697849	-0.289997443225928
11.4459729864932	-0.248967963210466
11.4528064032016	-0.214547069546281
11.45963981991	-0.188837163168421
11.4664732366183	-0.171639434528885
11.4733066533267	-0.162724105153243
11.480140070035	-0.16025909542248
11.4869734867434	-0.160799284502862
11.4938069034517	-0.16174781950083
11.5006403201601	-0.162307806718431
11.5074737368684	-0.163419208773041
11.5143071535768	-0.166480244617164
11.5211405702851	-0.177033046675448
11.5279739869935	-0.200704265559727
11.5348074037019	-0.24098350850539
11.5416408204102	-0.298716936650059
11.5484742371186	-0.373511180865906
11.5553076538269	-0.463482140931204
11.5621410705353	-0.564715124845051
11.5689744872436	-0.630572667788512
11.575807903952	-0.525495318318706
11.5826413206603	-0.426792545925698
11.5894747373687	-0.34258028597427
11.596308154077	-0.281929819431474
11.6031415707854	-0.25023981657407
11.6099749874937	-0.247914342344205
11.6168084042021	-0.272094766724461
11.6236418209105	-0.318065455031243
11.6304752376188	-0.380585557753377
11.6373086543272	-0.454012256528497
11.6441420710355	-0.535080265317415
11.6509754877439	-0.622948947349179
11.6578089044522	-0.588596896855247
11.6646423211606	-0.498758756399633
11.6714757378689	-0.410943235474079
11.6783091545773	-0.327778962651166
11.6851425712856	-0.251910425872684
11.691975987994	-0.183716947976467
11.6988094047024	-0.121701303820277
11.7056428214107	-0.0647595781940196
11.7124762381191	-0.0115165803935289
11.7193096548274	0.0373742636688158
11.7261430715358	0.0788373503731167
11.7329764882441	0.1119037430701
11.7398099049525	0.136557980974825
11.7466433216608	0.152802833881503
11.7534767383692	0.160631729096098
11.7603101550775	0.160064449815966
11.7671435717859	0.151086934811253
11.7739769884942	0.133512861158636
11.7808104052026	0.104889234159756
11.787643821911	0.0633959370794274
11.7944772386193	0.00849281297206704
11.8013106553277	-0.0595982496268266
11.808144072036	-0.140229380178809
11.8149774887444	-0.23286899327324
11.8218109054527	-0.337220752218812
11.8286443221611	-0.45319666686057
11.8354777388694	-0.579665757440133
11.8423111555778	-0.5861335984435
11.8491445722861	-0.442949799932698
11.8559779889945	-0.3002845550438
11.8628114057029	-0.166568022795198
11.8696448224112	-0.0500562778485383
11.8764782391196	0.0438331587950165
11.8833116558279	0.115136859074259
11.8901450725363	0.16257108848818
11.8969784892446	0.184818174804881
11.903811905953	0.185850125540908
11.9106453226613	0.170086885330916
11.9174787393697	0.145296037037701
11.924312156078	0.11943289727783
11.9311455727864	0.0965667501160923
11.9379789894947	0.0766566217099314
11.9448124062031	0.0597342883021407
11.9516458229115	0.0456207345355594
11.9584792396198	0.0336250275491033
11.9653126563282	0.0229229534275575
11.9721460730365	0.0133277881263752
11.9789794897449	0.00533762160163004
11.9858129064532	2.27949631556783e-05
11.9926463231616	-0.0024147682662199
11.9994797398699	-0.00264338143134086
12.0063131565783	-0.00313359300573639
12.0131465732866	-0.00765144730056466
12.019979989995	-0.0194069145259321
12.0268134067034	-0.0411488877415627
12.0336468234117	-0.0729387122797087
12.0404802401201	-0.114300198895811
12.0473136568284	-0.163947419465966
12.0541470735368	-0.220542017377112
12.0609804902451	-0.283175739166227
12.0678139069535	-0.351578423345622
12.0746473236618	-0.425729872630041
12.0814807403702	-0.505619425876922
12.0883141570785	-0.589523201900948
12.0951475737869	-0.626685387053469
12.1019809904952	-0.543051877659941
12.1088144072036	-0.466198483975989
12.115647823912	-0.40188616513551
12.1224812406203	-0.354415906691778
12.1293146573287	-0.324445037244006
12.136148074037	-0.309287514326384
12.1429814907454	-0.30379550063171
12.1498149074537	-0.301952368332972
12.1566483241621	-0.298598946968461
12.1634817408704	-0.291054326901875
12.1703151575788	-0.279621497855555
12.1771485742871	-0.266297294847453
12.1839819909955	-0.252322575535748
12.1908154077039	-0.23795835764825
12.1976488244122	-0.226023951738225
12.2044822411206	-0.219055192070775
12.2113156578289	-0.217486635002628
12.2181490745373	-0.221533751975328
12.2249824912456	-0.23116526314417
12.231815907954	-0.246715371833412
12.2386493246623	-0.268684472402512
12.2454827413707	-0.297303029713944
12.252316158079	-0.331566297394532
12.2591495747874	-0.369279800979662
12.2659829914957	-0.409063518551759
12.2728164082041	-0.448086777368972
12.2796498249125	-0.486128354988182
12.2864832416208	-0.52281166933169
12.2933166583292	-0.558059592370541
12.3001500750375	-0.593657890994327
12.3069834917459	-0.631852798681831
12.3138169084542	-0.628369951875361
12.3206503251626	-0.58378204626007
12.3274837418709	-0.539151343011408
12.3343171585793	-0.496854013233721
12.3411505752876	-0.458381756575038
12.347983991996	-0.423957689740345
12.3548174087044	-0.39358715866361
12.3616508254127	-0.367267099263513
12.3684842421211	-0.345030733285057
12.3753176588294	-0.326876290213542
12.3821510755378	-0.310243807623358
12.3889844922461	-0.293051803206396
12.3958179089545	-0.271196289569478
12.4026513256628	-0.232343778445659
12.4094847423712	-0.169219319368103
12.4163181590795	-0.0840752192927011
12.4231515757879	0.0123854106070069
12.4299849924962	0.10347335149724
12.4368184092046	0.180115505949118
12.443651825913	0.233089677829288
12.4504852426213	0.260864978537957
12.4573186593297	0.259959594938038
12.464152076038	0.227496323379885
12.4709854927464	0.162884786991513
12.4778189094547	0.0675817250141645
12.4846523261631	-0.0530930702415095
12.4914857428714	-0.188146857217812
12.4983191595798	-0.328059227150689
12.5051525762881	-0.469343024915464
12.5119859929965	-0.603054796421709
12.5188194097049	-0.577543388673572
12.5256528264132	-0.466311083749681
12.5324862431216	-0.35990543529529
12.5393196598299	-0.255269930862133
12.5461530765383	-0.140781042792034
12.5529864932466	-0.00697198909986107
12.559819909955	0.15148090096983
12.5666533266633	0.335538864681105
12.5734867433717	0.545176698203322
12.58032016008	0.779056920173879
12.5871535767884	1.02872497477823
12.5939869934967	1.28369611582575
12.6008204102051	1.53359580060187
12.6076538269135	1.76617051787229
12.6144872436218	1.96946903549495
12.6213206603302	2.13399701533036
12.6281540770385	2.2534895800507
12.6349874937469	2.32574099899125
12.6418209104552	2.35398856314314
12.6486543271636	2.34607792658267
12.6554877438719	2.31139174774568
12.6623211605803	2.25149459616633
12.6691545772886	2.17199743137213
12.675987993997	2.07799118642368
12.6828214107054	1.97144270357753
12.6896548274137	1.85220114433987
12.6964882441221	1.71735002957085
12.7033216608304	1.56594425846778
12.7101550775388	1.39655371828965
12.7169884942471	1.20412233997822
12.7238219109555	0.988255520880387
12.7306553276638	0.747130913993121
12.7374887443722	0.478937029647364
12.7443221610805	0.184327528846924
12.7511555777889	-0.127016805571425
12.7579889944972	-0.451927318601906
12.7648224112056	-0.519321690009151
12.771655827914	-0.209804834295803
12.7784892446223	0.0758191490891953
12.7853226613307	0.337562607237842
12.792156078039	0.575439006886202
12.7989894947474	0.788617951552768
12.8058229114557	0.962586339159446
12.8126563281641	1.09203742074157
12.8194897448724	1.17953822105166
12.8263231615808	1.23581014357505
12.8331565782891	1.26216144927563
12.8399899949975	1.27137054061224
12.8468234117059	1.27473587073881
12.8536568284142	1.28063322321036
12.8604902451226	1.29011460369664
12.8673236618309	1.30166409305865
12.8741570785393	1.31249504012911
12.8809904952476	1.32081254835276
12.887823911956	1.32660083334161
12.8946573286643	1.32984206028192
12.9014907453727	1.32907696199488
12.908324162081	1.31807591781978
12.9151575787894	1.28895837726122
12.9219909954977	1.22506304408925
12.9288244122061	1.11821771405949
12.9356578289145	0.965851663534886
12.9424912456228	0.771190431754013
12.9493246623312	0.54578498148762
12.9561580790395	0.305283313890183
12.9629914957479	0.0571132508712311
12.9698249124562	-0.192771405812213
12.9766583291646	-0.438967142830844
12.9834917458729	-0.623885994720093
12.9903251625813	-0.395114825890694
12.9971585792896	-0.182458543590223
13.003991995998	0.00705215776174351
13.0108254127064	0.166906655032098
13.0176588294147	0.29331112732189
13.0244922461231	0.385669800240356
13.0313256628314	0.44423005198422
13.0381590795398	0.471466852098902
13.0449924962481	0.469988093472894
13.0518259129565	0.440487350786059
13.0586593296648	0.381907482438403
13.0654927463732	0.292739693632328
13.0723261630815	0.173090567041262
13.0791595797899	0.0242540103672162
13.0859929964983	-0.149484693196241
13.0928264132066	-0.343961022186424
13.099659829915	-0.548375587315405
13.1064932466233	-0.551329122107357
13.1133266633317	-0.359230953196478
13.12016008004	-0.179709391478913
13.1269934967484	-0.0150752472862381
13.1338269134567	0.13520099209762
13.1406603301651	0.274463196672731
13.1474937468734	0.406541105305478
13.1543271635818	0.533304538245589
13.1611605802901	0.657514920560823
13.1679939969985	0.77817806244153
13.1748274137069	0.890100581703664
13.1816608304152	0.986837148052793
13.1884942471236	1.06504613923351
13.1953276638319	1.11834623127054
13.2021610805403	1.14531457078683
13.2089944972486	1.14897854567259
13.215827913957	1.13273840417853
13.2226613306653	1.10483815857736
13.2294947473737	1.06987183757859
13.236328164082	1.0272653670833
13.2431615807904	0.971874354127404
13.2499949974987	0.898170211386128
13.2568284142071	0.805463458265819
13.2636618309155	0.695673552569835
13.2704952476238	0.573059368042353
13.2773286643322	0.437816393071658
13.2841620810405	0.298068608561543
13.2909954977489	0.162717420499172
13.2978289144572	0.0318015786607144
13.3046623311656	-0.0946965471196206
13.3114957478739	-0.216756598318811
13.3183291645823	-0.334409056767374
13.3251625812906	-0.448083804618134
13.331995997999	-0.561135949748806
13.3388294147074	-0.627929167568981
13.3456628314157	-0.517488386167031
13.3524962481241	-0.418682658950329
13.3593296648324	-0.33227476007063
13.3661630815408	-0.261625318107827
13.3729964982491	-0.212854521481785
13.3798299149575	-0.186071678686206
13.3866633316658	-0.177253827124132
13.3934967483742	-0.18284823074655
13.4003301650825	-0.202648566663828
13.4071635817909	-0.236458417397337
13.4139969984993	-0.292118030484306
13.4208304152076	-0.373868683047341
13.427663831916	-0.49137025620933
13.4344972486243	-0.649259158560765
13.4413306653327	-0.446237096900125
13.448164082041	-0.215934693880897
13.4549974987494	0.0169252510242639
13.4618309154577	0.227696347848816
13.4686643321661	0.401845781224592
13.4754977488744	0.52548091229246
13.4823311655828	0.593113950828808
13.4891645822911	0.602584498223168
13.4959979989995	0.551940143562828
13.5028314157079	0.435070579033118
13.5096648324162	0.245477477008119
13.5164982491246	-0.0208385683278998
13.5233316658329	-0.365078009351004
13.5301650825413	-0.514794795687831
13.5369984992496	-0.0143469565931941
13.543831915958	0.564338848841595
13.5506653326663	1.2209588097655
13.5574987493747	1.9520040834468
13.564332166083	2.75202760854706
13.5711655827914	3.61281626504749
13.5779989994997	4.52660870339076
13.5848324162081	5.48708711290529
13.5916658329165	6.49407995605812
13.5984992496248	7.54568856005973
13.6053326663332	8.62096842748332
13.6121660830415	9.66763942088173
13.6189994997499	10.6107905446748
13.6258329164582	11.3794099719202
13.6326663331666	11.9347226899187
13.6394997498749	12.2935535892184
13.6463331665833	12.4930780000778
13.6531665832916	12.560879771963
13.66	12.5733421314876
13.67	0
14.0369696969697	0
14.4039393939394	0
14.7709090909091	0
15.1378787878788	0
15.5048484848485	0
15.8718181818182	0
16.2387878787879	0
16.6057575757576	0
16.9727272727273	0
17.339696969697	0
17.7066666666667	0
18.0736363636364	0
18.4406060606061	0
18.8075757575758	0
19.1745454545455	0
19.5415151515151	0
19.9084848484849	0
20.2754545454545	0
20.6424242424242	0
21.0093939393939	0
21.3763636363636	0
21.7433333333333	0
22.110303030303	0
22.4772727272727	0
22.8442424242424	0
23.2112121212121	0
23.5781818181818	0
23.9451515151515	0
24.3121212121212	0
24.6790909090909	0
25.0460606060606	0
25.4130303030303	0
25.78	0
26.1469696969697	0
26.5139393939394	0
26.8809090909091	0
27.2478787878788	0
27.6148484848485	0
27.9818181818182	0
28.3487878787879	0
28.7157575757576	0
29.0827272727273	0
29.449696969697	0
29.8166666666667	0
30.1836363636364	0
30.5506060606061	0
30.9175757575758	0
31.2845454545455	0
31.6515151515151	0
32.0184848484849	0
32.3854545454545	0
32.7524242424242	0
33.1193939393939	0
33.4863636363636	0
33.8533333333333	0
34.220303030303	0
34.5872727272727	0
34.9542424242424	0
35.3212121212121	0
35.6881818181818	0
36.0551515151515	0
36.4221212121212	0
36.7890909090909	0
37.1560606060606	0
37.5230303030303	0
37.89	0
38.2569696969697	0
38.6239393939394	0
38.9909090909091	0
39.3578787878788	0
39.7248484848485	0
40.0918181818182	0
40.4587878787879	0
40.8257575757576	0
41.1927272727273	0
41.559696969697	0
41.9266666666667	0
42.2936363636364	0
42.6606060606061	0
43.0275757575758	0
43.3945454545455	0
43.7615151515151	0
44.1284848484848	0
44.4954545454545	0
44.8624242424242	0
45.2293939393939	0
45.5963636363636	0
45.9633333333333	0
46.330303030303	0
46.6972727272727	0
47.0642424242424	0
47.4312121212121	0
47.7981818181818	0
48.1651515151515	0
48.5321212121212	0
48.8990909090909	0
49.2660606060606	0
49.6330303030303	0
50	0
