Age	DecOak
0.02	0
0.79	48.0565
1.32	48.9865
1.58	46.7024
3.57	48.5549
6.55	52.6596
8.82	50
10.18	44.2049
11.89	55.0725
14.15	24.8521
15.83	10.1563
16.63	10.4348
17.52	11.2583
18.6	6.20155
19.84	9.06344
21.71	5.57103
23.49	2.83019
25.17	4.83871
26.84	5.22875
28.25	12.6801
29.59	1.71429
30.5	10.9677
31.48	7.38462
33.01	8.22785
34.56	31.6092
36.46	3.50195
38.32	22.5
39.25	4.54545
40.21	13.1274
41.54	7.40741
42.86	12.7168
44.45	21.4765
46.04	5.1447
47.65	7.109
49.24	8.20513
51.3	24.9275
53.39	22.6804
55.24	31.25
57.09	30.5476
59.13	16.2866
61.2	29.2453
62.78	20.5556
64.3	10.3448
66	4.51977
67.77	8.73016
69.47	4.96454
71.19	1.50376
72.88	13.3949
74.59	36.5482
76.2	5.90406
77.79	19.8474
79.2	8.42787
80.54	34.3629
81.9	40.2116
83.27	54.3259
84.77	48.6842
86.38	21.7391
88.01	9.02475
89.67	23.9922
91.56	33.5079
93.65	23.7288
95.53	22.0779
97.21	23.3962
98.92	29.2835
100.67	34.7281
102.27	48.306
103.69	22.3214
105.1	40.4
106.55	48.3019
108.27	16.7526
110.37	15.4026
112.61	32.5471
115.07	34.7826
117.6	35.514
120.31	27.5675
122.93	38.4342
125.54	55.5008
128.06	49.3903
130.31	25.0923
132.49	20.1389
134.42	18.4109
136.29	15.5173
138.05	5.7971
139.83	19.8198
141.45	6.20155
143.17	7.95454
144.74	5.88236
146.44	4.1958
148.05	4.95868
149.64	3.84615
150.95	2.24719
152.27	10.7382
153.69	2.1978
155.11	3.27868
155.91	3.75
156.7	1.97044
157.41	4.87804
158.12	7.0707
158.89	1.85185
159.64	5
160.52	2.33645
161.38	4.73933
162.26	4.81283
163.14	5.7971
164.12	3.53535
165.13	2.89855
166.13	2.98507
167.12	15.1961
168.06	7.8125
169.01	4.9505
169.92	6.73575
170.83	3.90244
171.72	3.53535
172.61	5.72917
173.55	5.47264
174.54	7.1066
175.46	14.5
176.38	5.64103
177.22	12.234
178.03	7.8125
178.87	7.34463
179.72	12.6904
180.64	23.4637
181.61	8.71795
182.63	10.3139
183.69	10.3627
184.65	1.60428
185.54	17.765
186.51	44.385
187.58	36.5079
188.6	13.3145
189.61	17.8392
190.57	14.2466
191.52	14.3836
192.47	16.5414
193.43	8.85714
194.42	6.07287
195.51	12.4669
196.65	16.9591
197.91	28.5714
199.14	22.6744
200.25	48.6239
201.36	53.3089
202.43	41.0139
203.53	41.2301
204.7	0.339559
206.11	0.833333
208.33	9.41935
210.46	22.4756
212.26	19.2394
214.12	23.4375
216.4	39.4881
218.69	26.6941
221.25	11.5993
223.79	14.8148
225.45	9.25926
227.06	34.1991
228.38	10.3093
229.71	28.3334
231.09	20.7964
232.46	6.04396
233.85	30.0971
235.24	15.4639
236.52	32.1544
237.8	29.0124
239.27	45.6522
240.71	64.1115
241.92	21.0084
243.1	4.95049
244.37	3.74707
245.69	4.13534
246.94	9.73154
248.18	0
249.69	8.33334
251.2	4.51128
252.83	5.65371
254.49	3.19634
256.29	4.91803
258.14	3.80228
260.07	2.35849
262.03	4.32099
263.76	0
265.41	2.82685
267.02	5.51725
268.62	0
270.32	4.3307
271.95	1
273.55	4.33071
275.13	2.88066
276.52	1.78571
277.89	1.40845
279.29	1.07527
280.72	0.738007
282.11	3.62903
283.46	1.70068
285	4.71976
286.72	5.92335
288.44	33.8871
290.13	58.1081
291.72	47.4801
293.23	33.4559
294.74	17.1014
296.25	17.9487
297.64	31.1111
298.88	52.0548
300.04	14.375
301.2	0
302.36	11.8919
303.58	29.8611
304.79	34.4828
306.11	16.312
307.43	12.8571
308.76	27.4854
310.04	5.9761
311.22	35.8974
312.36	38.0711
313.56	46.332
314.76	57.9861
316	54.1199
317.25	39.5105
318.73	23.7864
320.23	12.9032
321.8	18.75
323.37	31.5151
325.21	33.1429
327.02	54.7469
328.97	36.9319
330.92	35.6757
332.84	25.9741
334.77	14.2857
336.79	16.3522
338.81	18
341	9.44882
343.18	6.80851
345.29	1.53061
347.4	8.96552
349.39	12.1213
351.38	16.3462
353.44	6.43776
355.52	12
357.67	33.0144
359.86	10.6383
362	6.89655
364.13	6.95652
365.86	5.77777
367.46	1.22699
369.4	2.94117
371.5	4.24837
373.97	15.7377
376.64	3.1348
379.79	8.1571
383.21	3.28947
386.35	20.5211
389.35	10.1156
391.9	6.73077
394.09	2.64901
395.78	17.9153
397.07	18.2411
398.46	30.6306
399.97	42.4623
401.54	10.231
403.18	35.4037
405.02	37.0656
407.19	17.1253
409.05	27.3312
410.54	35.0819
412.21	30.2941
414.16	44
415.97	50
417.52	46.0064
419.21	45.8689
421.21	38.3481
423.11	32.899
424.79	60.3278
426.56	19.3846
428.5	2.31023
430.43	0
432.23	0.606061
434.37	0
437.89	0
441.3	0.292398
444.15	6.47249
446.99	3.31126
449.44	2.23642
451.92	1.91257
454.64	1.63935
457.29	16.2251
459.05	31.1728
460.78	4.9505
462.46	9.45273
464.15	13.2701
466.15	23.5577
468.18	11.7647
469.78	13.0045
471.37	15.2672
472.74	6.10328
474.11	11.0553
475.59	38.2489
477.06	13.7931
478.62	11.5385
480.18	23.3831
481.44	19.4312
482.66	10.5
484.13	17.7778
485.67	42.7027
487.22	45.6731
488.76	48.5149
490.44	54.4601
492.2	42.5415
494.49	16.3399
497.02	16.8605
499.58	24.7368
502.18	23.1156
505.58	42.3488
509.43	53.3597
512.42	55.5556
514.94	44.0678
517.18	34.6154
519.25	25.1852
521.45	25.3012
523.78	28
526.13	29.4606
528.52	37.5546
530.41	36.1702
531.85	49.2147
533.15	47.9167
534.3	34.9206
535.47	3.16206
536.69	36.7742
538.41	4.92611
540.85	23.6842
543.1	30.581
545.1	36.4217
547.16	16.7183
549.33	34.5277
551.43	28.9474
553.52	34.1463
555.55	23.301
557.44	20.8333
559.29	46.0905
561.07	24.6777
562.73	23.2365
564.1	52.6863
565.43	25.1816
566.75	15.1515
568.05	10.0917
569.44	40.2597
570.84	33.6134
572.31	35.7895
573.79	37.4165
575.25	56.3559
576.71	41.3483
578.17	63.1579
579.62	68.5714
580.92	63.7749
582.22	51.2048
583.58	36.2712
584.96	17.5047
586.69	22.8013
588.43	50
589.98	58.7699
591.49	59.3361
593.22	30.5296
594.95	26.0586
596.95	46.7492
598.99	11.2179
600.73	54.1667
602.43	28.7129
604.03	26.8437
605.67	51.2903
607.43	50.2994
609.19	54.2274
610.74	47.0219
612.23	27.957
613.72	18.3099
615.21	15.3846
616.74	26.4706
618.28	47.2727
619.76	49.8282
621.21	39.0909
622.72	20.1835
624.31	11.1969
625.84	15.3285
627.36	7.14286
629.02	6.89655
630.75	2.13904
632.68	12.0482
634.75	10.9453
636.59	10.1604
638.21	16
640.08	3.80623
642.25	7.14286
644.34	4.84581
646.36	2.92887
648.36	1.66113
650.34	5.94059
652.13	8.83978
653.64	3.14342
655.47	4.32277
657.84	5.45455
660.25	13.4021
662.77	6.33484
665.21	5.33808
667.45	3.40909
669.67	29.1429
671.86	19.7183
674.02	16.8675
676.02	16.8675
678.7	4.23729
684.69	16.4835
689.83	21.4286
694.19	48.951
698.13	37.5566
700.62	24.1026
703.15	34.7826
705.98	16.1491
708.83	27.2727
711.8	14.5833
714.84	5.41176
718.34	4.814
721.68	3.75
723.46	1.84332
725.26	5.42169
727.52	5.6
729.77	1.35135
731.99	11.6959
734.23	23.7288
736.46	25.5319
738.69	2.32558
740.3	2.2508
741.87	3.18182
743.27	15.4176
744.67	3.85852
746.29	5.72519
747.93	5.51724
749.68	18
751.44	0
752.98	11.1538
754.51	11.4391
756.13	15.3846
757.77	4.16667
759.48	19.5876
761.21	6.61157
763.02	17.8218
764.83	21.0702
766.6	2.53807
768.39	18.018
770.2	31.5493
772.07	41.2121
774.46	29.055
777.1	22.3757
780.06	31.5956
783.21	19.5876
786.07	60.061
788.8	12.9129
790.97	6.08365
792.74	0
794.98	0.452489
797.63	2.05761
800.24	5
802.85	2.28311
805.53	16.055
808.33	8.4507
810.89	25.4386
813.16	36.1111
815.33	36.8644
817.39	23.301
819.36	34.3434
821.2	33.5065
822.94	3.37079
824.5	26.087
826.14	44.7458
827.97	25.2747
830.15	6.66667
833.11	28.2353
836.32	9.52381
840.32	43.4109
844.28	46.8599
848.23	23.0769
852.24	21.4286
856.34	29.7143
860.4	28.4091
864.35	0
868.14	0
870.56	6.0241
872.9	8
874.66	10.6796
876.44	0
878.58	2.29885
880.7	1.25786
882.63	4.66667
884.56	0.561798
886.66	0.854701
888.78	4.83092
891.88	12.1547
894.99	7.03125
898.79	7.48299
902.6	3.94089
906.17	16.0494
909.72	19.2771
914.31	3.26087
919.09	0
921.1	5.42636
922.62	5.88235
924.04	8.51064
925.44	2.1978
927.02	19.6721
928.66	7.54717
930.25	0
931.84	2.54237
933.42	25
935.03	11.5646
936.71	22.1154
938.41	46.4516
940.03	54.3379
941.58	44.0367
943.27	27.972
944.98	35.461
946.76	27.9236
948.6	17.0478
950.34	20.9524
952.03	23.0435
953.84	32.0346
955.75	61.7729
957.62	59.0406
959.5	45.8599
961.25	45.6897
962.89	18.7097
964.4	19.4444
965.78	5.22388
967.1	14.2857
968.34	5.23256
969.59	10.5263
970.86	22.561
972.13	10.1911
973.44	40
974.77	48.8462
976.08	48.3516
977.43	32.7957
978.63	44.4976
979.8	38.6364
980.91	16.0643
982.04	51.752
983.31	11.3772
984.71	19.7479
986.68	18.6747
988.86	24.6951
992.25	42.9952
995.61	27.7778
999.23	32.7586
1002.77	18.9189
1005.62	9.43396
1008.41	23
1010.25	31.7073
1012.06	8.06452
1013.81	0
1015.56	33.5526
1017.32	33.7931
1019.06	13.8686
1020.86	13.7097
1022.64	29.6296
1024.34	45.3441
1026.05	46.281
1027.75	14.5455
1029.47	28.2609
1030.98	40.796
1032.49	23.0216
1034.22	10
1036.01	2.29885
1038.35	14.2857
1040.75	7.92079
1043.24	9.34959
1045.78	3.6036
1048.39	7.64706
1051.03	25.7732
1053.52	19.8529
1056	18.4615
1058.13	6.79612
1060.09	8.87097
1061.88	9.69388
1063.56	10.6061
1065.2	14.0625
1066.85	22.6994
1068.53	35.7414
1070.26	39.2523
1072.14	62.7119
1074.19	50.5929
1076.32	34.0502
1078.56	42.8044
1080.8	47.8102
1083.03	25.6716
1085.3	35.7576
1087.57	17
1089.9	34.375
1092.32	18.9189
1094.61	35.2
1096.74	16.8675
1098.84	0
1100.85	14.2857
1102.77	20.9877
1104.65	23.3766
1106.54	49.6951
1108.53	47.8261
1110.49	29.3388
1112.42	51.7857
1114.34	46.371
1116.21	31.5385
1118.12	0
1120.19	4.62428
1122.32	6.81818
1124.7	1.85185
1127.09	9.80392
1129.62	23.0769
1132.19	14.5833
1135.21	11
1138.18	1.51515
1141.2	27.3504
1144.22	7.69231
1147.38	39.1304
1150.51	41.1765
1152.09	19.7452
1153.63	30.8824
1155.51	28.2609
1157.36	23.4043
1159.34	21.9512
1161.33	35.2941
1163.02	48.2143
1164.71	57.6299
1166.45	60.9562
1168.24	67.7885
1170.02	26.4099
1171.8	23.949
1174.79	17.973
1177.96	16.0173
1181.14	21.6954
1184.32	60.4569
1188.38	49.6942
1192.72	25.7576
1196.67	50.4983
1200.45	18.0233
1204.66	12.7072
1209.05	39.4572
1212.09	18.617
1214.57	13.4783
1217	15.5039
1219.42	21.2707
1221.87	51.3393
1224.34	37.2014
1226.69	41.3695
1229.03	36.228
1231.06	26.6846
1232.94	28.877
1234.72	27.1357
1236.62	32.7362
1238.5	55.2469
1240.38	51.8325
1242.31	54.1586
1244.3	49.0066
1246.14	33.9921
1247.87	35.2798
1250.02	6.27615
1252.82	12.8049
1255.89	31.982
1259.52	50.4918
1262.94	38.7978
1266.1	21.729
1270.58	24.9012
1277.88	13.6476
1284.19	34.2495
1288.08	30.9333
1291.54	43.6482
1293.8	19.0981
1296.08	22.2488
1298.48	21.5278
1300.91	23.8193
1303.62	31.8919
1306.18	41.573
1308.28	43.761
1310.38	35.6895
1312.6	36.2264
1314.81	36.8421
1317.11	39.2857
1319.4	21.5962
1321.54	15.1515
1323.92	9.65517
1332.2	18.6667
1339.46	6.61765
1341.94	4.8
1344.67	8.58209
1346.45	13.0802
1348.2	19.2547
1349.92	39.7037
1351.65	38.9809
1353.25	53.9455
1354.81	51.3399
1356.53	43.6185
1358.28	48.6601
1359.93	54.321
1361.61	52.1295
1363.18	42.6513
