Age	d18Ostack		
0	0.448		
1	0.195		
2	-0.121		
3	-0.096		
4	-0.102		
5	-0.271		
6	-0.201		
7	-0.566		
8	-0.669		
9	-0.689		
10	-0.308		
11	0.368		
12	0.925		
13	1.089		
14	1.135		
15	1.303		
16	1.800		
17	2.126		
18	2.371		
19	2.603		
20	2.833		
21	2.767		
22	2.718		
23	2.746		
24	2.735		
25	2.684		
26	2.663		
27	2.591		
28	2.528		
29	2.479		
30	2.666		
31	2.627		
32	2.694		
33	2.395		
34	2.042		
35	2.124		
36	2.244		
37	2.236		
38	2.510		
39	2.456		
40	2.266		
41	2.252		
42	2.010		
43	1.785		
44	1.676		
45	1.451		
46	1.651		
47	1.468		
48	1.436		
49	1.277		
50	1.291		
51	1.864		
52	1.381		
53	1.383		
54	1.406		
55	1.559		
56	1.535		
57	1.467		
58	1.804		
59	1.805		
60	1.801		
61	1.614		
62	1.835		
63	1.974		
64	2.054		
65	1.970		
66	1.631		
67	1.830		
68	1.592		
69	1.442		
70	1.579		
71	1.697		
72	1.749		
73	1.640		
74	1.528		
75	1.274		
76	1.019		
77	0.781		
78	0.592		
79	0.403		
80	0.154		
81	-0.177		
82	0.141		
83	0.773		
84	1.138		
85	1.109		
86	1.214		
87	1.243		
88	1.570		
89	1.336		
90	1.156		
91	1.188		
92	1.388		
93	1.141		
94	1.040		
95	0.876		
96	0.638		
97	0.329		
98	0.464		
99	0.496		
100	-0.631		
101	-0.684		
102	-0.117		
103	-0.113		
104	0.087		
105	0.096		
106	0.250		
107	0.847		
108	0.925		
109	1.123		
110	1.314		
111	1.193		
112	1.073		
113	0.952		
114	0.993		
115	0.744		
116	0.480		
117	0.444		
118	0.504		
119	0.257		
120	-0.071		
121	-0.345		
122	-0.554		
123	-0.868		
124	-0.491		
125	-0.510		
126	-0.582		
127	-0.531		
128	-0.567		
129	-0.392		
130	0.703		
131	0.883		
132	0.934		
133	1.454		
134	1.523		
135	1.924		
136	2.331		
137	2.424		
138	2.245		
139	2.085		
140	1.924		
141	1.758		
142	1.712		
143	1.810		
144	1.715		
145	1.670		
146	1.639		
147	1.618		
148	1.599		
149	1.505		
150	1.374		
151	1.242		
152	1.111		
153	1.002		
154	1.250		
155	1.505		
156	1.530		
157	1.488		
158	1.531		
159	1.665		
160	1.264		
161	1.268		
162	1.474		
163	1.681		
164	1.134		
165	0.891		
166	1.225		
167	1.336		
168	1.430		
169	1.365		
170	1.301		
171	1.240		
172	1.189		
173	1.138		
174	1.087		
175	1.036		
176	0.985		
177	0.956		
178	1.039		
179	0.872		
180	1.056		
181	1.262		
182	1.405		
183	1.429		
184	1.342		
185	1.237		
186	1.172		
187	1.108		
188	1.044		
189	0.969		
190	0.771		
191	0.083		
192	-0.392		
193	-0.555		
194	-0.955		
195	-1.163		
196	-1.003		
197	-0.173		
198	0.265		
199	0.770		
200	0.849		
201	0.930		
202	0.918		
203	0.852		
204	0.798		
205	0.573		
206	0.157		
207	0.155		
208	0.327		
209	0.182		
210	0.147		
211	-0.005		
212	-0.182		
213	-0.277		
214	-0.390		
215	-0.694		
216	-0.677		
217	-0.386		
218	0.562		
219	0.153		
220	-0.393		
221	-0.199		
222	0.149		
223	-0.006		
224	0.093		
225	0.520		
226	0.828		
227	1.071		
228	1.156		
229	1.197		
230	1.239		
231	1.259		
232	1.072		
233	0.884		
234	0.697		
235	0.477		
236	0.280		
237	0.071		
238	-0.053		
239	0.004		
240	0.154		
241	0.359		
242	0.585		
243	0.837		
244	0.819		
245	0.810		
246	0.958		
247	1.084		
248	1.167		
249	1.295		
250	1.453		
251	1.633		
252	1.743		
253	1.649		
254	1.547		
255	1.502		
256	1.536		
257	1.499		
258	1.448		
259	1.397		
260	1.402		
261	1.405		
262	1.429		
263	1.548		
264	1.693		
265	1.821		
266	1.848		
267	1.874		
268	1.902		
269	1.944		
270	1.985		
271	1.994		
272	2.045		
273	2.120		
274	2.188		
275	2.099		
276	1.925		
277	1.751		
278	1.601		
279	1.459		
280	1.336		
281	1.216		
282	1.114		
283	0.958		
284	0.803		
285	0.674		
286	0.507		
287	0.423		
288	0.401		
289	0.613		
290	0.827		
291	1.007		
292	1.190		
293	1.344		
294	1.436		
295	1.376		
296	1.264		
297	1.115		
298	1.024		
299	0.980		
300	1.018		
301	1.062		
302	1.060		
303	0.872		
304	0.683		
305	0.743		
306	0.974		
307	0.924		
308	0.957		
309	0.972		
310	0.911		
311	1.027		
312	1.019		
313	1.005		
314	0.976		
315	0.909		
316	0.958		
317	1.152		
318	1.220		
319	1.158		
320	1.055		
321	0.853		
322	0.651		
323	0.447		
324	0.245		
325	0.019		
326	-0.072		
327	-0.048		
328	-0.185		
329	-0.347		
330	-0.197		
331	-0.139		
332	-0.428		
333	-0.110		
334	0.026		
335	0.033		
336	0.298		
337	0.848		
338	1.149		
339	1.271		
340	1.302		
341	1.333		
342	1.324		
343	1.304		
344	1.448		
345	1.607		
346	1.533		
347	1.479		
348	1.444		
349	1.508		
350	1.571		
351	1.642		
352	1.735		
353	1.777		
354	1.786		
355	1.765		
356	1.761		
357	1.849		
358	1.851		
359	1.806		
360	1.706		
361	1.609		
362	1.513		
363	1.437		
364	1.301		
365	1.224		
366	1.122		
367	1.069		
368	1.145		
369	1.240		
370	1.212		
371	1.097		
372	0.982		
373	0.914		
374	0.932		
375	0.897		
376	0.905		
377	0.937		
378	0.848		
379	0.633		
380	0.702		
381	0.852		
382	0.976		
383	1.020		
384	1.061		
385	1.247		
386	1.285		
387	1.243		
388	1.067		
389	0.956		
390	0.935		
391	0.707		
392	0.545		
393	0.507		
394	0.486		
395	0.435		
396	0.511		
397	0.407		
398	0.244		
399	0.403		
400	0.569		
401	0.758		
402	0.881		
403	0.856		
404	-0.193		
405	-0.464		
406	-0.636		
407	-1.051		
408	-1.110		
409	-0.944		
410	-0.778		
411	-0.612		
412	-0.446		
413	-0.280		
414	-0.114		
415	0.052		
416	0.084		
417	0.093		
418	0.102		
419	0.111		
420	0.120		
421	0.129		
422	0.138		
423	0.147		
424	0.156		
425	0.219		
426	0.330		
427	0.442		
428	0.554		
429	0.608		
430	0.650		
431	0.693		
432	0.735		
433	0.764		
434	0.790		
435	0.807		
436	0.812		
437	0.589		
438	0.158		
439	0.030		
440	0.111		
441	0.012		
442	-0.176		
443	-0.100		
444	0.081		
445	0.313		
446	0.549		
447	0.786		
448	1.022		
449	1.252		
450	1.475		
451	1.775		
452	2.074		
453	1.970		
454	1.843		
455	1.583		
456	1.342		
457	1.203		
458	1.129		
459	1.306		
460	1.442		
461	1.562		
462	1.676		
463	1.776		
464	1.847		
465	1.843		
466	1.839		
467	1.835		
468	1.822		
469	1.659		
470	1.495		
471	1.332		
472	1.190		
473	1.103		
474	0.913		
475	0.491		
476	0.296		
477	0.560		
478	0.724		
479	0.755		
480	0.780		
481	0.738		
482	0.597		
483	0.376		
484	0.393		
485	0.622		
486	0.705		
487	0.842		
488	0.861		
489	0.508		
490	0.343		
491	0.592		
492	0.413		
493	-0.334		
494	-0.597		
495	-0.476		
496	-0.369		
497	-0.717		
498	-0.985		
499	-0.668		
500	-0.420		
501	-0.471		
502	-0.324		
503	-0.073		
504	0.198		
505	0.218		
506	0.332		
507	0.556		
508	0.779		
509	0.750		
510	0.628		
511	0.830		
512	0.929		
513	0.794		
514	0.751		
515	1.081		
516	0.875		
517	0.839		
518	0.687		
519	0.611		
520	0.620		
521	0.680		
522	0.733		
523	0.640		
524	0.504		
525	0.369		
526	0.399		
527	0.108		
528	0.108		
529	0.108		
530	0.125		
531	0.170		
532	0.176		
533	-0.022		
534	-0.221		
535	-0.142		
536	0.037		
537	0.148		
538	0.188		
539	0.353		
540	0.713		
541	1.022		
542	1.036		
543	1.050		
544	1.064		
545	1.010		
546	0.867		
547	0.675		
548	0.438		
549	0.071		
550	-0.226		
551	-0.523		
552	-0.628		
553	-0.097		
554	0.282		
555	0.819		
556	1.134		
557	1.121		
558	1.063		
559	0.983		
560	0.918		
561	0.962		
562	0.927		
563	0.674		
564	0.434		
565	0.281		
566	0.259		
567	0.363		
568	0.416		
569	0.471		
570	0.538		
571	0.588		
572	0.571		
573	0.522		
574	0.035		
575	-0.352		
576	-0.358		
577	-0.590		
578	-1.023		
579	-0.745		
580	-0.045		
581	0.225		
582	0.011		
583	-0.058		
584	-0.091		
585	-0.056		
586	0.002		
587	0.252		
588	0.565		
589	0.779		
590	0.687		
591	0.538		
592	0.526		
593	0.515		
594	0.453		
595	0.328		
596	0.263		
597	0.362		
598	0.312		
599	0.231		
600	0.152		
601	0.226		
602	0.300		
603	0.380		
604	0.434		
605	0.385		
606	0.317		
607	0.202		
608	0.012		
609	-0.309		
610	-0.745		
611	-1.180		
612	-1.305		
613	-1.279		
614	-1.252		
615	-1.227		
616	-1.325		
617	-1.556		
618	-1.963		
619	-2.205		
620	-1.913		
621	-1.552		
622	-1.034		
623	-0.457		
624	-0.040		
625	0.235		
626	0.509		
627	0.784		
628	0.881		
629	0.911		
630	0.924		
631	0.938		
632	0.952		
633	0.963		
634	0.839		
635	0.697		
636	0.545		
637	0.393		
638	0.279		
639	0.265		
640	0.251		
641	0.237		
642	0.223		
643	0.123		
644	-0.048		
645	-0.178		
646	-0.307		
647	-0.556		
648	-0.710		
649	-0.812		
650	-0.702		
651	-0.500		
652	-0.260		
653	0.241		
654	0.757		
655	1.102		
656	0.930		
657	0.759		
658	0.690		
659	0.852		
660	1.035		
661	1.296		
662	1.567		
663	1.597		
664	1.456		
665	1.289		
666	1.184		
667	1.149		
668	1.115		
669	1.081		
670	1.151		
671	1.255		
672	1.358		
673	1.453		
674	1.465		
675	1.477		
676	1.489		
677	1.488		
678	1.468		
679	1.449		
680	1.430		
681	1.274		
682	1.070		
683	0.866		
684	0.660		
685	0.497		
686	0.321		
687	0.128		
688	-0.085		
689	-0.277		
690	-0.468		
691	-0.403		
692	-0.046		
693	0.337		
694	0.721		
695	0.837		
696	0.907		
697	0.975		
698	0.718		
699	0.480		
700	0.460		
701	0.395		
702	0.310		
703	0.224		
704	0.287		
705	0.447		
706	0.652		
707	0.734		
708	0.711		
709	0.689		
710	0.774		
711	0.933		
712	0.941		
713	0.911		
714	1.011		
715	1.188		
716	1.365		
717	1.542		
718	1.621		
719	1.651		
720	1.682		
721	1.712		
722	1.643		
723	1.384		
724	1.023		
725	0.704		
726	0.649		
727	0.641		
728	0.547		
729	0.440		
730	0.341		
731	0.287		
732	0.232		
733	0.289		
734	0.468		
735	0.672		
736	0.877		
737	1.040		
738	1.148		
739	1.259		
740	1.370		
741	1.482		
742	1.458		
743	1.306		
744	1.320		
745	1.385		
746	1.392		
747	1.394		
748	1.396		
749	1.397		
750	1.380		
751	1.368		
752	1.355		
753	1.342		
754	1.289		
755	1.298		
756	1.373		
757	1.448		
758	1.499		
759	1.376		
760	1.254		
761	1.130		
762	1.074		
763	1.048		
764	1.022		
765	0.983		
766	0.887		
767	0.792		
768	0.696		
769	0.589		
770	0.432		
771	0.447		
772	0.462		
773	0.394		
774	0.010		
775	-0.126		
776	-0.066		
777	-0.049		
778	-0.297		
779	-0.457		
780	-0.243		
781	-0.173		
782	-0.433		
783	-0.694		
784	-0.646		
785	-0.533		
786	-0.465		
787	-0.359		
788	-0.339		
789	-0.351		
790	-0.332		
791	-0.071		
792	0.162		
793	0.037		
794	0.254		
795	0.562		
796	0.969		
797	1.176		
798	1.383		
799	1.518		
800	1.603		
801	1.689		
802	1.774		
803	1.939		
804	1.840		
805	1.685		
806	1.414		
807	1.348		
808	1.311		
809	1.299		
810	1.325		
811	1.350		
812	1.448		
813	1.510		
814	1.491		
815	1.450		
816	1.381		
817	1.158		
818	0.947		
819	0.882		
820	0.816		
821	0.712		
822	0.370		
823	0.073		
824	-0.005		
825	-0.031		
826	-0.058		
827	-0.089		
828	-0.092		
829	-0.076		
830	-0.103		
831	-0.172		
832	-0.240		
833	-0.012		
834	0.435		
835	0.828		
836	1.116		
837	1.133		
838	0.920		
839	0.696		
840	0.400		
841	0.045		
842	-0.299		
843	-0.067		
844	0.312		
845	0.587		
846	0.547		
847	0.278		
848	0.010		
849	-0.143		
850	-0.115		
851	-0.079		
852	-0.072		
853	-0.139		
854	-0.206		
855	-0.284		
856	-0.409		
857	-0.492		
858	-0.475		
859	-0.429		
860	-0.577		
861	-0.759		
862	-0.434		
863	0.171		
864	0.725		
865	0.862		
866	0.969		
867	1.285		
868	1.643		
869	1.920		
870	2.127		
871	2.318		
872	2.292		
873	2.249		
874	2.207		
875	2.101		
876	1.837		
877	1.573		
878	1.353		
879	1.339		
880	1.411		
881	1.592		
882	1.622		
883	1.600		
884	1.578		
885	1.611		
886	1.712		
887	1.814		
888	1.913		
889	1.981		
890	2.031		
891	2.080		
892	1.978		
893	1.829		
894	1.710		
895	1.698		
896	1.834		
897	1.952		
898	2.070		
899	1.721		
900	1.372		
901	1.163		
902	1.151		
903	1.072		
904	0.767		
905	0.517		
906	0.645		
907	0.772		
908	1.024		
909	1.234		
910	1.350		
911	1.370		
912	1.366		
913	1.460		
914	1.555		
915	1.460		
916	1.427		
917	1.410		
918	1.405		
919	1.389		
920	1.370		
921	1.412		
922	1.399		
923	1.454		
924	1.372		
925	1.124		
926	1.108		
927	1.091		
928	1.088		
929	0.865		
930	0.550		
931	0.096		
932	0.427		
933	-0.037		
934	0.192		
935	0.628		
936	0.694		
937	0.752		
938	0.558		
939	0.336		
940	0.201		
941	0.342		
942	0.440		
943	0.515		
944	0.458		
945	0.400		
946	0.517		
947	0.335		
948	0.153		
949	-0.029		
950	-0.035		
951	-0.577		
952	-1.047		
953	-0.141		
954	-0.244		
955	-0.575		
956	-0.703		
957	-0.455		
958	-0.074		
959	0.166		
960	0.385		
961	0.672		
962	0.960		
963	1.044		
964	1.063		
965	1.037		
966	0.992		
967	0.840		
968	0.688		
969	0.535		
970	0.223		
971	-0.222		
972	-0.117		
973	-0.036		
974	-0.138		
975	-0.239		
976	-0.341		
977	-0.369		
978	0.144		
979	0.645		
980	0.953		
981	1.167		
982	1.381		
983	1.153		
984	0.863		
985	0.679		
986	0.601		
987	0.523		
988	0.455		
989	0.358		
990	0.359		
991	0.474		
992	0.601		
993	0.139		
994	-0.323		
995	-0.425		
996	-0.179		
997	0.068		
998	0.314		
999	0.561		
1000	0.700		
1001	0.847		
1002	0.976		
1003	1.091		
1004	0.778		
1005	0.604		
1006	0.727		
1007	0.908		
1008	1.024		
1009	1.079		
1010	1.129		
1011	0.992		
1012	0.593		
1013	0.364		
1014	0.380		
1015	0.405		
1016	0.599		
1017	0.794		
1018	0.731		
1019	0.625		
1020	0.076		
1021	-0.492		
1022	-0.698		
1023	-0.106		
1024	0.097		
1025	0.191		
1026	0.064		
1027	-0.024		
1028	0.240		
1029	0.505		
1030	0.675		
1031	0.760		
1032	0.782		
1033	0.781		
1034	0.778		
1035	0.772		
1036	0.753		
1037	0.760		
1038	0.731		
1039	0.637		
1040	0.636		
1041	0.641		
1042	0.632		
1043	0.607		
1044	0.587		
1045	0.574		
1046	0.542		
1047	0.805		
1048	1.085		
1049	1.172		
1050	1.068		
1051	1.038		
1052	1.067		
1053	1.096		
1054	0.924		
1055	0.704		
1056	0.554		
1057	0.464		
1058	0.463		
1059	0.512		
1060	0.537		
1061	0.450		
1062	0.361		
1063	0.087		
1064	-0.290		
1065	-0.575		
1066	-0.529		
1067	-0.603		
1068	-0.930		
1069	-1.098		
1070	-1.266		
1071	-1.434		
1072	-1.240		
1073	-0.960		
1074	-0.657		
1075	-0.130		
1076	0.208		
1077	0.303		
1078	0.399		
1079	0.495		
1080	0.597		
1081	0.764		
1082	0.832		
1083	0.837		
1084	0.708		
1085	0.569		
1086	0.457		
1087	0.340		
1088	-0.215		
1089	-0.703		
1090	-0.253		
1091	0.211		
1092	0.972		
1093	1.593		
1094	1.109		
1095	0.683		
1096	0.728		
1097	0.608		
1098	0.897		
1099	1.423		
1100	1.129		
1101	0.823		
1102	0.541		
1103	0.412		
1104	0.375		
1105	0.461		
1106	0.561		
1107	0.685		
1108	0.675		
1109	0.519		
1110	0.532		
1111	0.296		
1112	-0.167		
1113	-0.340		
1114	-0.225		
1115	-0.109		
1116	0.174		
1117	0.469		
1118	0.852		
1119	1.225		
1120	1.237		
1121	1.126		
1122	0.752		
1123	0.542		
1124	0.615		
1125	0.687		
1126	0.729		
1127	0.477		
1128	0.539		
1129	0.943		
1130	1.073		
1131	1.134		
1132	1.196		
1133	0.960		
1134	0.617		
1135	0.608		
1136	0.733		
1137	0.805		
1138	0.876		
1139	0.937		
1140	0.790		
1141	0.621		
1142	0.191		
1143	-0.174		
1144	0.241		
1145	0.656		
1146	1.032		
1147	0.671		
1148	0.310		
1149	0.659		
1150	0.732		
1151	0.693		
1152	0.655		
1153	0.610		
1154	0.554		
1155	0.518		
1156	0.558		
1157	0.471		
1158	0.385		
1159	0.298		
1160	0.288		
1161	0.314		
1162	-0.059		
1163	-0.673		
1164	-0.561		
1165	-0.449		
1166	-0.017		
1167	0.007		
1168	0.014		
1169	0.021		
1170	0.029		
1171	0.036		
1172	-0.348		
1173	-0.187		
1174	-0.026		
1175	0.134		
1176	0.295		
1177	0.456		
1178	0.213		
1179	0.089		
1180	0.064		
1181	0.038		
1182	0.012		
1183	-0.014		
1184	-0.039		
1185	-0.016		
1186	0.205		
1187	0.426		
1188	0.592		
1189	0.633		
1190	0.674		
1191	0.715		
1192	0.756		
1193	0.813		
1194	0.872		
1195	0.931		
1196	0.990		
1197	1.049		
1198	1.108		
1199	1.166		
1200	1.172		
1201	1.142		
1202	1.112		
1203	1.082		
1204	1.051		
1205	1.021		
1206	0.991		
1207	0.978		
1208	1.003		
1209	1.029		
1210	1.054		
1211	1.080		
1212	0.854		
1213	1.006		
1214	1.158		
1215	1.310		
1216	1.462		
1217	1.290		
1218	1.030		
1219	0.645		
1220	0.306		
1221	0.136		
1222	-0.033		
1223	-0.203		
1224	-0.321		
1225	-0.392		
1226	-0.281		
1227	-0.170		
1228	-0.120		
1229	-0.083		
1230	-0.046		
1231	-0.106		
1232	-0.204		
1233	-0.226		
1234	-0.196		
1235	-0.167		
1236	-0.138		
1237	-0.109		
1238	-0.081		
1239	-0.074		
1240	-0.055		
1241	0.013		
1242	0.094		
1243	0.434		
1244	0.774		
1245	1.134		
1246	1.462		
1247	1.593		
1248	1.649		
1249	1.688		
1250	1.723		
1251	1.756		
1252	1.689		
1253	1.474		
1254	1.113		
1255	0.790		
1256	0.535		
1257	0.347		
1258	0.336		
1259	0.399		
1260	0.510		
1261	0.552		
1262	0.544		
1263	0.450		
1264	0.356		
1265	0.473		
1266	0.714		
1267	0.979		
1268	1.087		
1269	0.986		
1270	0.884		
1271	0.797		
1272	0.777		
1273	0.800		
1274	0.881		
1275	0.968		
1276	0.755		
1277	0.430		
1278	0.104		
1279	-0.180		
1280	-0.109		
1281	0.105		
1282	0.291		
1283	0.452		
1284	0.600		
1285	0.748		
1286	0.896		
1287	1.043		
1288	1.190		
1289	1.331		
1290	1.472		
1291	1.485		
1292	1.489		
1293	1.450		
1294	1.410		
1295	1.371		
1296	1.353		
1297	1.340		
1298	1.276		
1299	1.178		
1300	1.080		
1301	0.981		
1302	0.846		
1303	0.779		
1304	0.814		
1305	0.832		
1306	0.785		
1307	0.737		
1308	0.690		
1309	0.615		
1310	0.538		
1311	0.097		
1312	-0.343		
1313	-0.403		
1314	-0.368		
1315	-0.333		
1316	-0.029		
1317	0.304		
1318	0.473		
1319	0.642		
1320	0.722		
1321	0.668		
1322	0.614		
1323	0.641		
1324	0.667		
1325	0.693		
1326	0.680		
1327	0.631		
1328	0.581		
1329	0.502		
1330	0.355		
1331	0.188		
1332	-0.008		
1333	-0.205		
1334	-0.401		
1335	-0.449		
1336	-0.420		
1337	-0.390		
1338	-0.307		
1339	-0.102		
1340	0.103		
1341	0.272		
1342	0.440		
1343	0.608		
1344	0.776		
1345	0.696		
1346	0.473		
1347	0.049		
1348	-0.375		
1349	-0.798		
1350	-1.180		
1351	-1.471		
1352	-1.582		
1353	-1.693		
1354	-1.804		
1355	-1.915		
1356	-2.025		
1357	-1.686		
1358	-1.240		
1359	-0.794		
1360	-0.494		
1361	-0.447		
1362	-0.400		
1363	-0.354		
1364	-0.307		
1365	-0.266		
1366	-0.233		
1367	-0.200		
1368	-0.198		
1369	-0.209		
1370	-0.220		
1371	-0.231		
1372	-0.242		
1373	-0.187		
1374	-0.115		
1375	-0.034		
1376	0.224		
1377	0.481		
1378	0.739		
1379	0.835		
1380	0.823		
1381	0.812		
1382	0.800		
1383	0.712		
1384	0.511		
1385	0.404		
1386	0.309		
1387	0.213		
1388	0.118		
1389	0.022		
1390	-0.074		
1391	-0.262		
1392	-0.482		
1393	-0.733		
1394	-0.997		
1395	-1.262		
1396	-1.526		
1397	-1.790		
1398	-2.031		
1399	-2.042		
1400	-2.054		
1401	-1.896		
1402	-1.696		
1403	-1.496		
1404	-1.346		
1405	-1.202		
1406	-1.058		
1407	-0.914		
1408	-0.778		
1409	-0.660		
1410	-0.460		
1411	-0.136		
1412	0.189		
1413	0.513		
1414	0.837		
1415	1.162		
1416	1.361		
1417	1.108		
1418	0.809		
1419	0.509		
1420	0.210		
1421	-0.090		
1422	-0.389		
1423	-0.606		
1424	-0.806		
1425	-1.049		
1426	-1.292		
1427	-1.535		
1428	-1.778		
1429	-1.992		
1430	-1.980		
1431	-1.968		
1432	-1.701		
1433	-1.325		
1434	-0.949		
1435	-0.590		
1436	-0.587		
1437	-0.614		
1438	-0.641		
1439	-0.668		
1440	-0.695		
1441	-0.722		
1442	-0.749		
1443	-0.811		
1444	-0.881		
1445	-0.951		
1446	-1.020		
1447	-1.090		
1448	-1.160		
1449	-1.079		
1450	-0.915		
1451	-0.756		
1452	-0.597		
1453	-0.421		
1454	-0.215		
1455	-0.009		
1456	0.197		
1457	0.305		
1458	0.316		
1459	0.327		
1460	0.338		
1461	0.349		
1462	0.359		
1463	0.244		
1464	0.107		
1465	-0.062		
1466	-0.365		
1467	-0.668		
1468	-0.971		
1469	-1.274		
1470	-1.577		
1471	-1.810		
1472	-1.701		
1473	-1.593		
1474	-1.178		
1475	-1.066		
1476	-0.955		
1477	-0.844		
1478	-0.732		
1479	-0.621		
1480	-0.509		
1481	-0.398		
1482	-0.491		
1483	-0.533		
1484	-0.574		
1485	-0.615		
1486	-0.656		
1487	-0.697		
1488	-0.738		
1489	-0.779		
1490	-0.621		
1491	-0.438		
1492	-0.254		
1493	-0.071		
1494	0.112		
1495	0.296		
1496	0.464		
1497	0.608		
1498	0.750		
1499	0.891		
1500	1.032		
1501	1.173		
1502	1.238		
1503	1.269		
1504	1.301		
1505	1.286		
1506	1.207		
1507	1.129		
1508	1.050		
1509	0.972		
1510	0.883		
1511	0.785		
1512	0.686		
1513	0.596		
1514	0.496		
1515	0.365		
1516	0.235		
1517	0.104		
1518	0.196		
1519	0.430		
1520	0.353		
1521	0.295		
1522	0.237		
1523	0.180		
1524	0.122		
1525	0.133		
1526	0.422		
1527	0.372		
1528	0.328		
1529	0.293		
1530	0.258		
1531	0.224		
1532	0.189		
1533	0.470		
1534	0.446		
1535	0.421		
1536	0.429		
1537	0.450		
1538	0.471		
1539	0.492		
1540	0.530		
1541	0.540		
1542	0.482		
1543	0.420		
1544	0.273		
1545	0.125		
1546	-0.022		
1547	-0.170		
1548	0.047		
1549	-0.087		
1550	-0.222		
1551	-0.319		
1552	-0.347		
1553	-0.335		
1554	0.031		
1555	0.397		
1556	0.532		
1557	0.619		
1558	0.518		
1559	0.336		
1560	0.104		
1561	-0.131		
1562	-0.367		
1563	-0.592		
1564	-0.799		
1565	-0.777		
1566	-0.494		
1567	-0.211		
1568	0.072		
1569	0.355		
1570	0.638		
1571	0.869		
1572	0.976		
1573	1.083		
1574	1.131		
1575	1.096		
1576	1.061		
1577	1.012		
1578	0.930		
1579	0.847		
1580	0.765		
1581	0.682		
1582	0.600		
1583	0.526		
1584	0.527		
1585	0.573		
1586	0.618		
1587	0.664		
1588	0.709		
1589	0.755		
1590	0.800		
1591	0.819		
1592	0.796		
1593	0.774		
1594	0.656		
1595	0.442		
1596	0.227		
1597	0.013		
1598	-0.202		
1599	-0.426		
1600	-0.673		
1601	-0.920		
1602	-1.167		
1603	-1.150		
1604	-1.065		
1605	-0.980		
1606	-0.895		
1607	-0.716		
1608	-0.321		
1609	-0.048		
1610	0.190		
1611	0.427		
1612	0.641		
1613	0.645		
1614	0.649		
1615	0.653		
1616	0.657		
1617	0.660		
1618	0.650		
1619	0.594		
1620	0.538		
1621	0.481		
1622	0.425		
1623	0.369		
1624	0.313		
1625	0.257		
1626	0.174		
1627	0.132		
1628	0.090		
1629	0.048		
1630	0.006		
1631	-0.036		
1632	-0.078		
1633	-0.120		
1634	-0.191		
1635	-0.312		
1636	-0.433		
1637	-0.554		
1638	-0.675		
1639	-0.796		
1640	-0.917		
1641	-1.038		
1642	-0.977		
1643	-0.709		
1644	-0.440		
1645	-0.207		
1646	-0.003		
1647	0.200		
1648	0.389		
1649	0.537		
1650	0.670		
1651	0.745		
1652	0.821		
1653	0.909		
1654	0.997		
1655	1.086		
1656	1.175		
1657	1.168		
1658	1.067		
1659	0.954		
1660	0.841		
1661	0.758		
1662	0.863		
1663	0.968		
1664	1.073		
1665	1.178		
1666	1.128		
1667	0.977		
1668	0.826		
1669	0.675		
1670	0.535		
1671	0.413		
1672	0.313		
1673	0.222		
1674	0.133		
1675	0.097		
1676	0.060		
1677	0.023		
1678	-0.003		
1679	-0.038		
1680	-0.092		
1681	-0.147		
1682	-0.201		
1683	-0.227		
1684	-0.176		
1685	-0.126		
1686	-0.079		
1687	-0.042		
1688	-0.088		
1689	-0.144		
1690	-0.199		
1691	-0.254		
1692	-0.298		
1693	-0.332		
1694	-0.313		
1695	-0.217		
1696	-0.100		
1697	0.122		
1698	0.343		
1699	0.564		
1700	0.786		
1701	0.971		
1702	1.149		
1703	1.190		
1704	1.196		
1705	1.202		
1706	1.116		
1707	0.992		
1708	0.867		
1709	0.743		
1710	0.618		
1711	0.528		
1712	0.498		
1713	0.468		
1714	0.438		
1715	0.408		
1716	0.390		
1717	0.392		
1718	0.393		
1719	0.394		
1720	0.421		
1721	0.450		
1722	0.478		
1723	0.507		
1724	0.536		
1725	0.565		
1726	0.593		
1727	0.622		
1728	0.567		
1729	0.420		
1730	0.274		
1731	0.128		
1732	-0.019		
1733	-0.165		
1734	-0.311		
1735	-0.439		
1736	-0.372		
1737	-0.304		
1738	-0.237		
1739	-0.170		
1740	-0.103		
1741	-0.032		
1742	0.042		
1743	0.115		
1744	0.189		
1745	0.262		
1746	0.336		
1747	0.409		
1748	0.475		
1749	0.400		
1750	0.294		
1751	0.188		
1752	0.082		
1753	-0.024		
1754	-0.130		
1755	-0.237		
1756	-0.304		
1757	-0.294		
1758	-0.283		
1759	-0.272		
1760	-0.262		
1761	-0.270		
1762	-0.297		
1763	-0.325		
1764	-0.352		
1765	-0.380		
1766	-0.398		
1767	-0.399		
1768	-0.399		
1769	-0.400		
1770	-0.401		
1771	-0.415		
1772	-0.441		
1773	-0.467		
1774	-0.490		
1775	-0.508		
1776	-0.506		
1777	-0.434		
1778	-0.361		
1779	-0.289		
1780	-0.216		
1781	-0.102		
1782	0.118		
1783	0.339		
1784	0.559		
1785	0.780		
1786	1.000		
1787	1.134		
1788	1.031		
1789	0.848		
1790	0.665		
1791	0.514		
1792	0.459		
1793	0.565		
1794	0.671		
1795	0.776		
1796	0.882		
1797	0.986		
1798	0.928		
1799	0.849		
1800	0.770		
1801	0.691		
1802	0.613		
1803	0.423		
1804	0.186		
1805	-0.051		
1806	-0.288		
1807	-0.525		
1808	-0.618		
1809	-0.609		
1810	-0.601		
1811	-0.460		
1812	-0.285		
1813	-0.111		
1814	0.063		
1815	0.238		
1816	0.112		
1817	0.087		
1818	0.035		
1819	-0.051		
1820	-0.137		
1821	-0.223		
1822	-0.309		
1823	-0.257		
1824	-0.274		
1825	-0.292		
1826	-0.413		
1827	-0.545		
1828	-0.678		
1829	-0.643		
1830	-0.465		
1831	-0.287		
1832	-0.108		
1833	0.070		
1834	0.308		
1835	0.287		
1836	0.184		
1837	0.082		
1838	-0.021		
1839	-0.092		
1840	-0.115		
1841	-0.174		
1842	-0.258		
1843	-0.349		
1844	-0.439		
1845	-0.530		
1846	-0.620		
1847	-0.708		
1848	-0.797		
1849	-0.885		
1850	-0.973		
1851	-1.070		
1852	-1.165		
1853	-1.227		
1854	-1.290		
1855	-1.352		
1856	-1.415		
1857	-1.332		
1858	-1.029		
1859	-0.747		
1860	-0.389		
1861	-0.022		
1862	0.244		
1863	0.195		
1864	0.147		
1865	0.099		
1866	0.051		
1867	-0.020		
1868	-0.281		
1869	-0.537		
1870	-0.746		
1871	-0.946		
1872	-0.775		
1873	-0.605		
1874	-0.455		
1875	-0.304		
1876	-0.259		
1877	-0.216		
1878	-0.174		
1879	-0.178		
1880	-0.185		
1881	-0.193		
1882	-0.208		
1883	-0.237		
1884	-0.251		
1885	-0.253		
1886	-0.211		
1887	-0.169		
1888	-0.127		
1889	-0.108		
1890	-0.094		
1891	-0.079		
1892	-0.065		
1893	-0.050		
1894	0.051		
1895	0.175		
1896	0.300		
1897	0.384		
1898	0.451		
1899	0.444		
1900	0.410		
1901	0.376		
1902	0.343		
1903	0.309		
1904	0.241		
1905	0.158		
1906	0.115		
1907	0.168		
1908	0.220		
1909	0.285		
1910	0.330		
1911	0.375		
1912	0.420		
1913	0.465		
1914	0.417		
1915	0.106		
1916	-0.255		
1917	-0.551		
1918	-0.697		
1919	-0.717		
1920	-0.634		
1921	-0.878		
1922	-1.039		
1923	-0.858		
1924	-0.678		
1925	-0.498		
1926	-0.318		
1927	-0.138		
1928	-0.237		
1929	-0.351		
1930	-0.377		
1931	-0.341		
1932	-0.305		
1933	-0.269		
1934	-0.233		
1935	-0.197		
1936	-0.228		
1937	-0.282		
1938	-0.336		
1939	-0.389		
1940	-0.443		
1941	-0.497		
1942	-0.598		
1943	-0.520		
1944	-0.343		
1945	-0.166		
1946	0.058		
1947	0.121		
1948	0.429		
1949	0.736		
1950	1.043		
1951	0.989		
1952	0.741		
1953	0.493		
1954	0.245		
1955	-0.002		
1956	-0.035		
1957	-0.002		
1958	0.031		
1959	0.063		
1960	0.096		
1961	-0.003		
1962	-0.120		
1963	-0.237		
1964	-0.353		
1965	-0.470		
1966	-0.451		
1967	-0.432		
1968	-0.413		
1969	-0.367		
1970	-0.316		
1971	-0.265		
1972	-0.250		
1973	-0.250		
1974	-0.250		
1975	-0.307		
1976	-0.409		
1977	-0.510		
1978	-0.387		
1979	0.055		
1980	0.497		
1981	0.796		
1982	0.707		
1983	0.618		
1984	0.529		
1985	0.440		
1986	0.351		
1987	0.262		
1988	0.052		
1989	-0.161		
1990	-0.374		
1991	-0.347		
1992	-0.270		
1993	-0.194		
1994	-0.020		
1995	0.199		
1996	0.418		
1997	0.401		
1998	0.178		
1999	-0.044		
2000	-0.159		
2001	-0.105		
2002	-0.051		
2003	-0.058		
2004	-0.255		
2005	-0.452		
2006	-0.623		
2007	-0.550		
2008	-0.477		
2009	-0.404		
2010	-0.436		
2011	-0.474		
2012	-0.513		
2013	-0.663		
2014	-0.841		
2015	-1.019		
2016	-0.988		
2017	-0.848		
2018	-0.708		
2019	-0.554		
2020	-0.385		
2021	-0.217		
2022	-0.102		
2023	-0.080		
2024	-0.057		
2025	-0.026		
2026	0.038		
2027	0.101		
2028	0.161		
2029	0.177		
2030	0.193		
2031	0.209		
2032	0.157		
2033	0.100		
2034	0.043		
2035	0.156		
2036	0.319		
2037	0.481		
2038	0.546		
2039	0.556		
2040	0.565		
2041	0.492		
2042	0.334		
2043	0.175		
2044	0.085		
2045	0.130		
2046	0.174		
2047	0.217		
2048	0.252		
2049	0.287		
2050	0.317		
2051	0.253		
2052	0.190		
2053	0.126		
2054	0.169		
2055	0.223		
2056	0.277		
2057	0.242		
2058	0.178		
2059	0.115		
2060	-0.024		
2061	-0.212		
2062	-0.399		
2063	-0.404		
2064	-0.198		
2065	0.009		
2066	0.161		
2067	0.196		
2068	0.231		
2069	0.261		
2070	0.264		
2071	0.267		
2072	0.280		
2073	0.693		
2074	1.106		
2075	1.520		
2076	1.112		
2077	0.591		
2078	0.070		
2079	0.077		
2080	0.277		
2081	0.477		
2082	0.447		
2083	0.253		
2084	0.059		
2085	-0.065		
2086	-0.100		
2087	-0.135		
2088	-0.248		
2089	-0.546		
2090	-0.845		
2091	-1.142		
2092	-1.428		
2093	-1.714		
2094	-1.843		
2095	-1.879		
2096	-1.512		
2097	-0.578		
2098	0.326		
2099	0.495		
2100	0.663		
2101	0.632		
2102	0.498		
2103	0.364		
2104	0.230		
2105	0.171		
2106	0.143		
2107	0.115		
2108	0.087		
2109	-0.147		
2110	-0.455		
2111	-0.762		
2112	-1.070		
2113	-1.215		
2114	-1.312		
2115	-0.869		
2116	0.396		
2117	1.381		
2118	1.339		
2119	1.297		
2120	1.206		
2121	1.027		
2122	0.848		
2123	0.668		
2124	0.535		
2125	0.415		
2126	0.295		
2127	0.124		
2128	-0.232		
2129	-0.587		
2130	-0.943		
2131	-1.041		
2132	-0.996		
2133	-0.952		
2134	-0.922		
2135	-1.089		
2136	-1.255		
2137	-1.422		
2138	-1.376		
2139	-1.143		
2140	-0.910		
2141	-0.696		
2142	-0.568		
2143	-0.439		
2144	-0.311		
2145	-0.035		
2146	0.270		
2147	0.575		
2148	0.920		
2149	1.309		
2150	1.697		
2151	2.017		
2152	1.924		
2153	1.832		
2154	1.739		
2155	1.737		
2156	1.758		
2157	1.778		
2158	1.649		
2159	1.336		
2160	1.022		
2161	0.718		
2162	0.503		
2163	0.288		
2164	0.073		
2165	-0.054		
2166	-0.153		
2167	-0.251		
2168	-0.303		
2169	-0.285		
2170	-0.267		
2171	-0.262		
2172	-0.462		
2173	-0.662		
2174	-0.862		
2175	-0.979		
2176	-1.063		
2177	-1.147		
2178	-1.198		
2179	-1.192		
2180	-1.186		
2181	-1.190		
2182	-1.757		
2183	-2.310		
2184	-1.105		
2185	0.100		
2186	0.317		
2187	0.491		
2188	0.561		
2189	0.632		
2190	0.702		
2191	0.767		
2192	0.682		
2193	0.598		
2194	0.513		
2195	0.429		
2196	0.386		
2197	0.356		
2198	0.325		
2199	0.295		
2200	0.126		
2201	-0.169		
2202	-0.465		
2203	-0.761		
2204	-1.043		
2205	-1.284		
2206	-1.526		
2207	-1.768		
2208	-2.010		
2209	-1.216		
2210	-0.606		
2211	-0.551		
2212	-0.497		
2213	-0.446		
2214	-0.405		
2215	-0.364		
2216	-0.327		
2217	-0.296		
2218	-0.265		
2219	-0.291		
2220	-0.373		
2221	-0.456		
2222	-0.628		
2223	-0.865		
2224	-1.101		
2225	-1.242		
2226	-1.334		
2227	-1.427		
2228	-1.147		
2229	-0.742		
2230	-0.442		
2231	-0.618		
2232	-0.795		
2233	-0.971		
2234	-0.359		
2235	0.347		
2236	0.733		
2237	0.694		
2238	0.655		
2239	0.616		
2240	0.558		
2241	0.458		
2242	0.358		
2243	0.258		
2244	0.118		
2245	-0.172		
2246	-0.462		
2247	-0.751		
2248	-1.028		
2249	-1.196		
2250	-1.364		
2251	-1.532		
2252	-1.700		
2253	-1.591		
2254	-1.482		
2255	-1.373		
2256	-1.221		
2257	-1.012		
2258	-0.802		
2259	-0.592		
2260	-0.572		
2261	-0.586		
2262	-0.600		
2263	-0.612		
2264	-0.617		
2265	-0.623		
2266	-0.628		
2267	-0.655		
2268	-0.692		
2269	-0.728		
2270	-0.749		
2271	-0.654		
2272	-0.559		
2273	-0.464		
2274	-0.403		
2275	-0.373		
2276	-0.342		
2277	-0.311		
2278	-0.202		
2279	-0.090		
2280	0.021		
2281	0.093		
2282	0.102		
2283	0.110		
2284	0.118		
2285	0.023		
2286	-0.098		
2287	-0.218		
2288	-0.337		
2289	-0.451		
2290	-0.566		
2291	-0.681		
2292	-0.753		
2293	-0.803		
2294	-0.854		
2295	-0.917		
2296	-1.127		
2297	-1.336		
2298	-1.546		
2299	-1.890		
2300	-2.365		
2301	-2.668		
2302	-2.661		
2303	-1.975		
2304	-1.241		
2305	-0.994		
2306	-0.747		
2307	-0.500		
2308	-0.423		
2309	-0.345		
2310	-0.268		
2311	-0.190		
2312	-0.165		
2313	-0.140		
2314	-0.115		
2315	-0.090		
2316	-0.228		
2317	-0.365		
2318	-0.503		
2319	-0.640		
2320	-0.640		
2321	-0.640		
2322	-0.640		
2323	-0.640		
2324	-0.346		
2325	-0.051		
2326	0.243		
2327	0.381		
2328	0.364		
2329	0.347		
2330	0.330		
2331	0.230		
2332	0.130		
2333	0.030		
2334	-0.170		
2335	-0.470		
2336	-0.770		
2337	-1.070		
2338	-1.321		
2339	-1.573		
2340	-1.824		
2341	-1.803		
2342	-1.509		
2343	-1.214		
2344	-0.920		
2345	-0.706		
2346	-0.491		
2347	-0.277		
2348	-0.063		
2349	0.083		
2350	0.211		
2351	0.340		
2352	0.469		
2353	0.384		
2354	0.450		
2355	0.487		
2356	0.429		
2357	0.370		
2358	0.312		
2359	0.300		
2360	0.290		
2361	0.280		
2362	0.270		
2363	0.260		
2364	0.250		
2365	0.091		
2366	-0.069		
2367	-0.228		
2368	-0.387		
2369	-0.547		
2370	-0.654		
2371	-0.726		
2372	-0.798		
2373	-0.870		
2374	-0.942		
2375	-0.985		
2376	-0.909		
2377	-0.833		
2378	-0.757		
2379	-0.681		
2380	-0.605		
2381	-0.612		
2382	-0.640		
2383	-0.668		
2384	-0.696		
2385	-0.723		
2386	-0.747		
2387	-0.766		
2388	-0.784		
2389	-0.803		
2390	-0.821		
2391	-0.840		
2392	-0.838		
2393	-0.836		
2394	-0.834		
2395	-0.833		
2396	-0.831		
2397	-0.801		
2398	-0.753		
2399	-0.705		
2400	-0.657		
2401	-0.609		
2402	-0.566		
2403	-0.543		
2404	-0.521		
2405	-0.499		
2406	-0.477		
2407	-0.454		
2408	-0.478		
2409	-0.513		
2410	-0.549		
2411	-0.584		
2412	-0.619		
2413	-0.649		
2414	-0.671		
2415	-0.693		
2416	-0.716		
2417	-0.738		
2418	-0.760		
2419	-0.642		
2420	-0.524		
2421	-0.406		
2422	-0.288		
2423	-0.193		
2424	-0.141		
2425	-0.090		
2426	-0.038		
2427	0.013		
2428	-0.026		
2429	-0.110		
2430	-0.193		
2431	-0.277		
2432	-0.360		
2433	-0.386		
2434	-0.412		
2435	-0.438		
2436	-0.464		
2437	-0.490		
2438	-0.516		
2439	-0.448		
2440	-0.264		
2441	-0.080		
2442	0.105		
2443	0.289		
2444	0.192		
2445	0.038		
2446	-0.116		
2447	-0.270		
2448	-0.383		
2449	-0.353		
2450	-0.323		
2451	-0.292		
2452	-0.262		
2453	-0.318		
2454	-0.428		
2455	-0.539		
2456	-0.649		
2457	-0.760		
2458	-0.756		
2459	-0.753		
2460	-0.749		
2461	-0.745		
2462	-0.741		
2463	-0.761		
2464	-0.793		
2465	-0.825		
2466	-0.857		
2467	-0.889		
2468	-0.903		
2469	-0.880		
2470	-0.858		
2471	-0.835		
2472	-0.813		
2473	-0.790		
2474	-0.686		
2475	-0.581		
2476	-0.491		
2477	-0.502		
2478	-0.512		
2479	-0.406		
2480	0.050		
2481	0.505		
2482	0.748		
2483	0.637		
2484	0.526		
2485	0.444		
2486	0.392		
2487	0.340		
2488	0.320		
2489	0.320		
2490	0.320		
2491	0.088		
2492	-0.222		
2493	-0.531		
2494	-0.655		
2495	-0.753		
2496	-0.850		
2497	-0.854		
2498	-0.857		
2499	-0.846		
2500	-0.752		
2501	-0.657		
2502	-0.555		
2503	-0.432		
2504	-0.310		
2505	-0.117		
2506	0.170		
2507	0.457		
2508	0.604		
2509	0.646		
2510	0.688		
2511	0.615		
2512	0.496		
2513	0.377		
2514	0.243		
2515	0.107		
2516	-0.030		
2517	-0.068		
2518	-0.106		
2519	-0.143		
2520	-0.181		
2521	-0.162		
2522	-0.087		
2523	-0.011		
2524	0.064		
2525	0.140		
2526	0.178		
2527	0.216		
2528	0.253		
2529	0.291		
2530	0.206		
2531	-0.003		
2532	-0.212		
2533	-0.421		
2534	-0.630		
2535	-0.648		
2536	-0.666		
2537	-0.683		
2538	-0.701		
2539	-0.742		
2540	-0.807		
2541	-0.871		
2542	-0.936		
2543	-1.000		
2544	-1.250		
2545	-1.499		
2546	-1.535		
2547	-1.400		
2548	-1.240		
2549	-0.880		
2550	-0.520		
2551	-0.446		
2552	-0.516		
2553	-0.585		
2554	-0.650		
2555	-0.715		
2556	-0.657		
2557	-0.563		
2558	-0.469		
2559	-0.375		
2560	-0.280		
2561	-0.474		
2562	-0.703		
2563	-0.841		
2564	-0.865		
2565	-0.890		
2566	-0.806		
2567	-0.722		
2568	-0.639		
2569	-0.661		
2570	-0.739		
2571	-0.817		
2572	-0.794		
2573	-0.552		
2574	-0.309		
2575	-0.067		
2576	-0.185		
2577	-0.314		
2578	-0.442		
2579	-0.571		
2580	-0.699		
2581	-0.828		
2582	-0.975		
2583	-1.170		
2584	-1.364		
2585	-1.559		
2586	-1.703		
2587	-1.844		
2588	-1.985		
2589	-2.111		
2590	-1.887		
2591	-1.427		
2592	-0.413		
2593	-0.163		
2594	-0.194		
2595	-0.226		
2596	-0.257		
2597	-0.266		
2598	-0.273		
2599	-0.280		
2600	-0.287		
2601	-0.188		
2602	-0.025		
2603	0.137		
2604	0.285		
2605	0.398		
2606	0.463		
2607	0.232		
2608	-0.375		
2609	-0.832		
2610	-0.878		
2611	-0.923		
2612	-0.969		
2613	-1.014		
2614	-1.022		
2615	-0.981		
2616	-0.939		
2617	-0.898		
2618	-0.857		
2619	-0.816		
2620	-0.775		
2621	-0.733		
2622	-0.692		
2623	-0.663		
2624	-0.677		
2625	-0.690		
2626	-0.704		
2627	-0.718		
2628	-0.747		
2629	-0.920		
2630	-1.093		
2631	-1.267		
2632	-1.440		
2633	-1.002		
2634	-0.565		
2635	-0.127		
2636	0.310		
2637	0.400		
2638	0.247		
2639	0.095		
2640	-0.058		
2641	-0.172		
2642	-0.251		
2643	-0.330		
2644	-0.409		
2645	-0.489		
2646	-0.568		
2647	-0.647		
2648	-0.744		
2649	-0.878		
2650	-1.011		
2651	-1.145		
2652	-1.279		
2653	-1.413		
2654	-1.546		
2655	-1.565		
2656	-1.507		
2657	-1.448		
2658	-1.390		
2659	-1.247		
2660	-1.103		
2661	-0.960		
2662	-0.838		
2663	-0.744		
2664	-0.650		
2665	-0.555		
2666	-0.461		
2667	-0.457		
2668	-0.558		
2669	-0.660		
2670	-0.761		
2671	-0.863		
2672	-0.957		
2673	-1.049		
2674	-1.142		
2675	-1.234		
2676	-1.327		
2677	-1.444		
2678	-1.562		
2679	-1.680		
2680	-1.376		
2681	-1.072		
2682	-0.768		
2683	-0.464		
2684	-0.159		
2685	0.145		
2686	0.449		
2687	0.360		
2688	0.242		
2689	0.129		
2690	0.103		
2691	0.078		
2692	0.052		
2693	0.024		
2694	-0.022		
2695	-0.067		
2696	-0.112		
2697	-0.157		
2698	-0.202		
2699	-0.247		
2700	-0.407		
2701	-0.612		
2702	-0.816		
2703	-1.020		
2704	-0.947		
2705	-0.874		
2706	-0.776		
2707	-0.505		
2708	-0.234		
2709	0.038		
2710	0.309		
2711	0.413		
2712	0.478		
2713	0.543		
2714	0.608		
2715	0.678		
2716	0.738		
2717	0.551		
2718	0.363		
2719	0.217		
2720	0.251		
2721	0.286		
2722	0.321		
2723	0.356		
2724	0.121		
2725	-0.153		
2726	-0.427		
2727	-0.700		
2728	-0.722		
2729	-0.548		
2730	-0.374		
2731	-0.200		
2732	-0.067		
2733	-0.056		
2734	-0.044		
2735	-0.032		
2736	-0.021		
2737	-0.146		
2738	-0.281		
2739	-0.415		
2740	-0.550		
2741	-0.457		
2742	-0.227		
2743	0.003		
2744	0.232		
2745	0.321		
2746	0.098		
2747	-0.125		
2748	-0.347		
2749	-0.570		
2750	-0.398		
2751	-0.226		
2752	-0.054		
2753	0.118		
2754	0.290		
2755	0.263		
2756	0.223		
2757	0.184		
2758	0.144		
2759	0.105		
2760	0.070		
2761	0.037		
2762	0.003		
2763	-0.030		
2764	-0.064		
2765	-0.042		
2766	-0.009		
2767	0.025		
2768	0.059		
2769	0.092		
2770	0.020		
2771	-0.085		
2772	-0.190		
2773	-0.294		
2774	-0.399		
2775	-0.376		
2776	-0.298		
2777	-0.221		
2778	-0.144		
2779	-0.067		
2780	-0.059		
2781	-0.089		
2782	-0.118		
2783	-0.148		
2784	-0.178		
2785	-0.217		
2786	-0.262		
2787	-0.308		
2788	-0.353		
2789	-0.399		
2790	-0.401		
2791	-0.366		
2792	-0.331		
2793	-0.296		
2794	-0.261		
2795	-0.186		
2796	-0.053		
2797	0.079		
2798	0.212		
2799	0.345		
2800	0.453		
2801	0.466		
2802	0.480		
2803	0.493		
2804	0.507		
2805	0.520		
2806	0.524		
2807	0.528		
2808	0.532		
2809	0.535		
2810	0.539		
2811	0.500		
2812	0.452		
2813	0.404		
2814	0.356		
2815	0.308		
2816	0.218		
2817	0.104		
2818	-0.009		
2819	-0.123		
2820	-0.237		
2821	-0.325		
2822	-0.381		
2823	-0.436		
2824	-0.492		
2825	-0.548		
2826	-0.605		
2827	-0.664		
2828	-0.723		
2829	-0.782		
2830	-0.841		
2831	-0.900		
2832	-0.741		
2833	-0.539		
2834	-0.336		
2835	-0.134		
2836	0.068		
2837	0.216		
2838	0.198		
2839	0.180		
2840	0.162		
2841	0.144		
2842	0.126		
2843	0.120		
2844	0.120		
2845	0.120		
2846	0.120		
2847	0.120		
2848	0.121		
2849	0.134		
2850	0.146		
2851	0.159		
2852	0.171		
2853	0.184		
2854	0.180		
2855	0.160		
2856	0.141		
2857	0.121		
2858	0.101		
2859	0.082		
2860	0.042		
2861	0.001		
2862	-0.040		
2863	-0.081		
2864	-0.122		
2865	-0.169		
2866	-0.226		
2867	-0.282		
2868	-0.339		
2869	-0.396		
2870	-0.453		
2871	-0.510		
2872	-0.480		
2873	-0.450		
2874	-0.419		
2875	-0.389		
2876	-0.359		
2877	-0.329		
2878	-0.298		
2879	-0.268		
2880	-0.238		
2881	-0.208		
2882	-0.175		
2883	-0.138		
2884	-0.101		
2885	-0.064		
2886	-0.028		
2887	0.009		
2888	0.046		
2889	0.083		
2890	0.119		
2891	0.156		
2892	0.142		
2893	0.123		
2894	0.068		
2895	-0.052		
2896	-0.171		
2897	-0.291		
2898	-0.411		
2899	-0.530		
2900	-0.650		
2901	-0.605		
2902	-0.559		
2903	-0.514		
2904	-0.469		
2905	-0.424		
2906	-0.378		
2907	-0.333		
2908	-0.288		
2909	-0.242		
2910	-0.167		
2911	-0.089		
2912	-0.012		
2913	0.065		
2914	0.143		
2915	0.089		
2916	-0.087		
2917	-0.215		
2918	-0.301		
2919	-0.388		
2920	-0.474		
2921	-0.560		
2922	-0.375		
2923	-0.189		
2924	-0.004		
2925	0.182		
2926	0.367		
2927	0.474		
2928	0.427		
2929	0.380		
2930	0.333		
2931	0.286		
2932	0.239		
2933	0.192		
2934	0.145		
2935	0.098		
2936	-0.010		
2937	-0.140		
2938	-0.142		
2939	-0.143		
2940	-0.145		
2941	-0.147		
2942	-0.148		
2943	-0.150		
2944	-0.150		
2945	-0.150		
2946	-0.150		
2947	-0.150		
2948	-0.151		
2949	-0.154		
2950	-0.156		
2951	-0.159		
2952	-0.188		
2953	-0.236		
2954	-0.284		
2955	-0.332		
2956	-0.380		
2957	-0.358		
2958	-0.318		
2959	-0.334		
2960	-0.474		
2961	-0.614		
2962	-0.754		
2963	-0.894		
2964	-0.851		
2965	-0.647		
2966	-0.450		
2967	-0.452		
2968	-0.454		
2969	-0.456		
2970	-0.457		
2971	-0.459		
2972	-0.439		
2973	-0.400		
2974	-0.360		
2975	-0.321		
2976	-0.281		
2977	-0.242		
2978	-0.202		
2979	-0.162		
2980	-0.123		
2981	-0.083		
2982	-0.209		
2983	-0.350		
2984	-0.567		
2985	-0.783		
2986	-1.000		
2987	-1.217		
2988	-1.389		
2989	-1.385		
2990	-1.380		
2991	-1.152		
2992	-0.924		
2993	-0.696		
2994	-0.468		
2995	-0.240		
2996	-0.012		
2997	0.160		
2998	0.111		
2999	0.062		
3000	0.013		
3001	-0.036		
3002	-0.085		
3003	-0.134		
3004	-0.183		
3005	-0.232		
3006	-0.281		
3007	-0.290		
3008	-0.140		
3009	-0.143		
3010	-0.374		
3011	-0.606		
3012	-0.837		
3013	-1.069		
3014	-1.300		
3015	-1.037		
3016	-0.773		
3017	-0.510		
3018	-0.246		
3019	0.017		
3020	0.211		
3021	0.111		
3022	0.012		
3023	-0.087		
3024	-0.187		
3025	-0.266		
3026	-0.290		
3027	-0.314		
3028	-0.337		
3029	-0.361		
3030	-0.385		
3031	-0.408		
3032	-0.313		
3033	-0.209		
3034	-0.105		
3035	-0.290		
3036	-0.566		
3037	-0.842		
3038	-1.119		
3039	-0.935		
3040	-0.620		
3041	-0.305		
3042	0.010		
3043	-0.003		
3044	-0.015		
3045	-0.028		
3046	-0.041		
3047	-0.053		
3048	-0.066		
3049	-0.116		
3050	-0.185		
3051	-0.255		
3052	-0.324		
3053	-0.393		
3054	-0.462		
3055	-0.808		
3056	-1.189		
3057	-1.569		
3058	-1.950		
3059	-1.622		
3060	-1.293		
3061	-0.965		
3062	-0.637		
3063	-0.427		
3064	-0.373		
3065	-0.320		
3066	-0.266		
3067	-0.213		
3068	-0.160		
3069	-0.106		
3070	-0.178		
3071	-0.305		
3072	-0.431		
3073	-0.557		
3074	-0.684		
3075	-0.810		
3076	-0.955		
3077	-1.121		
3078	-1.287		
3079	-1.454		
3080	-1.620		
3081	-1.523		
3082	-1.426		
3083	-1.328		
3084	-1.231		
3085	-1.134		
3086	-1.037		
3087	-0.857		
3088	-0.672		
3089	-0.487		
3090	-0.302		
3091	-0.117		
3092	0.068		
3093	0.253		
3094	0.423		
3095	0.273		
3096	0.122		
3097	-0.029		
3098	-0.180		
3099	-0.331		
3100	-0.481		
3101	-0.616		
3102	-0.739		
3103	-0.863		
3104	-0.986		
3105	-1.110		
3106	-1.004		
3107	-0.899		
3108	-0.793		
3109	-0.688		
3110	-0.582		
3111	-0.487		
3112	-0.400		
3113	-0.312		
3114	-0.224		
3115	-0.136		
3116	-0.049		
3117	0.039		
3118	0.046		
3119	0.027		
3120	0.008		
3121	-0.011		
3122	-0.030		
3123	-0.049		
3124	-0.068		
3125	-0.235		
3126	-0.413		
3127	-0.592		
3128	-0.771		
3129	-0.950		
3130	-0.933		
3131	-0.916		
3132	-0.898		
3133	-0.881		
3134	-0.864		
3135	-0.795		
3136	-0.712		
3137	-0.629		
3138	-0.546		
3139	-0.463		
3140	-0.380		
3141	-0.319		
3142	-0.375		
3143	-0.431		
3144	-0.487		
3145	-0.543		
3146	-0.599		
3147	-0.668		
3148	-0.874		
3149	-1.079		
3150	-1.285		
3151	-1.490		
3152	-1.229		
3153	-0.968		
3154	-0.708		
3155	-0.447		
3156	-0.251		
3157	-0.220		
3158	-0.189		
3159	-0.157		
3160	-0.126		
3161	-0.095		
3162	-0.063		
3163	-0.122		
3164	-0.191		
3165	-0.260		
3166	-0.329		
3167	-0.398		
3168	-0.467		
3169	-0.492		
3170	-0.515		
3171	-0.537		
3172	-0.560		
3173	-0.489		
3174	-0.419		
3175	-0.348		
3176	-0.277		
3177	-0.206		
3178	-0.135		
3179	-0.064		
3180	0.008		
3181	0.079		
3182	0.038		
3183	-0.091		
3184	-0.220		
3185	-0.348		
3186	-0.477		
3187	-0.606		
3188	-0.734		
3189	-0.684		
3190	-0.626		
3191	-0.567		
3192	-0.509		
3193	-0.450		
3194	-0.374		
3195	-0.299		
3196	-0.223		
3197	-0.147		
3198	-0.071		
3199	0.004		
3200	0.058		
3201	0.052		
3202	0.046		
3203	0.040		
3204	0.033		
3205	0.027		
3206	0.021		
3207	0.006		
3208	-0.009		
3209	-0.025		
3210	-0.041		
3211	-0.056		
3212	-0.072		
3213	-0.088		
3214	-0.103		
3215	-0.119		
3216	-0.134		
3217	-0.150		
3218	-0.157		
3219	-0.149		
3220	-0.140		
3221	-0.132		
3222	-0.124		
3223	-0.116		
3224	-0.107		
3225	-0.099		
3226	-0.091		
3227	-0.083		
3228	-0.074		
3229	-0.066		
3230	-0.058		
3231	-0.052		
3232	-0.090		
3233	-0.127		
3234	-0.164		
3235	-0.201		
3236	-0.239		
3237	-0.276		
3238	-0.313		
3239	-0.350		
3240	-0.382		
3241	-0.392		
3242	-0.401		
3243	-0.411		
3244	-0.421		
3245	-0.430		
3246	-0.440		
3247	-0.384		
3248	-0.328		
3249	-0.273		
3250	-0.233		
3251	-0.245		
3252	-0.258		
3253	-0.270		
3254	-0.283		
3255	-0.295		
3256	-0.308		
3257	-0.319		
3258	-0.330		
3259	-0.341		
3260	-0.352		
3261	-0.363		
3262	-0.374		
3263	-0.386		
3264	-0.397		
3265	-0.408		
3266	-0.419		
3267	-0.430		
3268	-0.348		
3269	-0.266		
3270	-0.183		
3271	-0.101		
3272	-0.019		
3273	0.063		
3274	0.146		
3275	0.213		
3276	0.226		
3277	0.238		
3278	0.251		
3279	0.264		
3280	0.277		
3281	0.289		
3282	0.302		
3283	0.315		
3284	0.328		
3285	0.341		
3286	0.338		
3287	0.291		
3288	0.245		
3289	0.198		
3290	0.152		
3291	0.105		
3292	0.004		
3293	-0.124		
3294	-0.252		
3295	-0.380		
3296	-0.508		
3297	-0.636		
3298	-0.761		
3299	-0.796		
3300	-0.831		
3301	-0.866		
3302	-0.901		
3303	-0.879		
3304	-0.838		
3305	-0.797		
3306	-0.642		
3307	-0.465		
3308	-0.288		
3309	-0.111		
3310	0.066		
3311	0.243		
3312	0.201		
3313	-0.054		
3314	-0.310		
3315	-0.565		
3316	-0.820		
3317	-1.075		
3318	-1.331		
3319	-1.162		
3320	-0.958		
3321	-0.754		
3322	-0.550		
3323	-0.475		
3324	-0.401		
3325	-0.326		
3326	-0.252		
3327	-0.204		
3328	-0.177		
3329	-0.150		
3330	-0.122		
3331	-0.095		
3332	-0.068		
3333	-0.115		
3334	-0.191		
3335	-0.267		
3336	-0.344		
3337	-0.420		
3338	-0.496		
3339	-0.566		
3340	-0.627		
3341	-0.688		
3342	-0.749		
3343	-0.810		
3344	-0.572		
3345	-0.334		
3346	-0.095		
3347	0.143		
3348	0.253		
3349	0.216		
3350	0.179		
3351	0.142		
3352	0.105		
3353	0.068		
3354	-0.020		
3355	-0.159		
3356	-0.298		
3357	-0.437		
3358	-0.576		
3359	-0.715		
3360	-0.789		
3361	-0.807		
3362	-0.825		
3363	-0.842		
3364	-0.860		
3365	-0.736		
3366	-0.612		
3367	-0.488		
3368	-0.364		
3369	-0.240		
3370	-0.116		
3371	0.008		
3372	0.131		
3373	0.200		
3374	0.199		
3375	0.198		
3376	0.197		
3377	0.196		
3378	0.195		
3379	0.194		
3380	0.193		
3381	0.192		
3382	0.191		
3383	0.191		
3384	0.149		
3385	0.044		
3386	-0.061		
3387	-0.166		
3388	-0.271		
3389	-0.377		
3390	-0.482		
3391	-0.583		
3392	-0.664		
3393	-0.746		
3394	-0.827		
3395	-0.909		
3396	-0.990		
3397	-0.902		
3398	-0.813		
3399	-0.725		
3400	-0.636		
3401	-0.629		
3402	-0.640		
3403	-0.651		
3404	-0.662		
3405	-0.673		
3406	-0.701		
3407	-0.753		
3408	-0.805		
3409	-0.858		
3410	-0.910		
3411	-0.963		
3412	-0.997		
3413	-1.027		
3414	-1.058		
3415	-1.089		
3416	-1.120		
3417	-0.961		
3418	-0.801		
3419	-0.642		
3420	-0.482		
3421	-0.323		
3422	-0.255		
3423	-0.231		
3424	-0.208		
3425	-0.185		
3426	-0.162		
3427	-0.139		
3428	-0.128		
3429	-0.173		
3430	-0.218		
3431	-0.263		
3432	-0.308		
3433	-0.353		
3434	-0.428		
3435	-0.508		
3436	-0.589		
3437	-0.670		
3438	-0.584		
3439	-0.498		
3440	-0.412		
3441	-0.326		
3442	-0.240		
3443	-0.158		
3444	-0.082		
3445	-0.005		
3446	0.071		
3447	0.147		
3448	0.223		
3449	0.234		
3450	0.051		
3451	-0.132		
3452	-0.315		
3453	-0.498		
3454	-0.620		
3455	-0.645		
3456	-0.670		
3457	-0.695		
3458	-0.720		
3459	-0.474		
3460	-0.228		
3461	0.018		
3462	0.264		
3463	0.498		
3464	0.445		
3465	0.392		
3466	0.339		
3467	0.286		
3468	0.233		
3469	0.180		
3470	0.108		
3471	0.011		
3472	-0.085		
3473	-0.182		
3474	-0.279		
3475	-0.376		
3476	-0.462		
3477	-0.477		
3478	-0.493		
3479	-0.508		
3480	-0.507		
3481	-0.442		
3482	-0.378		
3483	-0.313		
3484	-0.248		
3485	-0.184		
3486	-0.152		
3487	-0.190		
3488	-0.228		
3489	-0.266		
3490	-0.304		
3491	-0.342		
3492	-0.380		
3493	-0.418		
3494	-0.455		
3495	-0.453		
3496	-0.444		
3497	-0.436		
3498	-0.427		
3499	-0.419		
3500	-0.410		
3501	-0.402		
3502	-0.393		
3503	-0.385		
3504	-0.401		
3505	-0.445		
3506	-0.489		
3507	-0.533		
3508	-0.577		
3509	-0.622		
3510	-0.666		
3511	-0.710		
3512	-0.482		
3513	-0.254		
3514	-0.026		
3515	0.202		
3516	0.188		
3517	0.139		
3518	0.091		
3519	0.042		
3520	-0.006		
3521	-0.058		
3522	-0.132		
3523	-0.207		
3524	-0.281		
3525	-0.356		
3526	-0.430		
3527	-0.536		
3528	-0.707		
3529	-0.878		
3530	-1.049		
3531	-1.220		
3532	-0.989		
3533	-0.758		
3534	-0.527		
3535	-0.296		
3536	-0.066		
3537	0.100		
3538	0.100		
3539	0.100		
3540	0.100		
3541	0.100		
3542	0.100		
3543	0.100		
3544	0.046		
3545	-0.026		
3546	-0.097		
3547	-0.169		
3548	-0.241		
3549	-0.333		
3550	-0.432		
3551	-0.531		
3552	-0.630		
3553	-0.450		
3554	-0.269		
3555	-0.089		
3556	0.092		
3557	0.025		
3558	-0.230		
3559	-0.486		
3560	-0.741		
3561	-0.997		
3562	-1.252		
3563	-1.173		
3564	-0.918		
3565	-0.664		
3566	-0.409		
3567	-0.155		
3568	-0.199		
3569	-0.453		
3570	-0.706		
3571	-0.960		
3572	-0.752		
3573	-0.544		
3574	-0.336		
3575	-0.131		
3576	0.065		
3577	0.260		
3578	0.456		
3579	0.652		
3580	0.723		
3581	0.556		
3582	0.389		
3583	0.223		
3584	0.056		
3585	-0.111		
3586	-0.209		
3587	-0.269		
3588	-0.329		
3589	-0.390		
3590	-0.450		
3591	-0.431		
3592	-0.412		
3593	-0.392		
3594	-0.339		
3595	-0.224		
3596	-0.110		
3597	0.004		
3598	0.119		
3599	0.184		
3600	0.126		
3601	0.069		
3602	0.012		
3603	-0.045		
3604	-0.139		
3605	-0.366		
3606	-0.594		
3607	-0.822		
3608	-1.050		
3609	-0.800		
3610	-0.551		
3611	-0.301		
3612	-0.051		
3613	0.198		
3614	0.287		
3615	0.082		
3616	-0.124		
3617	-0.330		
3618	-0.535		
3619	-0.741		
3620	-0.810		
3621	-0.725		
3622	-0.640		
3623	-0.555		
3624	-0.470		
3625	-0.323		
3626	-0.175		
3627	-0.028		
3628	0.120		
3629	0.074		
3630	0.027		
3631	-0.019		
3632	-0.066		
3633	-0.067		
3634	-0.048		
3635	-0.029		
3636	-0.010		
3637	0.009		
3638	0.028		
3639	0.014		
3640	-0.005		
3641	-0.023		
3642	-0.042		
3643	-0.060		
3644	-0.060		
3645	-0.060		
3646	-0.480		
3647	-1.020		
3648	-0.818		
3649	-0.615		
3650	-0.413		
3651	-0.210		
3652	-0.168		
3653	-0.125		
3654	-0.083		
3655	-0.041		
3656	0.014		
3657	0.100		
3658	0.187		
3659	0.273		
3660	0.360		
3661	0.273		
3662	0.187		
3663	0.100		
3664	0.182		
3665	0.264		
3666	0.346		
3667	0.428		
3668	0.510		
3669	0.592		
3670	0.667		
3671	0.602		
3672	0.538		
3673	0.473		
3674	0.409		
3675	0.339		
3676	0.265		
3677	0.192		
3678	0.118		
3679	0.044		
3680	-0.030		
3681	-0.126		
3682	-0.223		
3683	-0.320		
3684	-0.219		
3685	-0.117		
3686	-0.016		
3687	0.071		
3688	0.132		
3689	0.193		
3690	0.254		
3691	0.315		
3692	0.254		
3693	0.110		
3694	-0.035		
3695	-0.179		
3696	-0.324		
3697	-0.468		
3698	-0.612		
3699	-0.757		
3700	-0.901		
3701	-1.046		
3702	-1.190		
3703	-1.081		
3704	-0.973		
3705	-0.864		
3706	-0.755		
3707	-0.647		
3708	-0.538		
3709	-0.466		
3710	-0.397		
3711	-0.328		
3712	-0.259		
3713	-0.191		
3714	-0.122		
3715	-0.053		
3716	-0.030		
3717	-0.010		
3718	0.011		
3719	0.031		
3720	0.038		
3721	-0.106		
3722	-0.251		
3723	-0.395		
3724	-0.540		
3725	-0.448		
3726	-0.356		
3727	-0.263		
3728	-0.171		
3729	-0.079		
3730	0.003		
3731	0.081		
3732	0.160		
3733	0.239		
3734	0.318		
3735	0.334		
3736	0.277		
3737	0.221		
3738	0.165		
3739	0.108		
3740	-0.022		
3741	-0.226		
3742	-0.431		
3743	-0.635		
3744	-0.840		
3745	-0.626		
3746	-0.412		
3747	-0.198		
3748	0.016		
3749	0.231		
3750	0.377		
3751	0.171		
3752	-0.035		
3753	-0.241		
3754	-0.447		
3755	-0.653		
3756	-0.859		
3757	-0.803		
3758	-0.700		
3759	-0.597		
3760	-0.494		
3761	-0.391		
3762	-0.288		
3763	-0.185		
3764	-0.082		
3765	0.021		
3766	-0.370		
3767	-0.527		
3768	-0.684		
3769	-0.840		
3770	-0.997		
3771	-1.153		
3772	-1.310		
3773	-1.132		
3774	-0.955		
3775	-0.777		
3776	-0.600		
3777	-0.422		
3778	-0.420		
3779	-0.420		
3780	-0.420		
3781	-0.420		
3782	-0.420		
3783	-0.420		
3784	-0.420		
3785	-0.420		
3786	-0.498		
3787	-0.671		
3788	-0.844		
3789	-1.017		
3790	-1.190		
3791	-1.363		
3792	-1.536		
3793	-1.501		
3794	-1.344		
3795	-1.187		
3796	-1.030		
3797	-0.908		
3798	-0.785		
3799	-0.663		
3800	-0.540		
3801	-0.458		
3802	-0.390		
3803	-0.321		
3804	-0.252		
3805	-0.184		
3806	-0.115		
3807	-0.059		
3808	-0.237		
3809	-0.414		
3810	-0.592		
3811	-0.769		
3812	-0.946		
3813	-1.123		
3814	-1.247		
3815	-1.371		
3816	-1.496		
3817	-1.620		
3818	-1.278		
3819	-0.937		
3820	-0.595		
3821	-0.254		
3822	-0.050		
3823	-0.050		
3824	-0.050		
3825	-0.050		
3826	-0.050		
3827	-0.050		
3828	-0.050		
3829	-0.151		
3830	-0.315		
3831	-0.479		
3832	-0.643		
3833	-0.806		
3834	-0.970		
3835	-1.059		
3836	-0.944		
3837	-0.830		
3838	-0.715		
3839	-0.600		
3840	-0.632		
3841	-0.665		
3842	-0.697		
3843	-0.729		
3844	-0.756		
3845	-0.682		
3846	-0.609		
3847	-0.535		
3848	-0.461		
3849	-0.431		
3850	-0.454		
3851	-0.478		
3852	-0.502		
3853	-0.531		
3854	-0.572		
3855	-0.614		
3856	-0.655		
3857	-0.697		
3858	-0.738		
3859	-0.780		
3860	-0.744		
3861	-0.708		
3862	-0.672		
3863	-0.637		
3864	-0.601		
3865	-0.565		
3866	-0.529		
3867	-0.489		
3868	-0.445		
3869	-0.401		
3870	-0.356		
3871	-0.312		
3872	-0.268		
3873	-0.223		
3874	-0.179		
3875	-0.152		
3876	-0.157		
3877	-0.162		
3878	-0.166		
3879	-0.171		
3880	-0.176		
3881	-0.181		
3882	-0.186		
3883	-0.220		
3884	-0.360		
3885	-0.500		
3886	-0.640		
3887	-0.780		
3888	-0.920		
3889	-1.060		
3890	-0.939		
3891	-0.819		
3892	-0.698		
3893	-0.577		
3894	-0.457		
3895	-0.336		
3896	-0.315		
3897	-0.322		
3898	-0.329		
3899	-0.336		
3900	-0.344		
3901	-0.357		
3902	-0.369		
3903	-0.382		
3904	-0.394		
3905	-0.495		
3906	-0.676		
3907	-0.857		
3908	-1.038		
3909	-1.219		
3910	-1.400		
3911	-1.216		
3912	-1.031		
3913	-0.847		
3914	-0.663		
3915	-0.478		
3916	-0.294		
3917	-0.276		
3918	-0.263		
3919	-0.249		
3920	-0.235		
3921	-0.221		
3922	-0.207		
3923	-0.285		
3924	-0.455		
3925	-0.626		
3926	-0.797		
3927	-0.967		
3928	-1.107		
3929	-1.218		
3930	-1.329		
3931	-1.439		
3932	-1.550		
3933	-1.355		
3934	-1.159		
3935	-0.964		
3936	-0.768		
3937	-0.573		
3938	-0.446		
3939	-0.338		
3940	-0.231		
3941	-0.123		
3942	-0.015		
3943	0.092		
3944	0.087		
3945	-0.108		
3946	-0.303		
3947	-0.497		
3948	-0.692		
3949	-0.887		
3950	-1.016		
3951	-1.114		
3952	-1.212		
3953	-1.310		
3954	-1.093		
3955	-0.876		
3956	-0.660		
3957	-0.443		
3958	-0.458		
3959	-0.501		
3960	-0.543		
3961	-0.586		
3962	-0.629		
3963	-0.672		
3964	-0.667		
3965	-0.651		
3966	-0.635		
3967	-0.619		
3968	-0.602		
3969	-0.606		
3970	-0.672		
3971	-0.738		
3972	-0.804		
3973	-0.870		
3974	-0.801		
3975	-0.732		
3976	-0.664		
3977	-0.595		
3978	-0.526		
3979	-0.457		
3980	-0.388		
3981	-0.320		
3982	-0.251		
3983	-0.182		
3984	-0.194		
3985	-0.208		
3986	-0.222		
3987	-0.236		
3988	-0.250		
3989	-0.265		
3990	-0.279		
3991	-0.293		
3992	-0.307		
3993	-0.321		
3994	-0.336		
3995	-0.350		
3996	-0.373		
3997	-0.396		
3998	-0.419		
3999	-0.442		
4000	-0.466		
4001	-0.489		
4002	-0.522		
4003	-0.669		
4004	-0.817		
4005	-0.965		
4006	-1.112		
4007	-1.260		
4008	-1.138		
4009	-1.017		
4010	-0.895		
4011	-0.773		
4012	-0.646		
4013	-0.491		
4014	-0.337		
4015	-0.182		
4016	-0.027		
4017	-0.055		
4018	-0.122		
4019	-0.188		
4020	-0.254		
4021	-0.445		
4022	-0.674		
4023	-0.903		
4024	-1.132		
4025	-1.361		
4026	-1.436		
4027	-1.372		
4028	-1.308		
4029	-1.243		
4030	-1.179		
4031	-1.102		
4032	-0.893		
4033	-0.683		
4034	-0.473		
4035	-0.264		
4036	-0.054		
4037	0.156		
4038	0.167		
4039	0.091		
4040	0.015		
4041	-0.062		
4042	-0.138		
4043	-0.214		
4044	-0.352		
4045	-0.507		
4046	-0.661		
4047	-0.816		
4048	-0.970		
4049	-0.807		
4050	-0.644		
4051	-0.481		
4052	-0.318		
4053	-0.215		
4054	-0.269		
4055	-0.323		
4056	-0.377		
4057	-0.431		
4058	-0.479		
4059	-0.466		
4060	-0.453		
4061	-0.440		
4062	-0.427		
4063	-0.414		
4064	-0.395		
4065	-0.373		
4066	-0.345		
4067	-0.317		
4068	-0.289		
4069	-0.261		
4070	-0.234		
4071	-0.206		
4072	-0.178		
4073	-0.150		
4074	-0.133		
4075	-0.122		
4076	-0.110		
4077	-0.099		
4078	-0.088		
4079	-0.076		
4080	-0.065		
4081	-0.426		
4082	-1.099		
4083	-1.602		
4084	-1.339		
4085	-1.077		
4086	-0.988		
4087	-0.937		
4088	-0.887		
4089	-0.836		
4090	-0.785		
4091	-0.734		
4092	-0.683		
4093	-0.711		
4094	-0.767		
4095	-0.823		
4096	-0.879		
4097	-0.935		
4098	-0.991		
4099	-0.944		
4100	-0.788		
4101	-0.632		
4102	-0.476		
4103	-0.320		
4104	-0.445		
4105	-0.569		
4106	-0.694		
4107	-0.818		
4108	-0.838		
4109	-0.716		
4110	-0.593		
4111	-0.471		
4112	-0.348		
4113	-0.226		
4114	-0.279		
4115	-0.379		
4116	-0.479		
4117	-0.579		
4118	-0.679		
4119	-0.794		
4120	-0.913		
4121	-1.032		
4122	-1.151		
4123	-1.270		
4124	-1.084		
4125	-0.898		
4126	-0.711		
4127	-0.525		
4128	-0.339		
4129	-0.262		
4130	-0.309		
4131	-0.356		
4132	-0.403		
4133	-0.450		
4134	-0.481		
4135	-0.422		
4136	-0.364		
4137	-0.305		
4138	-0.247		
4139	-0.213		
4140	-0.283		
4141	-0.352		
4142	-0.421		
4143	-0.491		
4144	-0.560		
4145	-0.504		
4146	-0.448		
4147	-0.393		
4148	-0.337		
4149	-0.281		
4150	-0.225		
4151	-0.223		
4152	-0.241		
4153	-0.259		
4154	-0.277		
4155	-0.294		
4156	-0.312		
4157	-0.330		
4158	-0.348		
4159	-0.359		
4160	-0.357		
4161	-0.355		
4162	-0.352		
4163	-0.350		
4164	-0.348		
4165	-0.345		
4166	-0.343		
4167	-0.340		
4168	-0.410		
4169	-0.498		
4170	-0.586		
4171	-0.674		
4172	-0.762		
4173	-0.850		
4174	-0.799		
4175	-0.748		
4176	-0.697		
4177	-0.646		
4178	-0.595		
4179	-0.544		
4180	-0.508		
4181	-0.477		
4182	-0.446		
4183	-0.415		
4184	-0.384		
4185	-0.353		
4186	-0.365		
4187	-0.406		
4188	-0.448		
4189	-0.490		
4190	-0.532		
4191	-0.569		
4192	-0.559		
4193	-0.549		
4194	-0.540		
4195	-0.530		
4196	-0.520		
4197	-0.526		
4198	-0.531		
4199	-0.537		
4200	-0.543		
4201	-0.548		
4202	-0.483		
4203	-0.385		
4204	-0.287		
4205	-0.189		
4206	-0.091		
4207	0.006		
4208	-0.092		
4209	-0.294		
4210	-0.497		
4211	-0.699		
4212	-0.901		
4213	-1.068		
4214	-1.221		
4215	-1.374		
4216	-1.527		
4217	-1.680		
4218	-1.480		
4219	-1.280		
4220	-1.081		
4221	-0.881		
4222	-0.681		
4223	-0.529		
4224	-0.417		
4225	-0.305		
4226	-0.192		
4227	-0.080		
4228	-0.101		
4229	-0.136		
4230	-0.171		
4231	-0.205		
4232	-0.240		
4233	-0.417		
4234	-0.593		
4235	-0.770		
4236	-0.947		
4237	-1.123		
4238	-1.300		
4239	-1.207		
4240	-1.114		
4241	-1.021		
4242	-0.928		
4243	-0.835		
4244	-0.741		
4245	-0.648		
4246	-0.548		
4247	-0.447		
4248	-0.347		
4249	-0.246		
4250	-0.146		
4251	-0.120		
4252	-0.235		
4253	-0.350		
4254	-0.466		
4255	-0.581		
4256	-0.679		
4257	-0.751		
4258	-0.823		
4259	-0.894		
4260	-0.966		
4261	-1.038		
4262	-1.110		
4263	-1.008		
4264	-0.906		
4265	-0.804		
4266	-0.702		
4267	-0.600		
4268	-0.498		
4269	-0.396		
4270	-0.333		
4271	-0.303		
4272	-0.273		
4273	-0.243		
4274	-0.213		
4275	-0.183		
4276	-0.153		
4277	-0.132		
4278	-0.142		
4279	-0.153		
4280	-0.163		
4281	-0.173		
4282	-0.183		
4283	-0.248		
4284	-0.440		
4285	-0.633		
4286	-0.825		
4287	-1.018		
4288	-1.210		
4289	-1.113		
4290	-1.015		
4291	-0.918		
4292	-0.821		
4293	-0.724		
4294	-0.699		
4295	-0.697		
4296	-0.696		
4297	-0.694		
4298	-0.693		
4299	-0.691		
4300	-0.689		
4301	-0.640		
4302	-0.592		
4303	-0.544		
4304	-0.496		
4305	-0.448		
4306	-0.444		
4307	-0.598		
4308	-0.752		
4309	-0.906		
4310	-1.060		
4311	-0.928		
4312	-0.796		
4313	-0.664		
4314	-0.531		
4315	-0.399		
4316	-0.269		
4317	-0.233		
4318	-0.198		
4319	-0.162		
4320	-0.126		
4321	-0.090		
4322	-0.054		
4323	-0.053		
4324	-0.123		
4325	-0.193		
4326	-0.263		
4327	-0.333		
4328	-0.388		
4329	-0.379		
4330	-0.369		
4331	-0.360		
4332	-0.350		
4333	-0.310		
4334	-0.270		
4335	-0.230		
4336	-0.190		
4337	-0.150		
4338	-0.150		
4339	-0.150		
4340	-0.150		
4341	-0.150		
4342	-0.174		
4343	-0.204		
4344	-0.235		
4345	-0.266		
4346	-0.297		
4347	-0.405		
4348	-0.522		
4349	-0.639		
4350	-0.756		
4351	-0.873		
4352	-0.990		
4353	-0.804		
4354	-0.619		
4355	-0.433		
4356	-0.247		
4357	-0.062		
4358	-0.062		
4359	-0.063		
4360	-0.065		
4361	-0.067		
4362	-0.068		
4363	-0.070		
4364	-0.081		
4365	-0.091		
4366	-0.102		
4367	-0.112		
4368	-0.123		
4369	-0.133		
4370	-0.124		
4371	-0.078		
4372	-0.032		
4373	0.014		
4374	0.060		
4375	0.000		
4376	-0.060		
4377	-0.119		
4378	-0.179		
4379	-0.212		
4380	-0.239		
4381	-0.266		
4382	-0.292		
4383	-0.319		
4384	-0.346		
4385	-0.373		
4386	-0.400		
4387	-0.400		
4388	-0.400		
4389	-0.400		
4390	-0.400		
4391	-0.400		
4392	-0.400		
4393	-0.400		
4394	-0.400		
4395	-0.400		
4396	-0.379		
4397	-0.342		
4398	-0.305		
4399	-0.268		
4400	-0.231		
4401	-0.194		
4402	-0.157		
4403	-0.120		
4404	-0.068		
4405	-0.016		
4406	0.037		
4407	0.089		
4408	0.141		
4409	0.134		
4410	0.053		
4411	-0.029		
4412	-0.110		
4413	-0.191		
4414	-0.272		
4415	-0.354		
4416	-0.435		
4417	-0.470		
4418	-0.448		
4419	-0.425		
4420	-0.403		
4421	-0.380		
4422	-0.358		
4423	-0.335		
4424	-0.320		
4425	-0.320		
4426	-0.320		
4427	-0.320		
4428	-0.298		
4429	-0.259		
4430	-0.220		
4431	-0.180		
4432	-0.141		
4433	-0.102		
4434	-0.096		
4435	-0.134		
4436	-0.126		
4437	-0.082		
4438	-0.038		
4439	0.005		
4440	-0.007		
4441	-0.025		
4442	-0.044		
4443	-0.112		
4444	-0.205		
4445	-0.298		
4446	-0.360		
4447	-0.360		
4448	-0.360		
4449	-0.360		
4450	-0.360		
4451	-0.360		
4452	-0.360		
4453	-0.359		
4454	-0.358		
4455	-0.356		
4456	-0.355		
4457	-0.354		
4458	-0.352		
4459	-0.351		
4460	-0.364		
4461	-0.389		
4462	-0.415		
4463	-0.440		
4464	-0.423		
4465	-0.406		
4466	-0.388		
4467	-0.371		
4468	-0.316		
4469	-0.192		
4470	-0.069		
4471	0.054		
4472	0.178		
4473	0.256		
4474	0.117		
4475	-0.022		
4476	-0.161		
4477	-0.300		
4478	-0.433		
4479	-0.562		
4480	-0.691		
4481	-0.821		
4482	-0.950		
4483	-0.849		
4484	-0.748		
4485	-0.648		
4486	-0.547		
4487	-0.515		
4488	-0.509		
4489	-0.503		
4490	-0.496		
4491	-0.490		
4492	-0.484		
4493	-0.471		
4494	-0.450		
4495	-0.429		
4496	-0.409		
4497	-0.388		
4498	-0.367		
4499	-0.375		
4500	-0.530		
4501	-0.685		
4502	-0.839		
4503	-0.994		
4504	-0.935		
4505	-0.852		
4506	-0.769		
4507	-0.686		
4508	-0.602		
4509	-0.527		
4510	-0.474		
4511	-0.421		
4512	-0.368		
4513	-0.315		
4514	-0.263		
4515	-0.210		
4516	-0.153		
4517	-0.087		
4518	-0.021		
4519	0.045		
4520	0.111		
4521	0.177		
4522	0.243		
4523	0.241		
4524	0.216		
4525	0.191		
4526	0.165		
4527	0.140		
4528	0.096		
4529	0.052		
4530	0.008		
4531	-0.036		
4532	-0.080		
4533	-0.106		
4534	-0.094		
4535	-0.082		
4536	-0.070		
4537	-0.058		
4538	-0.046		
4539	-0.034		
4540	-0.022		
4541	-0.079		
4542	-0.146		
4543	-0.214		
4544	-0.282		
4545	-0.349		
4546	-0.417		
4547	-0.534		
4548	-0.663		
4549	-0.793		
4550	-0.922		
4551	-1.051		
4552	-1.180		
4553	-1.045		
4554	-0.911		
4555	-0.776		
4556	-0.641		
4557	-0.506		
4558	-0.372		
4559	-0.239		
4560	-0.196		
4561	-0.154		
4562	-0.111		
4563	-0.068		
4564	-0.026		
4565	0.017		
4566	0.008		
4567	-0.024		
4568	-0.056		
4569	-0.088		
4570	-0.121		
4571	-0.223		
4572	-0.435		
4573	-0.647		
4574	-0.858		
4575	-1.070		
4576	-0.928		
4577	-0.786		
4578	-0.645		
4579	-0.503		
4580	-0.361		
4581	-0.290		
4582	-0.225		
4583	-0.160		
4584	-0.095		
4585	-0.030		
4586	-0.143		
4587	-0.289		
4588	-0.435		
4589	-0.581		
4590	-0.726		
4591	-0.820		
4592	-0.899		
4593	-0.977		
4594	-1.055		
4595	-1.133		
4596	-1.212		
4597	-1.290		
4598	-1.125		
4599	-0.961		
4600	-0.796		
4601	-0.631		
4602	-0.466		
4603	-0.302		
4604	-0.192		
4605	-0.198		
4606	-0.204		
4607	-0.210		
4608	-0.216		
4609	-0.222		
4610	-0.228		
4611	-0.221		
4612	-0.206		
4613	-0.191		
4614	-0.176		
4615	-0.162		
4616	-0.169		
4617	-0.265		
4618	-0.360		
4619	-0.455		
4620	-0.550		
4621	-0.507		
4622	-0.465		
4623	-0.422		
4624	-0.380		
4625	-0.337		
4626	-0.295		
4627	-0.323		
4628	-0.361		
4629	-0.399		
4630	-0.436		
4631	-0.474		
4632	-0.511		
4633	-0.449		
4634	-0.358		
4635	-0.266		
4636	-0.174		
4637	-0.083		
4638	-0.111		
4639	-0.245		
4640	-0.379		
4641	-0.512		
4642	-0.646		
4643	-0.780		
4644	-0.691		
4645	-0.602		
4646	-0.513		
4647	-0.424		
4648	-0.334		
4649	-0.245		
4650	-0.156		
4651	-0.101		
4652	-0.141		
4653	-0.182		
4654	-0.223		
4655	-0.263		
4656	-0.304		
4657	-0.345		
4658	-0.373		
4659	-0.323		
4660	-0.272		
4661	-0.222		
4662	-0.171		
4663	-0.180		
4664	-0.455		
4665	-0.730		
4666	-1.005		
4667	-1.280		
4668	-1.071		
4669	-0.862		
4670	-0.654		
4671	-0.445		
4672	-0.236		
4673	-0.115		
4674	-0.105		
4675	-0.095		
4676	-0.085		
4677	-0.074		
4678	-0.064		
4679	-0.107		
4680	-0.183		
4681	-0.259		
4682	-0.335		
4683	-0.411		
4684	-0.525		
4685	-0.639		
4686	-0.753		
4687	-0.866		
4688	-0.980		
4689	-0.850		
4690	-0.721		
4691	-0.591		
4692	-0.461		
4693	-0.332		
4694	-0.202		
4695	-0.170		
4696	-0.203		
4697	-0.235		
4698	-0.268		
4699	-0.301		
4700	-0.334		
4701	-0.374		
4702	-0.446		
4703	-0.518		
4704	-0.589		
4705	-0.661		
4706	-0.733		
4707	-0.755		
4708	-0.762		
4709	-0.769		
4710	-0.776		
4711	-0.783		
4712	-0.790		
4713	-0.790		
4714	-0.759		
4715	-0.694		
4716	-0.629		
4717	-0.564		
4718	-0.499		
4719	-0.435		
4720	-0.370		
4721	-0.313		
4722	-0.353		
4723	-0.393		
4724	-0.433		
4725	-0.473		
4726	-0.512		
4727	-0.552		
4728	-0.592		
4729	-0.632		
4730	-0.670		
4731	-0.660		
4732	-0.650		
4733	-0.640		
4734	-0.631		
4735	-0.701		
4736	-0.776		
4737	-0.852		
4738	-0.927		
4739	-0.912		
4740	-0.879		
4741	-0.846		
4742	-0.813		
4743	-0.779		
4744	-0.746		
4745	-0.713		
4746	-0.694		
4747	-0.676		
4748	-0.658		
4749	-0.641		
4750	-0.623		
4751	-0.636		
4752	-0.729		
4753	-0.823		
4754	-0.916		
4755	-1.010		
4756	-1.103		
4757	-1.197		
4758	-1.290		
4759	-1.152		
4760	-1.015		
4761	-0.877		
4762	-0.739		
4763	-0.601		
4764	-0.464		
4765	-0.426		
4766	-0.398		
4767	-0.371		
4768	-0.344		
4769	-0.317		
4770	-0.290		
4771	-0.263		
4772	-0.346		
4773	-0.441		
4774	-0.537		
4775	-0.632		
4776	-0.728		
4777	-0.823		
4778	-0.885		
4779	-0.869		
4780	-0.853		
4781	-0.836		
4782	-0.820		
4783	-0.759		
4784	-0.697		
4785	-0.636		
4786	-0.575		
4787	-0.577		
4788	-0.662		
4789	-0.748		
4790	-0.833		
4791	-0.886		
4792	-0.900		
4793	-0.914		
4794	-0.928		
4795	-0.907		
4796	-0.882		
4797	-0.856		
4798	-0.830		
4799	-0.807		
4800	-0.785		
4801	-0.762		
4802	-0.740		
4803	-0.717		
4804	-0.695		
4805	-0.674		
4806	-0.657		
4807	-0.640		
4808	-0.623		
4809	-0.606		
4810	-0.589		
4811	-0.573		
4812	-0.556		
4813	-0.571		
4814	-0.602		
4815	-0.633		
4816	-0.665		
4817	-0.696		
4818	-0.727		
4819	-0.758		
4820	-0.790		
4821	-0.821		
4822	-0.852		
4823	-0.883		
4824	-0.886		
4825	-0.855		
4826	-0.825		
4827	-0.794		
4828	-0.764		
4829	-0.733		
4830	-0.703		
4831	-0.672		
4832	-0.642		
4833	-0.611		
4834	-0.581		
4835	-0.550		
4836	-0.521		
4837	-0.493		
4838	-0.464		
4839	-0.436		
4840	-0.407		
4841	-0.354		
4842	-0.264		
4843	-0.173		
4844	-0.082		
4845	0.009		
4846	0.100		
4847	0.112		
4848	0.028		
4849	-0.056		
4850	-0.140		
4851	-0.224		
4852	-0.308		
4853	-0.392		
4854	-0.476		
4855	-0.560		
4856	-0.644		
4857	-0.728		
4858	-0.812		
4859	-0.896		
4860	-0.980		
4861	-1.064		
4862	-1.148		
4863	-1.172		
4864	-1.159		
4865	-1.146		
4866	-1.134		
4867	-1.121		
4868	-1.108		
4869	-1.095		
4870	-1.082		
4871	-1.070		
4872	-1.057		
4873	-1.044		
4874	-1.031		
4875	-1.018		
4876	-1.006		
4877	-0.993		
4878	-0.980		
4879	-0.920		
4880	-0.859		
4881	-0.799		
4882	-0.738		
4883	-0.678		
4884	-0.618		
4885	-0.557		
4886	-0.497		
4887	-0.475		
4888	-0.484		
4889	-0.493		
4890	-0.502		
4891	-0.511		
4892	-0.520		
4893	-0.529		
4894	-0.538		
4895	-0.547		
4896	-0.556		
4897	-0.572		
4898	-0.594		
4899	-0.616		
4900	-0.638		
4901	-0.660		
4902	-0.683		
4903	-0.705		
4904	-0.711		
4905	-0.683		
4906	-0.655		
4907	-0.627		
4908	-0.598		
4909	-0.570		
4910	-0.607		
4911	-0.644		
4912	-0.681		
4913	-0.718		
4914	-0.755		
4915	-0.791		
4916	-0.828		
4917	-0.868		
4918	-0.910		
4919	-0.951		
4920	-0.979		
4921	-0.976		
4922	-0.973		
4923	-0.970		
4924	-1.046		
4925	-1.130		
4926	-1.214		
4927	-1.298		
4928	-1.382		
4929	-1.466		
4930	-1.550		
4931	-1.474		
4932	-1.398		
4933	-1.322		
4934	-1.245		
4935	-1.169		
4936	-1.094		
4937	-1.022		
4938	-0.951		
4939	-0.879		
4940	-0.807		
4941	-0.736		
4942	-0.691		
4943	-0.742		
4944	-0.793		
4945	-0.844		
4946	-0.895		
4947	-0.946		
4948	-0.997		
4949	-1.047		
4950	-1.098		
4951	-1.149		
4952	-1.200		
4953	-1.114		
4954	-1.028		
4955	-0.942		
4956	-0.856		
4957	-0.770		
4958	-0.723		
4959	-0.851		
4960	-0.979		
4961	-1.107		
4962	-1.236		
4963	-1.364		
4964	-1.492		
4965	-1.554		
4966	-1.470		
4967	-1.386		
4968	-1.302		
4969	-1.219		
4970	-1.075		
4971	-0.881		
4972	-0.688		
4973	-0.494		
4974	-0.300		
4975	-0.352		
4976	-0.404		
4977	-0.456		
4978	-0.508		
4979	-0.560		
4980	-0.612		
4981	-0.664		
4982	-0.716		
4983	-0.768		
4984	-0.820		
4985	-0.873		
4986	-0.911		
4987	-0.935		
4988	-0.959		
4989	-0.983		
4990	-1.006		
4991	-1.031		
4992	-1.114		
4993	-1.196		
4994	-1.279		
4995	-1.362		
4996	-1.445		
4997	-1.527		
4998	-1.610		
4999	-1.485		
5000	-1.359		
5001	-1.234		
5002	-1.108		
5003	-0.983		
5004	-0.857		
5005	-0.732		
5006	-0.607		
5007	-0.528		
5008	-0.477		
5009	-0.427		
5010	-0.376		
5011	-0.325		
5012	-0.274		
5013	-0.264		
5014	-0.338		
5015	-0.412		
5016	-0.486		
5017	-0.560		
5018	-0.589		
5019	-0.601		
5020	-0.613		
5021	-0.626		
5022	-0.638		
5023	-0.650		
5024	-0.751		
5025	-0.852		
5026	-0.952		
5027	-1.053		
5028	-1.154		
5029	-1.255		
5030	-1.213		
5031	-1.095		
5032	-0.976		
5033	-0.858		
5034	-0.740		
5035	-0.868		
5036	-1.046		
5037	-1.224		
5038	-1.401		
5039	-1.322		
5040	-1.194		
5041	-1.065		
5042	-0.937		
5043	-0.808		
5044	-0.680		
5045	-0.602		
5046	-0.523		
5047	-0.445		
5048	-0.366		
5049	-0.288		
5050	-0.209		
5051	-0.131		
5052	-0.070		
5053	-0.068		
5054	-0.067		
5055	-0.065		
5056	-0.064		
5057	-0.062		
5058	-0.060		
5059	-0.116		
5060	-0.194		
5061	-0.272		
5062	-0.350		
5063	-0.393		
5064	-0.415		
5065	-0.437		
5066	-0.458		
5067	-0.480		
5068	-0.542		
5069	-0.604		
5070	-0.666		
5071	-0.728		
5072	-0.790		
5073	-0.854		
5074	-0.956		
5075	-1.059		
5076	-1.161		
5077	-1.263		
5078	-1.124		
5079	-0.969		
5080	-0.813		
5081	-0.679		
5082	-0.785		
5083	-0.891		
5084	-0.996		
5085	-1.102		
5086	-1.208		
5087	-1.314		
5088	-1.420		
5089	-1.362		
5090	-1.304		
5091	-1.246		
5092	-1.188		
5093	-1.130		
5094	-1.072		
5095	-1.014		
5096	-0.956		
5097	-0.892		
5098	-0.826		
5099	-0.760		
5100	-0.694		
5101	-0.628		
5102	-0.562		
5103	-0.512		
5104	-0.490		
5105	-0.468		
5106	-0.447		
5107	-0.425		
5108	-0.460		
5109	-0.616		
5110	-0.771		
5111	-0.927		
5112	-1.083		
5113	-1.239		
5114	-1.394		
5115	-1.550		
5116	-1.460		
5117	-1.369		
5118	-1.279		
5119	-1.189		
5120	-1.098		
5121	-1.008		
5122	-0.917		
5123	-0.852		
5124	-0.861		
5125	-0.869		
5126	-0.877		
5127	-0.886		
5128	-0.894		
5129	-0.919		
5130	-0.980		
5131	-1.040		
5132	-1.100		
5133	-1.160		
5134	-1.269		
5135	-1.387		
5136	-1.505		
5137	-1.622		
5138	-1.740		
5139	-1.605		
5140	-1.469		
5141	-1.334		
5142	-1.198		
5143	-1.063		
5144	-0.927		
5145	-0.886		
5146	-0.939		
5147	-0.991		
5148	-1.043		
5149	-1.096		
5150	-1.148		
5151	-1.093		
5152	-1.007		
5153	-0.920		
5154	-0.883		
5155	-1.050		
5156	-1.218		
5157	-1.385		
5158	-1.553		
5159	-1.720		
5160	-1.571		
5161	-1.423		
5162	-1.274		
5163	-1.125		
5164	-0.976		
5165	-0.828		
5166	-0.788		
5167	-0.784		
5168	-0.781		
5169	-0.778		
5170	-0.775		
5171	-0.772		
5172	-0.794		
5173	-0.843		
5174	-0.892		
5175	-0.942		
5176	-0.992		
5177	-1.124		
5178	-1.256		
5179	-1.388		
5180	-1.520		
5181	-1.531		
5182	-1.542		
5183	-1.553		
5184	-1.564		
5185	-1.575		
5186	-1.529		
5187	-1.430		
5188	-1.330		
5189	-1.231		
5190	-1.131		
5191	-1.047		
5192	-0.966		
5193	-0.885		
5194	-0.804		
5195	-0.724		
5196	-0.797		
5197	-0.878		
5198	-0.959		
5199	-1.040		
5200	-0.955		
5201	-0.871		
5202	-0.786		
5203	-0.702		
5204	-0.617		
5205	-0.532		
5206	-0.448		
5207	-0.363		
5208	-0.279		
5209	-0.244		
5210	-0.278		
5211	-0.312		
5212	-0.346		
5213	-0.380		
5214	-0.413		
5215	-0.447		
5216	-0.481		
5217	-0.515		
5218	-0.548		
5219	-0.582		
5220	-0.616		
5221	-0.650		
5222	-0.684		
5223	-0.695		
5224	-0.702		
5225	-0.708		
5226	-0.714		
5227	-0.721		
5228	-0.727		
5229	-0.733		
5230	-0.738		
5231	-0.744		
5232	-0.749		
5233	-0.755		
5234	-0.760		
5235	-0.760		
5236	-0.760		
5237	-0.760		
5238	-0.760		
5239	-0.760		
5240	-0.760		
5241	-0.778		
5242	-0.797		
5243	-0.817		
5244	-0.810		
5245	-0.747		
5246	-0.683		
5247	-0.619		
5248	-0.607		
5249	-0.618		
5250	-0.628		
5251	-0.639		
5252	-0.649		
5253	-0.660		
5254	-0.688		
5255	-0.715		
5256	-0.743		
5257	-0.792		
5258	-0.881		
5259	-0.971		
5260	-1.060		
5261	-1.149		
5262	-1.238		
5263	-1.276		
5264	-1.268		
5265	-1.260		
5266	-1.252		
5267	-1.244		
5268	-1.236		
5269	-1.253		
5270	-1.327		
5271	-1.401		
5272	-1.476		
5273	-1.550		
5274	-1.380		
5275	-1.210		
5276	-1.040		
5277	-0.893		
5278	-0.817		
5279	-0.742		
5280	-0.666		
5281	-0.647		
5282	-0.657		
5283	-0.667		
5284	-0.678		
5285	-0.740		
5286	-0.816		
5287	-0.892		
5288	-0.968		
5289	-1.044		
5290	-1.120		
5291	-1.043		
5292	-0.966		
5293	-0.889		
5294	-0.812		
5295	-0.735		
5296	-0.693		
5297	-0.668		
5298	-0.643		
5299	-0.625		
5300	-0.678		
5301	-0.731		
5302	-0.783		
5303	-0.836		
5304	-0.888		
5305	-0.920		
5306	-0.946		
5307	-0.972		
5308	-0.998		
5309	-1.024		
5310	-1.050		
5311	-1.039		
5312	-1.028		
5313	-1.017		
5314	-1.006		
5315	-0.995		
5316	-0.937		
5317	-0.835		
5318	-0.733		
5319	-0.630		
5320	-0.528		
5321	-0.534		
5322	-0.563		
5323	-0.591		
5324	-0.620		
5325	-0.656		
5326	-0.709		
5327	-0.762		
5328	-0.723		
5329	-0.637		
5330	-0.550		
