Vial	Depth	Age	Core	CalciteDelta13O	CalciteDelta18O	SideriteDelta13O	SideriteDelta18O	Lakewater
NA	1	0	Co1262	NA	NA	NA	NA	-4.06
NA	3	0.027	Co1262	NA	NA	NA	NA	-3.85
NA	5	0.055	Co1262	NA	NA	NA	NA	-3.83
NA	7	0.082	Co1262	NA	NA	NA	NA	-3.82
NA	9	0.109	Co1262	NA	NA	NA	NA	-3.86
NA	11	0.137	Co1262	NA	NA	NA	NA	-3.93
NA	13	0.164	Co1262	NA	NA	NA	NA	-3.72
NA	15	0.192	Co1262	NA	NA	NA	NA	-3.82
NA	17	0.22	Co1262	NA	NA	NA	NA	-3.86
NA	19	0.247	Co1262	NA	NA	NA	NA	-3.86
NA	21	0.275	Co1262	NA	NA	NA	NA	-3.9
NA	23	0.303	Co1262	NA	NA	NA	NA	-4.15
NA	25	0.33	Co1262	NA	NA	NA	NA	-4.27
NA	27	0.358	Co1262	NA	NA	NA	NA	-4.03
NA	29	0.386	Co1262	NA	NA	NA	NA	-4.16
NA	31	0.414	Co1262	NA	NA	NA	NA	-3.85
NA	33	0.442	Co1262	NA	NA	NA	NA	-3.72
NA	35	0.47	Co1262	NA	NA	NA	NA	-3.79
NA	37	0.497	Co1262	NA	NA	NA	NA	-3.77
NA	39	0.525	Co1262	NA	NA	NA	NA	-3.66
NA	41	0.553	Co1262	NA	NA	NA	NA	-3.78
NA	43	0.58	Co1262	NA	NA	NA	NA	-3.7
NA	45	0.608	Co1262	NA	NA	NA	NA	-3.73
NA	47	0.636	Co1262	NA	NA	NA	NA	-3.83
NA	49	0.663	Co1262	NA	NA	NA	NA	-3.61
NA	51	0.69	Co1262	NA	NA	NA	NA	-3.52
NA	53	0.717	Co1262	NA	NA	NA	NA	-3.61
NA	55	0.744	Co1262	NA	NA	NA	NA	-3.55
NA	57	0.771	Co1262	NA	NA	NA	NA	-3.93
NA	59	0.798	Co1262	NA	NA	NA	NA	-3.81
NA	61	0.825	Co1262	NA	NA	NA	NA	-3.56
NA	63	0.851	Co1262	NA	NA	NA	NA	-3.72
NA	65	0.878	Co1262	NA	NA	NA	NA	-3.84
NA	67	0.904	Co1262	NA	NA	NA	NA	-3.69
NA	69	0.929	Co1262	NA	NA	NA	NA	-3.84
NA	71	0.955	Co1262	NA	NA	NA	NA	-3.65
NA	73	0.981	Co1262	NA	NA	NA	NA	-3.7
NA	75	1.006	Co1262	NA	NA	NA	NA	-3.82
NA	77	1.031	Co1262	NA	NA	NA	NA	-3.65
NA	79	1.056	Co1262	NA	NA	NA	NA	-3.7
NA	81	1.08	Co1262	NA	NA	NA	NA	-3.84
NA	83	1.104	Co1262	NA	NA	NA	NA	-3.83
NA	85	1.128	Co1262	NA	NA	NA	NA	-3.66
NA	87	1.152	Co1262	NA	NA	NA	NA	-3.82
NA	89	1.175	Co1262	NA	NA	NA	NA	-3.72
NA	91	1.198	Co1262	NA	NA	NA	NA	-3.79
NA	93	1.221	Co1262	NA	NA	NA	NA	-3.92
NA	95	1.243	Co1262	NA	NA	NA	NA	-3.78
NA	97	1.265	Co1262	NA	NA	NA	NA	-3.99
NA	99	1.287	Co1262	NA	NA	NA	NA	-4
NA	101	1.308	Co1262	NA	NA	NA	NA	-3.97
NA	103	1.329	Co1262	NA	NA	NA	NA	-4.1
NA	105	1.349	Co1262	NA	NA	NA	NA	-4.05
NA	107	1.369	Co1262	NA	NA	NA	NA	-3.95
NA	109	1.389	Co1262	NA	NA	NA	NA	-4.01
NA	111	1.408	Co1262	NA	NA	NA	NA	-3.97
NA	113	1.427	Co1262	NA	NA	NA	NA	-4
NA	115	1.446	Co1262	NA	NA	NA	NA	-4.04
NA	117	1.464	Co1262	NA	NA	NA	NA	-4.04
NA	119	1.481	Co1262	NA	NA	NA	NA	-4.12
NA	123	1.515	Co1262	NA	NA	NA	NA	-3.96
NA	125	1.531	Co1262	NA	NA	NA	NA	-4.1
NA	127	1.546	Co1262	NA	NA	NA	NA	-4.16
NA	129	1.561	Co1262	NA	NA	NA	NA	-4.17
NA	131	1.576	Co1262	NA	NA	NA	NA	-4.07
NA	133	1.59	Co1262	NA	NA	NA	NA	-4.15
NA	135	1.604	Co1262	NA	NA	NA	NA	-4.07
NA	137	1.618	Co1262	NA	NA	NA	NA	-4.23
NA	139	1.631	Co1262	NA	NA	NA	NA	-4.29
NA	141	1.643	Co1262	NA	NA	NA	NA	-4.28
NA	143	1.656	Co1262	NA	NA	NA	NA	-4.17
NA	145	1.668	Co1262	NA	NA	NA	NA	-4.41
NA	147	1.68	Co1262	NA	NA	NA	NA	-4.8
NA	149	1.692	Co1262	NA	NA	NA	NA	-4.66
NA	151	1.703	Co1262	NA	NA	NA	NA	-4.19
NA	153	1.714	Co1262	NA	NA	NA	NA	-4.06
NA	155	1.725	Co1262	NA	NA	NA	NA	-3.99
NA	157	1.736	Co1262	NA	NA	NA	NA	-4.15
NA	159	1.747	Co1262	NA	NA	NA	NA	-4.14
NA	161	1.757	Co1262	NA	NA	NA	NA	-4.15
NA	163	1.768	Co1262	NA	NA	NA	NA	-4.38
NA	165	1.778	Co1262	NA	NA	NA	NA	-4.08
NA	167	1.788	Co1262	NA	NA	NA	NA	-4.02
NA	169	1.798	Co1262	NA	NA	NA	NA	-4.04
NA	171	1.808	Co1262	NA	NA	NA	NA	-4.15
NA	173	1.818	Co1262	NA	NA	NA	NA	-4.1
NA	175	1.828	Co1262	NA	NA	NA	NA	-4.11
NA	177	1.838	Co1262	NA	NA	NA	NA	-3.97
NA	179	1.848	Co1262	NA	NA	NA	NA	-4.01
NA	181	1.858	Co1262	NA	NA	NA	NA	-4.16
NA	183	1.868	Co1262	NA	NA	NA	NA	-4.12
NA	185	1.878	Co1262	NA	NA	NA	NA	-4.47
NA	187	1.888	Co1262	NA	NA	NA	NA	-4.17
NA	189	1.898	Co1262	NA	NA	NA	NA	-4.28
NA	191	1.909	Co1262	NA	NA	NA	NA	-4.15
NA	193	1.919	Co1262	NA	NA	NA	NA	-4.21
NA	195	1.93	Co1262	NA	NA	NA	NA	-4
NA	197	1.941	Co1262	NA	NA	NA	NA	-4.25
NA	199	1.952	Co1262	NA	NA	NA	NA	-4.19
NA	200	1.957	Co1262	NA	NA	NA	NA	-4.16
NA	202	1.969	Co1262	NA	NA	NA	NA	-3.98
NA	204	1.981	Co1262	NA	NA	NA	NA	-3.51
NA	206	1.992	Co1262	NA	NA	NA	NA	-4.08
NA	208	2.005	Co1262	NA	NA	NA	NA	-4.07
NA	210	2.017	Co1262	NA	NA	NA	NA	-3.91
NA	213	2.036	Co1262	NA	NA	NA	NA	-4.24
NA	215	2.05	Co1262	NA	NA	NA	NA	-4.4
NA	217	2.063	Co1262	NA	NA	NA	NA	-4.13
NA	219	2.077	Co1262	NA	NA	NA	NA	-4.09
NA	221	2.092	Co1262	NA	NA	NA	NA	-3.96
NA	223	2.107	Co1262	NA	NA	NA	NA	-4
NA	225	2.122	Co1262	NA	NA	NA	NA	-4.1
NA	227	2.138	Co1262	NA	NA	NA	NA	-4.21
NA	229	2.154	Co1262	NA	NA	NA	NA	-4.1
NA	231	2.171	Co1262	NA	NA	NA	NA	-4.1
NA	233	2.188	Co1262	NA	NA	NA	NA	-4.23
NA	235	2.206	Co1262	NA	NA	NA	NA	-4.38
NA	237	2.224	Co1262	NA	NA	NA	NA	-4.16
NA	239	2.243	Co1262	NA	NA	NA	NA	-4.32
NA	241	2.263	Co1262	NA	NA	NA	NA	-4.55
NA	243	2.283	Co1262	NA	NA	NA	NA	-4.41
NA	245	2.303	Co1262	NA	NA	NA	NA	-4.33
NA	247	2.324	Co1262	NA	NA	NA	NA	-4.54
NA	249	2.346	Co1262	NA	NA	NA	NA	-4.51
NA	251	2.369	Co1262	NA	NA	NA	NA	-4.44
NA	253	2.392	Co1262	NA	NA	NA	NA	-4.54
NA	255	2.416	Co1262	NA	NA	NA	NA	-4.5
NA	257	2.44	Co1262	NA	NA	NA	NA	-4.32
NA	259	2.465	Co1262	NA	NA	NA	NA	-4.38
NA	261	2.491	Co1262	NA	NA	NA	NA	-4.36
NA	263	2.517	Co1262	NA	NA	NA	NA	-4.27
NA	265	2.544	Co1262	NA	NA	NA	NA	-4.21
NA	267	2.572	Co1262	NA	NA	NA	NA	-4.12
NA	269	2.6	Co1262	NA	NA	NA	NA	-4.15
NA	271	2.629	Co1262	NA	NA	NA	NA	-4.18
NA	273	2.658	Co1262	NA	NA	NA	NA	-4.17
NA	275	2.689	Co1262	NA	NA	NA	NA	-4.12
NA	277	2.72	Co1262	NA	NA	NA	NA	-4.17
NA	279	2.752	Co1262	NA	NA	NA	NA	-4.3
NA	281	2.784	Co1262	NA	NA	NA	NA	-4.4
NA	283	2.817	Co1262	NA	NA	NA	NA	-4.58
NA	285	2.851	Co1262	NA	NA	NA	NA	-4.62
NA	287	2.885	Co1262	NA	NA	NA	NA	-4.61
NA	289	2.921	Co1262	NA	NA	NA	NA	-4.62
NA	291	2.957	Co1262	NA	NA	NA	NA	-4.64
NA	293	2.993	Co1262	NA	NA	NA	NA	-4.63
NA	295	3.031	Co1262	NA	NA	NA	NA	-4.6
NA	297	3.069	Co1262	NA	NA	NA	NA	-4.54
NA	299	3.108	Co1262	NA	NA	NA	NA	-4.66
NA	301	3.148	Co1262	NA	NA	NA	NA	-4.69
NA	303	3.188	Co1262	NA	NA	NA	NA	-4.71
NA	305	3.229	Co1262	NA	NA	NA	NA	-4.7
NA	307	3.271	Co1262	NA	NA	NA	NA	-4.83
NA	309	3.314	Co1262	NA	NA	NA	NA	-4.65
NA	311	3.358	Co1262	NA	NA	NA	NA	-4.62
NA	313	3.402	Co1262	NA	NA	NA	NA	-4.67
NA	315	3.447	Co1262	NA	NA	NA	NA	-4.56
NA	317	3.493	Co1262	NA	NA	NA	NA	-4.44
NA	319	3.54	Co1262	NA	NA	NA	NA	-4.44
NA	321	3.587	Co1262	NA	NA	NA	NA	-4.51
NA	323	3.635	Co1262	NA	NA	NA	NA	-4.56
NA	325	3.684	Co1262	NA	NA	NA	NA	-4.53
NA	327	3.734	Co1262	NA	NA	NA	NA	-4.51
NA	329	3.785	Co1262	NA	NA	NA	NA	-4.51
NA	331	3.837	Co1262	NA	NA	NA	NA	-4.58
NA	333	3.889	Co1262	NA	NA	NA	NA	-4.56
NA	335	3.943	Co1262	NA	NA	NA	NA	-4.47
NA	337	3.999	Co1262	NA	NA	NA	NA	-4.54
NA	339	4.055	Co1262	NA	NA	NA	NA	-4.63
NA	341	4.113	Co1262	NA	NA	NA	NA	-4.61
NA	345	4.232	Co1262	NA	NA	NA	NA	-4.66
NA	347	4.294	Co1262	NA	NA	NA	NA	-4.64
NA	349	4.357	Co1262	NA	NA	NA	NA	-4.5
NA	351	4.421	Co1262	NA	NA	NA	NA	-4.62
NA	353	4.487	Co1262	NA	NA	NA	NA	-4.62
NA	355	4.554	Co1262	NA	NA	NA	NA	-4.71
NA	357	4.622	Co1262	NA	NA	NA	NA	-4.71
NA	359	4.692	Co1262	NA	NA	NA	NA	-4.8
NA	361	4.764	Co1262	NA	NA	NA	NA	-4.6
NA	363	4.837	Co1262	NA	NA	NA	NA	-4.54
NA	365	4.911	Co1262	NA	NA	NA	NA	-4.08
NA	367	4.987	Co1262	NA	NA	NA	NA	-4.51
NA	369	5.065	Co1262	NA	NA	NA	NA	-4.6
NA	371	5.144	Co1262	NA	NA	NA	NA	-4.56
NA	373	5.224	Co1262	NA	NA	NA	NA	-4.51
NA	375	5.306	Co1262	NA	NA	NA	NA	-4.64
NA	377	5.389	Co1262	NA	NA	NA	NA	-4.68
NA	379	5.473	Co1262	NA	NA	NA	NA	-4.87
NA	381	5.558	Co1262	NA	NA	NA	NA	-4.98
NA	383	5.644	Co1262	NA	NA	NA	NA	-4.88
NA	385	5.731	Co1262	NA	NA	NA	NA	-5.07
NA	387	5.818	Co1262	NA	NA	NA	NA	-4.97
NA	389	5.906	Co1262	NA	NA	NA	NA	-5.11
NA	391	5.994	Co1262	NA	NA	NA	NA	-5.15
NA	393	6.082	Co1262	NA	NA	NA	NA	-5.21
NA	395	6.171	Co1262	NA	NA	NA	NA	-5.02
NA	397	6.26	Co1262	NA	NA	NA	NA	-5.14
NA	399	6.349	Co1262	NA	NA	NA	NA	-5.22
NA	401	6.437	Co1262	NA	NA	NA	NA	-5.3
NA	403	6.526	Co1262	NA	NA	NA	NA	-5.23
NA	405	6.614	Co1262	NA	NA	NA	NA	-5.4
NA	407	6.701	Co1262	NA	NA	NA	NA	-5.47
NA	409	6.788	Co1262	NA	NA	NA	NA	-5.32
NA	411	6.875	Co1262	NA	NA	NA	NA	-5.34
NA	415	7.045	Co1262	NA	NA	NA	NA	-5.38
NA	417	7.129	Co1262	NA	NA	NA	NA	-5.27
NA	419	7.212	Co1262	NA	NA	NA	NA	-5.23
NA	421	7.293	Co1262	NA	NA	NA	NA	-5.23
NA	423	7.373	Co1262	NA	NA	NA	NA	-4.98
NA	425	7.452	Co1262	NA	NA	NA	NA	-5.01
NA	427	7.529	Co1262	NA	NA	NA	NA	-5.04
NA	429	7.605	Co1262	NA	NA	NA	NA	-5.11
NA	431	7.679	Co1262	NA	NA	NA	NA	-5.18
NA	433	7.751	Co1262	NA	NA	NA	NA	-5.31
NA	435	7.821	Co1262	NA	NA	NA	NA	-5.28
NA	437	7.889	Co1262	NA	NA	NA	NA	-5.33
NA	439	7.954	Co1262	NA	NA	NA	NA	-5.07
NA	441	8.018	Co1262	NA	NA	NA	NA	-5.23
NA	443	8.079	Co1262	NA	NA	NA	NA	-5.39
NA	445	8.137	Co1262	NA	NA	NA	NA	-5.23
NA	447	8.193	Co1262	NA	NA	NA	NA	-5.32
NA	449	8.246	Co1262	NA	NA	NA	NA	-5.31
NA	451	8.297	Co1262	NA	NA	NA	NA	-5.49
NA	453	8.344	Co1262	NA	NA	NA	NA	-5.45
NA	455	8.389	Co1262	NA	NA	NA	NA	-5.4
NA	457	8.432	Co1262	NA	NA	NA	NA	-5.45
NA	459	8.472	Co1262	NA	NA	NA	NA	-5.43
NA	461	8.51	Co1262	NA	NA	NA	NA	-5.6
NA	463	8.546	Co1262	NA	NA	NA	NA	-5.35
NA	465	8.58	Co1262	NA	NA	NA	NA	-5.26
NA	467	8.612	Co1262	NA	NA	NA	NA	-5.31
NA	469	8.642	Co1262	NA	NA	NA	NA	-5.3
NA	471	8.671	Co1262	NA	NA	NA	NA	-5.45
NA	473	8.698	Co1262	NA	NA	NA	NA	-5.62
NA	475	8.723	Co1262	NA	NA	NA	NA	-5.72
NA	477	8.748	Co1262	NA	NA	NA	NA	-5.6
NA	479	8.771	Co1262	NA	NA	NA	NA	-5.52
NA	481	8.793	Co1262	NA	NA	NA	NA	-5.39
NA	483	8.814	Co1262	NA	NA	NA	NA	-5.53
NA	485	8.835	Co1262	NA	NA	NA	NA	-4.9
NA	487	8.855	Co1262	NA	NA	NA	NA	-4.86
NA	489	8.874	Co1262	NA	NA	NA	NA	-5.35
NA	491	8.893	Co1262	NA	NA	NA	NA	-5.59
NA	493	8.911	Co1262	NA	NA	NA	NA	-6
NA	495	8.929	Co1262	NA	NA	NA	NA	-5.86
NA	497	8.947	Co1262	NA	NA	NA	NA	-3.92
NA	505	9.022	Co1262	NA	NA	NA	NA	-4.32
NA	507	9.041	Co1262	NA	NA	NA	NA	-4.65
NA	509	9.061	Co1262	NA	NA	NA	NA	-4.47
NA	511	9.081	Co1262	NA	NA	NA	NA	-4.99
NA	513	9.102	Co1262	NA	NA	NA	NA	-5.78
NA	515	9.123	Co1262	NA	NA	NA	NA	-5.65
NA	517	9.144	Co1262	NA	NA	NA	NA	-4.51
NA	569	9.775	Co1262	NA	NA	NA	NA	-3.4
NA	571	9.801	Co1262	NA	NA	NA	NA	-4.69
NA	573	9.827	Co1262	NA	NA	NA	NA	-4.01
NA	575	9.853	Co1262	NA	NA	NA	NA	-4.31
NA	577	9.879	Co1262	NA	NA	NA	NA	-3.47
NA	579	9.905	Co1262	NA	NA	NA	NA	-3.32
NA	581	9.931	Co1262	NA	NA	NA	NA	-3.81
NA	583	9.957	Co1262	NA	NA	NA	NA	-4.69
NA	585	9.983	Co1262	NA	NA	NA	NA	-4.75
NA	587	10.009	Co1262	NA	NA	NA	NA	-3.99
NA	589	10.035	Co1262	NA	NA	NA	NA	-4.35
NA	591	10.061	Co1262	NA	NA	NA	NA	-4.56
NA	593.5	10.093	Co1262	NA	NA	NA	NA	-4.45
NA	597.5	10.144	Co1262	NA	NA	NA	NA	-2.31
NA	599.5	10.169	Co1262	NA	NA	NA	NA	-2.21
NA	601.5	10.194	Co1262	NA	NA	NA	NA	-3.58
NA	607	10.264	Co1262	NA	NA	NA	NA	-4.9
34	6.23	16.8302	DEEP	NA	NA	11.11	-3.73	-7.85
82	13.87	33.3889	DEEP	NA	NA	11.32	-3.64	-7.76
89	14.99	36.4615	DEEP	NA	NA	11.3	-4.34	-8.46
97	16.27	39.2524	DEEP	NA	NA	12.03	-3.84	-7.96
98	16.43	39.48615	DEEP	NA	NA	11.75	-4.8	-8.92
102	17.23	40.5473	DEEP	NA	NA	11.48	-4.95	-9.07
105	17.71	41.5375	DEEP	NA	NA	12.28	-3.27	-7.39
117	19.63	46.0366	DEEP	NA	NA	12.49	-3.4	-7.52
118	19.79	46.44085	DEEP	NA	NA	12.64	-3.54	-7.67
121	20.27	47.649	DEEP	NA	NA	12.76	-2.99	-7.12
139	23.15	56.16105	DEEP	NA	NA	13.02	-2.48	-6.61
151	25.07	62.03465	DEEP	NA	NA	10.69	-3.52	-7.65
160	26.51	65.56355	DEEP	NA	NA	12.13	-3.39	-7.52
168	27.79	69.047	DEEP	NA	NA	11.91	-2.45	-6.58
171	28.27	70.33185	DEEP	NA	NA	11.35	-2.86	-6.99
172	28.43	70.7599	DEEP	NA	NA	10.79	-2.61	-6.74
173	28.59	71.18815	DEEP	NA	NA	11.96	-2.75	-6.88
174	28.75	71.6122	DEEP	NA	NA	12.18	-2.98	-7.1
182	30.03	75.0044	DEEP	NA	NA	12.39	-2.92	-7.04
183	30.19	75.4045	DEEP	NA	NA	12.93	-2.57	-6.7
184	30.35	75.80565	DEEP	NA	NA	11.52	-5.04	-9.16
185	30.51	76.20125	DEEP	NA	NA	12.91	-2.48	-6.61
193	31.79	79.196	DEEP	NA	NA	11.02	-5.23	-9.35
194	31.95	79.5348	DEEP	NA	NA	11.76	-4.11	-8.23
197	32.43	80.54485	DEEP	0.8	-2.28	NA	NA	-1.77
198	32.59	80.87775	DEEP	0.99	-4.43	NA	NA	-3.92
199	32.75	81.2155	DEEP	1.21	-4.08	NA	NA	-3.58
200	32.91	81.56275	DEEP	0.65	-4.86	NA	NA	-4.35
201	33.07	81.8998	DEEP	0.53	-4.98	NA	NA	-4.47
202	33.23	82.2367	DEEP	0.47	-5.44	NA	NA	-4.93
203	33.39	82.58285	DEEP	0.46	-5.79	NA	NA	-5.29
204	33.55	82.9296	DEEP	0.68	-5.04	NA	NA	-4.53
205	33.71	83.2674	DEEP	0.7	-5.11	NA	NA	-4.61
206	33.87	83.6042	DEEP	0.79	-5.2	NA	NA	-4.69
207	34.03	83.97765	DEEP	0.81	-5.08	NA	NA	-4.57
208	34.19	84.36715	DEEP	0.9	-4.93	NA	NA	-4.42
209	34.35	84.76815	DEEP	0.91	-4.9	NA	NA	-4.4
210	34.51	85.17155	DEEP	1.01	-5.04	NA	NA	-4.53
211	34.67	85.57615	DEEP	1.35	-4.71	NA	NA	-4.2
212	34.83	85.9804	DEEP	1.2	-3.93	NA	NA	-3.42
213	34.99	86.38485	DEEP	2	-3.86	NA	NA	-3.35
214	35.15	86.7925	DEEP	2.99	-3.69	NA	NA	-3.18
215	35.31	87.1898	DEEP	2.38	-3.61	NA	NA	-3.11
216	35.47	87.6003	DEEP	1.82	-3.27	NA	NA	-2.77
217	35.63	88.00535	DEEP	2	-2.64	NA	NA	-2.14
220	36.11	89.25885	DEEP	1.78	-3.99	NA	NA	-3.48
221	36.27	89.6662	DEEP	0.9	-4.98	NA	NA	-4.47
222	36.43	90.084	DEEP	0.45	-4.94	NA	NA	-4.43
223	36.59	90.5196	DEEP	0.08	-6	NA	NA	-5.49
224	36.75	91.04005	DEEP	-0.11	-5.83	NA	NA	-5.32
225	36.91	91.56205	DEEP	-0.21	-5.62	NA	NA	-5.11
226	37.07	92.0829	DEEP	-0.07	-4.39	NA	NA	-3.89
227	37.23	92.6063	DEEP	0.02	-3.67	NA	NA	-3.16
228	37.39	93.1293	DEEP	0.2	-3.73	NA	NA	-3.22
229	37.55	93.65285	DEEP	-0.22	-6.04	NA	NA	-5.53
230	37.71	94.1788	DEEP	0.06	-4.89	NA	NA	-4.38
231	37.87	94.6863	DEEP	0.75	-4.94	NA	NA	-4.44
232	38.03	95.1053	DEEP	1.15	-4.31	NA	NA	-3.81
233	38.19	95.5252	DEEP	0.41	-4.34	NA	NA	-3.83
234	38.35	95.9476	DEEP	1.46	-4.47	NA	NA	-3.97
235	38.51	96.3614	DEEP	-0.09	-5.54	NA	NA	-5.03
236	38.67	96.78375	DEEP	-0.12	-4.9	NA	NA	-4.4
237	38.83	97.21385	DEEP	0.01	-5.48	NA	NA	-4.98
238	38.99	97.6264	DEEP	0.38	-5.31	NA	NA	-4.8
239	39.15	98.0382	DEEP	-0.29	-4.12	NA	NA	-3.62
240	39.31	98.4785	DEEP	-0.21	-5.2	NA	NA	-4.69
241	39.47	98.91525	DEEP	0.04	-5.18	NA	NA	-4.67
242	39.62	99.3242	DEEP	0.09	-5.05	NA	NA	-4.54
243	39.79	99.79165	DEEP	0.25	-4.45	NA	NA	-3.94
244	39.95	100.23025	DEEP	0.12	-5.2	NA	NA	-4.7
245	40.11	100.67275	DEEP	0.11	-5.31	NA	NA	-4.8
246	40.27	101.1139	DEEP	0.26	-5.5	NA	NA	-4.99
247	40.43	101.5547	DEEP	-0.35	-4.74	NA	NA	-4.23
248	40.59	101.9166	DEEP	0.08	-6.07	NA	NA	-5.56
249	40.75	102.2676	DEEP	0.22	-6.26	NA	NA	-5.75
250	40.91	102.6243	DEEP	0.63	-5.43	NA	NA	-4.92
251	41.07	102.9788	DEEP	1.22	-5.1	NA	NA	-4.59
252	41.23	103.3274	DEEP	1.13	-5.31	NA	NA	-4.8
253	41.39	103.6874	DEEP	1.4	-4.6	NA	NA	-4.09
254	41.55	104.03795	DEEP	0.73	-4.1	NA	NA	-3.59
255	41.71	104.3903	DEEP	0.51	-5.28	NA	NA	-4.78
256	41.87	104.745	DEEP	1.25	-5.62	NA	NA	-5.11
257	42.03	105.10195	DEEP	0.79	-5.9	NA	NA	-5.39
258	42.19	105.4634	DEEP	0.42	-5.92	NA	NA	-5.41
259	42.35	105.8263	DEEP	0.89	-5.61	NA	NA	-5.1
260	42.51	106.19065	DEEP	0.56	-5.26	NA	NA	-4.76
261	42.67	106.5515	DEEP	0.65	-5.51	NA	NA	-5
262	42.83	106.9183	DEEP	0.42	-4.58	NA	NA	-4.07
263	42.99	107.28075	DEEP	0.91	-3.98	NA	NA	-3.47
264	43.15	107.74685	DEEP	1.18	-2.69	NA	NA	-2.18
265	43.31	108.26875	DEEP	2.06	-3.76	NA	NA	-3.25
266	43.47	108.7978	DEEP	1.36	-3.38	NA	NA	-2.87
267	43.63	109.3262	DEEP	1.23	-4.41	NA	NA	-3.9
268	43.79	109.8521	DEEP	1.85	-3.82	NA	NA	-3.32
269	43.95	110.374	DEEP	1.19	-4.18	NA	NA	-3.67
270	44.11	110.89445	DEEP	0.86	-4.55	NA	NA	-4.05
271	44.27	111.41755	DEEP	0.71	-4.31	NA	NA	-3.81
272	44.43	111.9847	DEEP	0.5	-4.42	NA	NA	-3.91
273	44.59	112.60695	DEEP	0.68	-4.36	NA	NA	-3.85
274	44.75	113.2272	DEEP	0.53	-4.63	NA	NA	-4.12
275	44.91	113.84205	DEEP	0.1	-4.25	NA	NA	-3.74
276	45.07	114.45335	DEEP	0.21	-4.93	NA	NA	-4.42
277	45.23	115.0729	DEEP	0.3	-4.75	NA	NA	-4.24
278	45.39	115.68635	DEEP	0.26	-4.67	NA	NA	-4.16
279	45.55	116.2999	DEEP	0.29	-4.81	NA	NA	-4.3
280	45.71	116.93145	DEEP	0.37	-4.88	NA	NA	-4.37
281	45.87	117.5965	DEEP	0.46	-4.29	NA	NA	-3.78
282	46.03	118.2741	DEEP	0.21	-3.11	NA	NA	-2.6
283	46.19	118.95695	DEEP	0.61	-4.33	NA	NA	-3.82
284	46.35	119.6356	DEEP	0.32	-4.65	NA	NA	-4.15
285	46.51	120.3088	DEEP	0.39	-4.49	NA	NA	-3.98
286	46.67	120.97835	DEEP	0.21	-4.35	NA	NA	-3.84
287	46.83	121.6387	DEEP	0.12	-3.94	NA	NA	-3.44
288	46.99	122.29075	DEEP	-0.15	-4	NA	NA	-3.49
289	47.15	122.93015	DEEP	-0.43	-4.12	NA	NA	-3.61
290	47.31	123.58165	DEEP	-0.68	-4.97	NA	NA	-4.46
291	47.47	124.2302	DEEP	-0.97	-5.41	NA	NA	-4.91
292	47.62	124.8438	DEEP	-0.74	-5.46	NA	NA	-4.95
293	47.79	125.5389	DEEP	-0.4	-5.12	NA	NA	-4.61
294	47.95	126.19555	DEEP	-0.28	-4.94	NA	NA	-4.44
295	48.11	126.85895	DEEP	0.09	-5.14	NA	NA	-4.63
296	48.27	127.49935	DEEP	0.56	-5.14	NA	NA	-4.63
298	48.58	128.5892	DEEP	2.03	-3.38	NA	NA	-2.87
299	48.75	129.18805	DEEP	2.26	-3.78	NA	NA	-3.27
300	48.91	129.7491	DEEP	2.01	-3.66	NA	NA	-3.15
301	49.07	130.31445	DEEP	1.6	-3.55	NA	NA	-3.04
302	49.23	130.87765	DEEP	1.51	-2.79	NA	NA	-2.28
303	49.39	131.44265	DEEP	1.61	-2.26	NA	NA	-1.76
311	50.67	135.37915	DEEP	NA	NA	12.56	-2.49	-6.61
314	51.15	136.7294	DEEP	NA	NA	12.25	-3.33	-7.46
319	51.95	138.91755	DEEP	NA	NA	11.53	-4.12	-8.24
322	52.43	140.18325	DEEP	NA	NA	11.51	-5.41	-9.53
326	53.05	141.81955	DEEP	NA	NA	12.86	-2.03	-6.16
332	54.03	144.3748	DEEP	NA	NA	10.5	-4.76	-8.88
333	54.17	144.7371	DEEP	NA	NA	12.37	-2.73	-6.85
350	56.91	151.27805	DEEP	NA	NA	11.65	-3.76	-7.88
360	58.51	154.77425	DEEP	NA	NA	11.82	-2.64	-6.77
361	58.67	155.1083	DEEP	NA	NA	12.12	-2.4	-6.53
365	59.31	155.9085	DEEP	NA	NA	11.73	-3.23	-7.35
370	60.11	156.88215	DEEP	NA	NA	11.48	-3.5	-7.63
371	60.27	157.05425	DEEP	NA	NA	11.3	-3.66	-7.79
374	60.75	157.5916	DEEP	NA	NA	11.34	-3.37	-7.5
378	61.39	158.31055	DEEP	NA	NA	10.92	-4.65	-8.77
384	62.35	159.4586	DEEP	NA	NA	11.24	-3.7	-7.83
392	63.63	161.165	DEEP	NA	NA	12.13	-2.64	-6.77
397	64.43	162.26125	DEEP	NA	NA	11.58	-3.41	-7.53
402	65.23	163.3721	DEEP	NA	NA	11.07	-5.16	-9.28
406	65.87	164.3747	DEEP	NA	NA	10.75	-5.37	-9.49
420	68.11	167.81605	DEEP	NA	NA	11.67	-4.06	-8.19
424	68.75	168.76855	DEEP	NA	NA	11.23	-4.52	-8.64
426	69.07	169.2405	DEEP	NA	NA	10.97	-4.05	-8.17
434	70.35	171.06235	DEEP	NA	NA	11.42	-4.43	-8.55
435	70.51	171.27055	DEEP	NA	NA	11.35	-4.24	-8.36
439	71.15	172.15965	DEEP	NA	NA	10.57	-4.77	-8.89
440	71.31	172.37985	DEEP	NA	NA	11.25	-4.28	-8.4
441	71.47	172.60685	DEEP	NA	NA	11.04	-4.56	-8.68
442	71.63	172.8293	DEEP	NA	NA	10.92	-5.5	-9.62
448	72.59	174.2874	DEEP	NA	NA	11.74	-3.82	-7.94
450	72.91	174.7837	DEEP	NA	NA	11.3	-4.97	-9.09
453	73.39	175.45855	DEEP	NA	NA	11.42	-5.3	-9.41
457	74.03	176.3753	DEEP	NA	NA	11.33	-4.89	-9.01
466	75.47	178.23755	DEEP	NA	NA	11.98	-2.48	-6.61
469	75.95	178.87145	DEEP	NA	NA	11.5	-4.08	-8.2
472	76.43	179.513	DEEP	NA	NA	12.13	-2.99	-7.11
474	76.75	179.93555	DEEP	NA	NA	12.02	-4.83	-8.95
493	79.79	184.65405	DEEP	NA	NA	11.78	-2.88	-7.01
503	81.39	187.0456	DEEP	NA	NA	12.69	-2.91	-7.03
523	84.59	191.99575	DEEP	NA	NA	12.85	-2.55	-6.68
542	87.63	196.96905	DEEP	0.34	-3.36	NA	NA	-2.85
543	87.79	197.28775	DEEP	0.9	-3.88	NA	NA	-3.37
544	87.95	197.6049	DEEP	-0.08	-5.72	NA	NA	-5.22
545	88.11	197.91425	DEEP	-0.1	-5.97	NA	NA	-5.46
546	88.27	198.2315	DEEP	-0.15	-6.01	NA	NA	-5.5
547	88.43	198.55195	DEEP	0.28	-5.82	NA	NA	-5.31
548	88.59	198.8571	DEEP	1	-5.3	NA	NA	-4.8
549	88.75	199.13565	DEEP	1.02	-4.4	NA	NA	-3.89
550	88.91	199.4142	DEEP	1.62	-4.71	NA	NA	-4.2
551	89.07	199.69495	DEEP	0.16	-4.89	NA	NA	-4.39
552	89.23	199.97505	DEEP	0.24	-6.11	NA	NA	-5.61
553	89.39	200.24835	DEEP	0.29	-5.77	NA	NA	-5.26
554	89.55	200.53475	DEEP	0.53	-5.6	NA	NA	-5.09
555	89.71	200.80775	DEEP	1.05	-5.45	NA	NA	-4.94
556	89.87	201.08675	DEEP	1.33	-4.76	NA	NA	-4.25
557	90.03	201.3574	DEEP	0.72	-5.73	NA	NA	-5.23
558	90.19	201.6211	DEEP	0.49	-6.34	NA	NA	-5.83
559	90.35	201.8892	DEEP	0.63	-6.03	NA	NA	-5.52
560	90.51	202.15925	DEEP	0.35	-6.36	NA	NA	-5.85
561	90.67	202.4313	DEEP	0.7	-6.3	NA	NA	-5.8
562	90.83	202.70185	DEEP	0.64	-6.47	NA	NA	-5.96
563	90.99	202.97095	DEEP	1.09	-5.24	NA	NA	-4.74
564	91.15	203.2414	DEEP	1.16	-5.28	NA	NA	-4.77
565	91.31	203.52945	DEEP	0.67	-5.98	NA	NA	-5.47
566	91.47	203.82685	DEEP	0.91	-5.52	NA	NA	-5.01
567	91.63	204.1151	DEEP	1.15	-4.69	NA	NA	-4.19
568	91.79	204.4038	DEEP	0.95	-4.34	NA	NA	-3.84
569	91.95	204.69755	DEEP	1.57	-4.4	NA	NA	-3.89
570	92.11	204.992	DEEP	0.73	-4.61	NA	NA	-4.1
571	92.27	205.29295	DEEP	0.38	-5.01	NA	NA	-4.5
572	92.43	205.5799	DEEP	-0.01	-5.49	NA	NA	-4.98
573	92.59	206.1052	DEEP	-0.23	-5.39	NA	NA	-4.88
574	92.75	206.6666	DEEP	-0.62	-5.27	NA	NA	-4.77
575	92.91	207.2228	DEEP	-0.62	-5.93	NA	NA	-5.43
576	93.07	207.7762	DEEP	-0.34	-5.2	NA	NA	-4.69
577	93.23	208.3335	DEEP	-0.64	-5.6	NA	NA	-5.09
578	93.39	208.88755	DEEP	-0.64	-5.39	NA	NA	-4.88
579	93.55	209.4367	DEEP	-0.37	-5.16	NA	NA	-4.65
580	93.71	209.98665	DEEP	-0.72	-5.52	NA	NA	-5.02
581	93.87	210.4645	DEEP	-1.07	-6	NA	NA	-5.5
582	94.03	210.91215	DEEP	-0.68	-4.88	NA	NA	-4.37
583	94.19	211.36655	DEEP	-0.65	-4.78	NA	NA	-4.27
584	94.35	211.80895	DEEP	-0.83	-5.33	NA	NA	-4.82
585	94.51	212.25745	DEEP	-0.84	-5.16	NA	NA	-4.65
586	94.67	212.707	DEEP	-0.85	-4.99	NA	NA	-4.48
587	94.83	213.15215	DEEP	-1.09	-5.48	NA	NA	-4.97
588	94.99	213.60565	DEEP	-0.8	-5.12	NA	NA	-4.62
589	95.15	214.11995	DEEP	-1.16	-6.02	NA	NA	-5.51
590	95.31	214.69655	DEEP	-0.62	-5.11	NA	NA	-4.61
591	95.47	215.262	DEEP	-0.22	-5.24	NA	NA	-4.73
592	95.63	215.83	DEEP	-0.05	-5.22	NA	NA	-4.71
593	95.79	216.40255	DEEP	0.08	-5.69	NA	NA	-5.19
594	95.96	217.0072	DEEP	0.21	-6.24	NA	NA	-5.74
595	96.11	217.5321	DEEP	0.39	-6.22	NA	NA	-5.71
596	96.27	218.0837	DEEP	0.27	-6.37	NA	NA	-5.86
639	103.15	235.8805	DEEP	-0.33	-5.21	NA	NA	-4.7
640	103.31	236.20655	DEEP	-0.5	-5.16	NA	NA	-4.65
641	103.47	236.51855	DEEP	-0.71	-5.57	NA	NA	-5.06
642	103.63	236.8427	DEEP	-0.51	-5.54	NA	NA	-5.03
643	103.79	237.1628	DEEP	-0.41	-5.65	NA	NA	-5.14
644	103.95	237.48195	DEEP	-0.41	-5.32	NA	NA	-4.81
645	104.11	237.7998	DEEP	-0.57	-5.56	NA	NA	-5.05
646	104.27	238.15725	DEEP	-0.31	-5.13	NA	NA	-4.62
647	104.43	238.5312	DEEP	-0.53	-5.89	NA	NA	-5.39
648	104.59	238.89825	DEEP	-0.58	-5.53	NA	NA	-5.03
649	104.75	239.26705	DEEP	-0.6	-6	NA	NA	-5.49
650	104.9	239.6046	DEEP	-0.51	-5.81	NA	NA	-5.3
651	105.07	239.9861	DEEP	-0.21	-5.73	NA	NA	-5.23
652	105.23	240.35005	DEEP	-0.06	-5.89	NA	NA	-5.38
653	105.39	240.7127	DEEP	0	-6.01	NA	NA	-5.5
654	105.55	241.02585	DEEP	0.01	-6.18	NA	NA	-5.68
655	105.71	241.32175	DEEP	0.13	-6.23	NA	NA	-5.72
656	105.87	241.61035	DEEP	0.51	-6.41	NA	NA	-5.9
660	106.51	242.80545	DEEP	NA	NA	11.2	-3.28	-7.41
705	113.71	260.07335	DEEP	NA	NA	12.71	-2.17	-6.3
737	118.83	273.55205	DEEP	NA	NA	12.15	-1.98	-6.11
751	121.07	278.57965	DEEP	NA	NA	12.41	-2.28	-6.41
772	124.43	286.28235	DEEP	-0.22	-6.8	NA	NA	-6.29
773	124.59	286.71635	DEEP	-0.1	-5.69	NA	NA	-5.18
774	124.75	287.14585	DEEP	-0.25	-6.02	NA	NA	-5.52
775	124.91	287.5801	DEEP	0.28	-6.26	NA	NA	-5.75
776	125.07	288.0089	DEEP	0.04	-6.56	NA	NA	-6.05
777	125.23	288.4365	DEEP	0.12	-6.63	NA	NA	-6.13
778	125.39	288.8618	DEEP	0.07	-6.52	NA	NA	-6.01
779	125.55	289.28545	DEEP	0.2	-6.76	NA	NA	-6.25
780	125.71	289.71075	DEEP	0.17	-6.68	NA	NA	-6.17
781	125.87	290.13465	DEEP	0.28	-6.5	NA	NA	-6
782	126.03	290.5524	DEEP	0.31	-6.71	NA	NA	-6.21
783	126.19	290.96615	DEEP	0.32	-6.86	NA	NA	-6.35
784	126.35	291.3565	DEEP	0.24	-6.64	NA	NA	-6.13
785	126.51	291.7247	DEEP	0.75	-6.67	NA	NA	-6.16
786	126.67	292.10125	DEEP	0.63	-6.99	NA	NA	-6.48
787	126.83	292.4742	DEEP	1.1	-6.64	NA	NA	-6.14
798	128.59	296.63245	DEEP	NA	NA	12.47	-2.03	-6.16
833	134.19	307.43015	DEEP	-0.46	-5.75	NA	NA	-5.24
834	134.35	307.76175	DEEP	-0.54	-6.31	NA	NA	-5.8
835	134.51	308.0942	DEEP	0.12	-6.21	NA	NA	-5.7
836	134.66	308.4025	DEEP	0.85	-5.85	NA	NA	-5.34
837	134.83	308.75555	DEEP	0.12	-5.76	NA	NA	-5.25
838	134.99	309.08065	DEEP	-0.37	-6.39	NA	NA	-5.89
839	135.15	309.4116	DEEP	1.13	-5.28	NA	NA	-4.78
843	135.79	310.62165	DEEP	-0.13	-7.35	NA	NA	-6.84
844	135.95	310.9071	DEEP	0.2	-6.76	NA	NA	-6.26
845	136.12	311.21735	DEEP	-0.06	-7.28	NA	NA	-6.77
846	136.27	311.4806	DEEP	0.17	-6.84	NA	NA	-6.33
847	136.43	311.77455	DEEP	0.52	-6.66	NA	NA	-6.15
848	136.59	312.0641	DEEP	0.45	-6.46	NA	NA	-5.96
849	136.75	312.35545	DEEP	0.51	-6.46	NA	NA	-5.96
850	136.91	312.6569	DEEP	0.65	-6.35	NA	NA	-5.85
851	137.07	312.95835	DEEP	0.53	-6.63	NA	NA	-6.13
852	137.23	313.25785	DEEP	0.6	-6.65	NA	NA	-6.14
853	137.39	313.56065	DEEP	0.79	-6.47	NA	NA	-5.96
854	137.55	313.8567	DEEP	0.62	-6.58	NA	NA	-6.07
855	137.71	314.16345	DEEP	0.64	-6.65	NA	NA	-6.15
856	137.87	314.46365	DEEP	0.75	-6.64	NA	NA	-6.13
857	138.03	314.76275	DEEP	0.6	-6.73	NA	NA	-6.22
858	138.19	315.0649	DEEP	0.8	-6.22	NA	NA	-5.71
859	138.35	315.3717	DEEP	0.68	-6.47	NA	NA	-5.96
860	138.51	315.68395	DEEP	1.1	-5.66	NA	NA	-5.15
861	138.67	315.9959	DEEP	0.89	-5.78	NA	NA	-5.27
862	138.83	316.3031	DEEP	1.17	-5.39	NA	NA	-4.88
863	138.99	316.6112	DEEP	0.61	-6.13	NA	NA	-5.62
864	139.15	316.91885	DEEP	0.97	-5.24	NA	NA	-4.73
865	139.31	317.2494	DEEP	1.12	-5.11	NA	NA	-4.6
866	139.46	317.59765	DEEP	0.5	-6	NA	NA	-5.5
867	139.63	317.9889	DEEP	0.86	-5.69	NA	NA	-5.18
868	139.79	318.3591	DEEP	0.88	-5.57	NA	NA	-5.07
869	139.95	318.73285	DEEP	1.19	-4.69	NA	NA	-4.18
871	140.27	319.48555	DEEP	1.29	-4.42	NA	NA	-3.91
872	140.43	319.85585	DEEP	2.07	-3.13	NA	NA	-2.62
874	140.75	320.62165	DEEP	2.25	-3.2	NA	NA	-2.69
875	140.91	321.0116	DEEP	0.01	-6.17	NA	NA	-5.66
876	141.07	321.4072	DEEP	0.38	-5.93	NA	NA	-5.43
877	141.23	321.79765	DEEP	-0.09	-6.4	NA	NA	-5.89
878	141.39	322.18325	DEEP	0.5	-4.9	NA	NA	-4.4
879	141.55	322.57545	DEEP	-0.18	-5.2	NA	NA	-4.7
880	141.71	322.9683	DEEP	-0.05	-5.54	NA	NA	-5.03
881	141.87	323.3653	DEEP	-0.03	-5.54	NA	NA	-5.03
882	142.03	323.82775	DEEP	0.04	-5.24	NA	NA	-4.73
883	142.19	324.28965	DEEP	-0.25	-5.49	NA	NA	-4.99
884	142.35	324.75385	DEEP	0	-4.81	NA	NA	-4.31
885	142.51	325.2132	DEEP	-0.4	-5.36	NA	NA	-4.85
886	142.67	325.66485	DEEP	-0.02	-4.89	NA	NA	-4.39
887	142.83	326.1176	DEEP	0.12	-4.39	NA	NA	-3.88
888	142.99	326.56855	DEEP	0.3	-4.48	NA	NA	-3.97
889	143.15	327.01535	DEEP	0.5	-4.43	NA	NA	-3.92
890	143.31	327.5073	DEEP	-0.14	-5.32	NA	NA	-4.81
891	143.47	327.9855	DEEP	-0.3	-5.63	NA	NA	-5.12
892	143.63	328.4736	DEEP	-0.44	-6.06	NA	NA	-5.55
893	143.79	328.9673	DEEP	-0.65	-6.13	NA	NA	-5.62
894	143.95	329.454	DEEP	-0.42	-6.24	NA	NA	-5.73
895	144.11	329.93925	DEEP	0.04	-5.83	NA	NA	-5.32
896	144.27	330.42695	DEEP	0.45	-5.54	NA	NA	-5.03
897	144.43	330.91875	DEEP	0.4	-4.87	NA	NA	-4.36
898	144.59	331.39635	DEEP	0.41	-5.27	NA	NA	-4.76
899	144.75	331.88715	DEEP	0.63	-5.78	NA	NA	-5.27
900	144.91	332.3643	DEEP	0.64	-6.47	NA	NA	-5.96
901	145.07	332.8423	DEEP	0.57	-6.89	NA	NA	-6.38
903	145.39	333.8121	DEEP	0.77	-6.71	NA	NA	-6.2
904	145.55	334.2876	DEEP	0.87	-6.35	NA	NA	-5.84
906	145.87	335.2702	DEEP	1.02	-6.86	NA	NA	-6.35
914	147.15	339.3434	DEEP	NA	NA	11.53	-1.71	-5.84
950	152.91	358.21055	DEEP	NA	NA	11.81	-1.9	-6.03
966	155.47	366.25825	DEEP	NA	NA	11.86	-1.25	-5.38
983	158.19	375.2954	DEEP	NA	NA	12.49	-0.35	-4.49
991	159.47	381.50295	DEEP	0.37	-7.03	NA	NA	-6.52
992	159.63	382.3495	DEEP	1.45	-5.74	NA	NA	-5.23
995	160.11	384.86595	DEEP	0.16	-6.96	NA	NA	-6.45
996	160.27	385.6031	DEEP	-0.12	-7.64	NA	NA	-7.14
998	160.59	387.09385	DEEP	-0.26	-7.2	NA	NA	-6.69
999	160.75	387.841	DEEP	0.3	-6.52	NA	NA	-6.02
1000	160.91	388.59775	DEEP	0.24	-6.47	NA	NA	-5.96
1001	161.07	389.3464	DEEP	-0.04	-6.53	NA	NA	-6.02
1002	161.23	390.1082	DEEP	-0.15	-7.1	NA	NA	-6.59
1003	161.39	390.81085	DEEP	-0.34	-7.39	NA	NA	-6.88
1004	161.55	391.35585	DEEP	0.22	-6.38	NA	NA	-5.87
1008	162.19	393.5424	DEEP	0.78	-5.01	NA	NA	-4.5
1013	162.99	395.78325	DEEP	-0.14	-7.4	NA	NA	-6.89
1014	163.15	396.1117	DEEP	-0.15	-6.58	NA	NA	-6.07
1015	163.31	396.43445	DEEP	-0.34	-6.92	NA	NA	-6.41
1016	163.47	396.75735	DEEP	0.47	-5.6	NA	NA	-5.09
1017	163.63	397.0735	DEEP	0.93	-5.12	NA	NA	-4.62
1018	163.79	397.39355	DEEP	0.29	-5.73	NA	NA	-5.22
1020	164.11	398.08495	DEEP	0.06	-5.78	NA	NA	-5.27
1021	164.27	398.4591	DEEP	0.28	-5.44	NA	NA	-4.93
1022	164.43	398.8339	DEEP	0.17	-5.68	NA	NA	-5.17
1023	164.59	399.21495	DEEP	0.09	-6.46	NA	NA	-5.95
1024	164.75	399.58975	DEEP	0.14	-6.4	NA	NA	-5.89
1025	164.91	399.9663	DEEP	0.65	-6.14	NA	NA	-5.63
1029	165.55	401.5419	DEEP	0.47	-4.98	NA	NA	-4.47
1030	165.71	401.95085	DEEP	-0.1	-6.51	NA	NA	-6.01
1031	165.87	402.36755	DEEP	-0.24	-6.82	NA	NA	-6.31
1032	166.03	402.7695	DEEP	-0.05	-6.75	NA	NA	-6.25
1033	166.19	403.17765	DEEP	0.08	-6.56	NA	NA	-6.05
1034	166.35	403.5865	DEEP	0.2	-6.14	NA	NA	-5.63
1035	166.51	403.9978	DEEP	0.2	-6.32	NA	NA	-5.81
1036	166.67	404.496	DEEP	0.78	-5.64	NA	NA	-5.13
1037	166.83	405.0244	DEEP	1.16	-4.68	NA	NA	-4.17
1043	167.79	408.25975	DEEP	0.73	-4.83	NA	NA	-4.32
1044	167.95	408.6852	DEEP	0.12	-4.24	NA	NA	-3.74
1045	168.11	409.05175	DEEP	-0.12	-6.07	NA	NA	-5.56
1046	168.27	409.41975	DEEP	0.12	-5.18	NA	NA	-4.67
1047	168.43	409.7908	DEEP	0.54	-4.71	NA	NA	-4.2
1048	168.59	410.16675	DEEP	0.51	-4.8	NA	NA	-4.3
1049	168.75	410.5428	DEEP	0.67	-4.29	NA	NA	-3.78
1050	168.91	410.9239	DEEP	0.63	-4.33	NA	NA	-3.83
1051	169.07	411.3001	DEEP	0.67	-4.03	NA	NA	-3.53
1052	169.23	411.7322	DEEP	-0.01	-4.64	NA	NA	-4.13
1053	169.39	412.21305	DEEP	0.48	-4.11	NA	NA	-3.6
1054	169.55	412.69975	DEEP	0.4	-4.17	NA	NA	-3.66
1055	169.71	413.18695	DEEP	0.21	-4.18	NA	NA	-3.67
1056	169.87	413.6736	DEEP	0.15	-4.56	NA	NA	-4.05
1057	170.03	414.16015	DEEP	-0.37	-5.17	NA	NA	-4.67
1058	170.19	414.6485	DEEP	0.59	-4.39	NA	NA	-3.89
1059	170.35	415.13255	DEEP	0.13	-4.69	NA	NA	-4.18
1060	170.51	415.5743	DEEP	-0.23	-4.71	NA	NA	-4.2
1061	170.67	415.96885	DEEP	-0.38	-5.02	NA	NA	-4.51
1062	170.83	416.36185	DEEP	-0.02	-4.65	NA	NA	-4.15
1063	170.99	416.7494	DEEP	-0.39	-5.49	NA	NA	-4.98
1064	171.15	417.13645	DEEP	-0.25	-5.34	NA	NA	-4.83
1065	171.31	417.52195	DEEP	-0.15	-5.14	NA	NA	-4.64
1066	171.47	417.91265	DEEP	-0.25	-5.14	NA	NA	-4.63
1067	171.63	418.2996	DEEP	-0.04	-5.37	NA	NA	-4.86
1068	171.79	418.71425	DEEP	-0.12	-5.31	NA	NA	-4.8
1069	171.95	419.20655	DEEP	-0.27	-5.19	NA	NA	-4.68
1070	172.11	419.70805	DEEP	-0.12	-4.88	NA	NA	-4.37
1071	172.27	420.21275	DEEP	-0.14	-4.77	NA	NA	-4.26
1072	172.43	420.7132	DEEP	0.19	-4.42	NA	NA	-3.91
1073	172.59	421.20705	DEEP	0.26	-4.35	NA	NA	-3.84
1074	172.75	421.7098	DEEP	0.47	-4.28	NA	NA	-3.77
1075	172.91	422.20735	DEEP	0.03	-4.96	NA	NA	-4.46
1076	173.07	422.6839	DEEP	-0.02	-4.99	NA	NA	-4.48
1077	173.23	423.1112	DEEP	0.13	-5.09	NA	NA	-4.59
1078	173.39	423.5314	DEEP	0.27	-4.67	NA	NA	-4.16
1079	173.55	423.95295	DEEP	0.43	-5.4	NA	NA	-4.89
1080	173.71	424.37395	DEEP	0.59	-4.94	NA	NA	-4.44
1081	173.87	424.79225	DEEP	0.83	-5.1	NA	NA	-4.59
1082	174.03	425.2159	DEEP	0.67	-5.79	NA	NA	-5.28
1083	174.19	425.644	DEEP	0.89	-5.94	NA	NA	-5.44
1084	174.35	426.0682	DEEP	0.92	-5.33	NA	NA	-4.83
1094	175.95	430.87545	DEEP	NA	NA	12.49	-1.02	-5.15
1109	178.35	441.30195	DEEP	NA	NA	12.54	-1.45	-5.58
1121	180.27	449.43795	DEEP	NA	NA	12.64	-1.76	-5.89
1126	181.07	452.5985	DEEP	NA	NA	12.64	-2.36	-6.49
1163	186.99	470.57495	DEEP	NA	NA	12.9	-2	-6.13
1172	188.43	473.7622	DEEP	0.39	-4.93	NA	NA	-4.42
1174	188.75	474.47235	DEEP	1.05	-3.83	NA	NA	-3.32
1175	188.91	474.8409	DEEP	0.87	-4.93	NA	NA	-4.42
1176	189.07	475.21015	DEEP	0.84	-4.52	NA	NA	-4.01
1177	189.23	475.58765	DEEP	1.34	-4.44	NA	NA	-3.93
1185	190.51	478.6172	DEEP	2.74	-4	NA	NA	-3.5
1186	190.67	479.0058	DEEP	1.28	-4.38	NA	NA	-3.87
1187	190.83	479.39735	DEEP	0.82	-4.94	NA	NA	-4.43
1188	190.99	479.7858	DEEP	1.02	-5.15	NA	NA	-4.64
1189	191.15	480.1774	DEEP	0.24	-5.41	NA	NA	-4.9
1190	191.31	480.5247	DEEP	-0.03	-6.09	NA	NA	-5.58
1191	191.47	480.8448	DEEP	-0.04	-6.28	NA	NA	-5.78
1192	191.63	481.1385	DEEP	0.77	-5.14	NA	NA	-4.63
1193	191.79	481.4401	DEEP	1.01	-2.65	NA	NA	-2.15
1194	191.95	481.74835	DEEP	1.05	-4.79	NA	NA	-4.28
1195	192.11	482.0485	DEEP	1.41	-5.18	NA	NA	-4.67
1196	192.27	482.35415	DEEP	1.4	-5.25	NA	NA	-4.74
1197	192.43	482.6582	DEEP	1.88	-5.36	NA	NA	-4.85
1198	192.59	482.9697	DEEP	0.63	-5.45	NA	NA	-4.94
1199	192.75	483.36555	DEEP	1.07	-5.47	NA	NA	-4.97
1200	192.91	483.74375	DEEP	-0.2	-6.06	NA	NA	-5.56
1201	193.07	484.1295	DEEP	0.43	-5.81	NA	NA	-5.31
1202	193.23	484.51065	DEEP	0.14	-6.2	NA	NA	-5.69
1203	193.39	484.89575	DEEP	0.26	-6.02	NA	NA	-5.52
1204	193.55	485.28425	DEEP	0.69	-5.36	NA	NA	-4.85
1205	193.71	485.66515	DEEP	0.65	-5.3	NA	NA	-4.79
1206	193.87	486.04705	DEEP	0.72	-5.39	NA	NA	-4.88
1207	194.03	486.4407	DEEP	0.81	-5.3	NA	NA	-4.79
1208	194.19	486.82665	DEEP	0.42	-6.11	NA	NA	-5.6
1209	194.35	487.2209	DEEP	1.28	-4.55	NA	NA	-4.04
1210	194.51	487.6098	DEEP	0.85	-5.23	NA	NA	-4.72
1211	194.67	487.99245	DEEP	0.95	-5.33	NA	NA	-4.82
1212	194.83	488.37875	DEEP	0.43	-5.82	NA	NA	-5.31
1213	194.99	488.75735	DEEP	0.8	-4.89	NA	NA	-4.38
1214	195.15	489.14075	DEEP	0.84	-5.08	NA	NA	-4.57
1215	195.31	489.573	DEEP	0.56	-5.66	NA	NA	-5.15
1216	195.47	490.00255	DEEP	0.1	-5.43	NA	NA	-4.93
1217	195.63	490.4421	DEEP	0.38	-5.38	NA	NA	-4.88
1218	195.79	490.88065	DEEP	0.58	-4.79	NA	NA	-4.28
1219	195.95	491.3261	DEEP	0.56	-4.92	NA	NA	-4.41
1220	196.11	491.77025	DEEP	1.09	-4.59	NA	NA	-4.08
1221	196.27	492.19595	DEEP	-0.07	-5.45	NA	NA	-4.94
1222	196.43	492.62375	DEEP	-0.16	-5.55	NA	NA	-5.04
1223	196.59	493.23035	DEEP	0.23	-5.05	NA	NA	-4.54
1224	196.75	493.86375	DEEP	0.08	-5.11	NA	NA	-4.6
1225	196.91	494.49415	DEEP	0.28	-4.77	NA	NA	-4.26
1226	197.07	495.12975	DEEP	-0.02	-5.49	NA	NA	-4.98
1227	197.23	495.7652	DEEP	0.27	-5.06	NA	NA	-4.55
1228	197.39	496.39585	DEEP	0.11	-5.09	NA	NA	-4.58
1229	197.55	497.0151	DEEP	-0.37	-5.81	NA	NA	-5.3
1230	197.71	497.639	DEEP	-0.43	-6.04	NA	NA	-5.53
1231	197.87	498.285	DEEP	0.06	-5.54	NA	NA	-5.04
1232	198.03	498.9346	DEEP	-0.14	-5.87	NA	NA	-5.37
1233	198.19	499.5791	DEEP	0.05	-5.17	NA	NA	-4.66
1234	198.35	500.23075	DEEP	0.44	-4.77	NA	NA	-4.26
1235	198.51	500.877	DEEP	0.23	-4.99	NA	NA	-4.48
1236	198.67	501.5299	DEEP	0.18	-5.44	NA	NA	-4.93
1237	198.83	502.18295	DEEP	0.29	-5.46	NA	NA	-4.96
1238	198.99	502.8309	DEEP	0.33	-5.22	NA	NA	-4.72
1239	199.15	503.6783	DEEP	0.51	-5.44	NA	NA	-4.93
1240	199.31	504.63	DEEP	0.91	-5.29	NA	NA	-4.78
1241	199.47	505.58365	DEEP	1.63	-4.56	NA	NA	-4.05
1242	199.63	506.547	DEEP	1.13	-5.32	NA	NA	-4.81
1243	199.79	507.50365	DEEP	0.88	-5.24	NA	NA	-4.73
1244	199.95	508.4658	DEEP	1	-5.43	NA	NA	-4.92
1245	200.11	509.4285	DEEP	0.7	-6.13	NA	NA	-5.62
1246	200.27	510.3913	DEEP	0.61	-6.18	NA	NA	-5.67
1247	200.43	511.17615	DEEP	0.91	-5.9	NA	NA	-5.39
1248	200.59	511.8025	DEEP	1.25	-5.31	NA	NA	-4.8
1249	200.75	512.42375	DEEP	0.38	-6.32	NA	NA	-5.81
1250	200.91	513.0525	DEEP	0.04	-6.68	NA	NA	-6.17
1251	201.07	513.68165	DEEP	0.17	-6.1	NA	NA	-5.59
1252	201.23	514.31115	DEEP	-0.29	-7.33	NA	NA	-6.82
1253	201.39	514.93715	DEEP	-0.17	-6.86	NA	NA	-6.35
1254	201.55	515.5703	DEEP	-0.01	-6.95	NA	NA	-6.45
1256	201.87	516.66345	DEEP	0.18	-5.87	NA	NA	-5.36
1257	202.03	517.1798	DEEP	0.2	-6.04	NA	NA	-5.53
1258	202.19	517.6994	DEEP	0.23	-5.79	NA	NA	-5.28
1262	202.83	519.75345	DEEP	-0.19	-6.14	NA	NA	-5.64
1263	202.99	520.28325	DEEP	0.65	-5.24	NA	NA	-4.73
1264	203.15	520.8651	DEEP	-0.14	-5.51	NA	NA	-5
1265	203.31	521.44665	DEEP	-0.28	-6.07	NA	NA	-5.56
1266	203.47	522.02395	DEEP	0.02	-5.66	NA	NA	-5.16
1267	203.63	522.60045	DEEP	-0.08	-6.04	NA	NA	-5.53
1268	203.79	523.19415	DEEP	0.13	-5.28	NA	NA	-4.77
1269	203.95	523.78255	DEEP	0.49	-4.93	NA	NA	-4.42
1270	204.11	524.3659	DEEP	0.4	-4.95	NA	NA	-4.44
1271	204.27	524.94795	DEEP	0.64	-4.65	NA	NA	-4.14
1272	204.43	525.5389	DEEP	0.29	-5.06	NA	NA	-4.55
1273	204.59	526.12985	DEEP	-0.1	-5.57	NA	NA	-5.06
1274	204.82	526.9872	DEEP	0.15	-5.37	NA	NA	-4.87
1275	204.91	527.31965	DEEP	0.11	-5.62	NA	NA	-5.11
1276	205.07	527.91965	DEEP	-0.03	-5.76	NA	NA	-5.26
1277	205.23	528.51715	DEEP	0.65	-4.8	NA	NA	-4.29
1278	205.39	529.1048	DEEP	0.52	-5.7	NA	NA	-5.2
1279	205.55	529.69885	DEEP	1.07	-4.88	NA	NA	-4.37
1280	205.71	530.05105	DEEP	-0.13	-6.73	NA	NA	-6.22
1281	205.87	530.4084	DEEP	0.4	-5.74	NA	NA	-5.23
1282	206.03	530.76485	DEEP	0.17	-6.54	NA	NA	-6.03
1283	206.19	531.1238	DEEP	0.55	-5.71	NA	NA	-5.21
1284	206.35	531.488	DEEP	0.42	-6.07	NA	NA	-5.57
1285	206.51	531.8524	DEEP	-0.05	-6.9	NA	NA	-6.39
1286	206.67	532.209	DEEP	0.22	-6.61	NA	NA	-6.1
1287	206.83	532.56985	DEEP	-0.32	-6.47	NA	NA	-5.96
1288	206.99	532.85655	DEEP	0.52	-6.39	NA	NA	-5.88
1289	207.15	533.14995	DEEP	0.83	-5.97	NA	NA	-5.46
1290	207.31	533.43385	DEEP	0.73	-5.17	NA	NA	-4.66
1295	208.11	534.8724	DEEP	NA	NA	10.88	-3.7	-7.82
1304	209.55	537.7978	DEEP	NA	NA	13.5	-3.81	-7.93
1305	209.71	538.4114	DEEP	NA	NA	13.63	-3	-7.13
1307	210.03	539.63835	DEEP	1.33	-4.61	NA	NA	-4.1
1308	210.19	540.23915	DEEP	1.01	-5.54	NA	NA	-5.03
1309	210.35	540.85055	DEEP	1.33	-5.05	NA	NA	-4.54
1310	210.51	541.4496	DEEP	0.69	-5.23	NA	NA	-4.72
1311	210.67	542.06175	DEEP	1.12	-6.13	NA	NA	-5.62
1312	210.83	542.60595	DEEP	0.74	-5.92	NA	NA	-5.42
1313	210.99	543.10225	DEEP	1.11	-6.09	NA	NA	-5.58
1314	211.15	543.61025	DEEP	1.04	-6.06	NA	NA	-5.55
1315	211.32	544.1272	DEEP	0.71	-6.59	NA	NA	-6.08
1316	211.47	544.6044	DEEP	0.7	-5.95	NA	NA	-5.44
1317	211.63	545.1025	DEEP	1.21	-6.18	NA	NA	-5.67
1318	211.79	545.60625	DEEP	0.65	-5.54	NA	NA	-5.03
1319	211.95	546.1082	DEEP	0.77	-6.68	NA	NA	-6.18
1320	212.11	546.622	DEEP	0.53	-4.52	NA	NA	-4.01
1321	212.27	547.15765	DEEP	1.85	-4.45	NA	NA	-3.94
1322	212.43	547.69605	DEEP	1.48	-4.85	NA	NA	-4.34
1323	212.59	548.24255	DEEP	0.42	-5.24	NA	NA	-4.73
1324	212.75	548.7871	DEEP	1.26	-4.44	NA	NA	-3.93
1325	212.91	549.32675	DEEP	0.94	-4.18	NA	NA	-3.67
1326	213.07	549.8592	DEEP	0.66	-5.57	NA	NA	-5.06
1327	213.23	550.39945	DEEP	1.08	-5.38	NA	NA	-4.87
1328	213.39	550.92305	DEEP	0.36	-5.48	NA	NA	-4.97
1329	213.55	551.427	DEEP	0.19	-5.9	NA	NA	-5.39
1330	213.71	551.95075	DEEP	0.65	-5.07	NA	NA	-4.57
1331	213.87	552.4734	DEEP	0.81	-5.65	NA	NA	-5.14
1332	214.03	552.9969	DEEP	0.34	-5.07	NA	NA	-4.56
1333	214.19	553.5221	DEEP	0.62	-5.34	NA	NA	-4.84
1334	214.35	554.04025	DEEP	0.85	-4.52	NA	NA	-4.02
1335	214.51	554.5663	DEEP	0.76	-5.63	NA	NA	-5.12
1336	214.67	555.07305	DEEP	0.74	-6.3	NA	NA	-5.79
1337	214.83	555.55185	DEEP	0.97	-5.52	NA	NA	-5.02
1338	214.99	556.02435	DEEP	0.34	-5.99	NA	NA	-5.48
1339	215.15	556.48975	DEEP	0.7	-5.48	NA	NA	-4.97
1340	215.31	556.96775	DEEP	0.74	-5.31	NA	NA	-4.8
1341	215.47	557.4369	DEEP	0.68	-5.63	NA	NA	-5.13
1342	215.63	557.90385	DEEP	0.75	-5.51	NA	NA	-5.01
1343	215.79	558.37905	DEEP	0.11	-6.33	NA	NA	-5.82
1344	215.95	559.03995	DEEP	-0.26	-6.79	NA	NA	-6.28
1345	216.11	559.28565	DEEP	0.08	-6.73	NA	NA	-6.22
1346	216.27	559.7229	DEEP	-0.01	-7.23	NA	NA	-6.72
1347	216.43	560.1673	DEEP	0.31	-6.56	NA	NA	-6.05
1348	216.59	560.61935	DEEP	1.42	-5.29	NA	NA	-4.78
1349	216.75	561.0679	DEEP	1.69	-4.56	NA	NA	-4.06
1350	216.91	561.5077	DEEP	1.27	-5.36	NA	NA	-4.85
1351	217.07	561.9498	DEEP	1.34	-5.21	NA	NA	-4.7
1352	217.23	562.37925	DEEP	1.06	-5.57	NA	NA	-5.07
1353	217.39	562.73415	DEEP	1.01	-5.42	NA	NA	-4.92
1354	217.55	563.07465	DEEP	0.41	-6.05	NA	NA	-5.54
1355	217.71	563.41775	DEEP	0.2	-5.89	NA	NA	-5.38
1356	217.87	563.7593	DEEP	0.08	-5.94	NA	NA	-5.43
1357	218.03	564.10265	DEEP	0.1	-5.89	NA	NA	-5.39
1358	218.19	564.4442	DEEP	0.95	-5.4	NA	NA	-4.89
1359	218.35	564.7746	DEEP	0.96	-4.75	NA	NA	-4.24
1360	218.51	565.1024	DEEP	0.58	-5.84	NA	NA	-5.33
1361	218.67	565.42795	DEEP	0.91	-5.75	NA	NA	-5.24
1362	218.83	565.7554	DEEP	0.92	-4.92	NA	NA	-4.41
1363	218.99	566.0885	DEEP	1.17	-5.25	NA	NA	-4.75
1364	219.15	566.42	DEEP	0.57	-5.54	NA	NA	-5.04
1365	219.31	566.74525	DEEP	0.99	-5.41	NA	NA	-4.91
1366	219.47	567.07045	DEEP	0.97	-4.49	NA	NA	-3.99
1367	219.63	567.39395	DEEP	0.51	-3.34	NA	NA	-2.84
1368	219.79	567.71365	DEEP	1.44	-5.07	NA	NA	-4.56
1369	219.95	568.052	DEEP	1.1	-5.05	NA	NA	-4.54
1370	220.11	568.4009	DEEP	0.52	-5.61	NA	NA	-5.1
1371	220.27	568.74265	DEEP	-0.24	-6.78	NA	NA	-6.27
1372	220.43	569.09265	DEEP	0.27	-6.02	NA	NA	-5.51
1373	220.59	569.4432	DEEP	1.19	-4.17	NA	NA	-3.67
1374	220.75	569.7897	DEEP	0.23	-6.33	NA	NA	-5.83
1375	220.91	570.1373	DEEP	0.17	-6.16	NA	NA	-5.65
1376	221.07	570.47795	DEEP	0.15	-6.25	NA	NA	-5.74
1377	221.23	570.84265	DEEP	0.21	-5.95	NA	NA	-5.44
1378	221.39	571.1993	DEEP	0.04	-5.84	NA	NA	-5.34
1379	221.55	571.5694	DEEP	-0.01	-5.85	NA	NA	-5.34
1380	221.71	571.9412	DEEP	-0.03	-5.88	NA	NA	-5.37
1382	222.03	572.67605	DEEP	-0.08	-5.67	NA	NA	-5.17
1383	222.19	573.05405	DEEP	-0.07	-5.88	NA	NA	-5.37
1384	222.35	573.41525	DEEP	-0.34	-5.66	NA	NA	-5.15
1385	222.51	573.78985	DEEP	-0.52	-6.15	NA	NA	-5.64
1386	222.67	574.15015	DEEP	-0.32	-5.92	NA	NA	-5.42
1387	222.83	574.52705	DEEP	-0.36	-5.84	NA	NA	-5.33
1388	222.99	574.8886	DEEP	-0.3	-5.7	NA	NA	-5.2
1389	223.15	575.2536	DEEP	-0.25	-5.86	NA	NA	-5.35
1390	223.31	575.618	DEEP	-0.47	-6.45	NA	NA	-5.94
1391	223.47	575.98895	DEEP	-0.59	-6.2	NA	NA	-5.7
1392	223.63	576.3543	DEEP	-0.74	-6.6	NA	NA	-6.09
1393	223.79	576.71055	DEEP	-0.52	-6.53	NA	NA	-6.02
1394	223.95	577.06965	DEEP	-0.15	-5.81	NA	NA	-5.3
1395	224.11	577.4314	DEEP	-0.45	-6.45	NA	NA	-5.94
1396	224.27	577.79305	DEEP	-0.45	-6.76	NA	NA	-6.25
1397	224.43	578.1673	DEEP	0.05	-6.04	NA	NA	-5.54
1398	224.59	578.5267	DEEP	0.7	-4.88	NA	NA	-4.37
1399	224.75	578.8938	DEEP	0.93	-4.62	NA	NA	-4.12
1400	224.91	579.25365	DEEP	0.93	-5.03	NA	NA	-4.53
1401	225.07	579.6153	DEEP	0.55	-5.92	NA	NA	-5.41
1402	225.23	579.9381	DEEP	0.51	-5.97	NA	NA	-5.47
1403	225.39	580.26465	DEEP	0.79	-5.97	NA	NA	-5.46
1404	225.55	580.59365	DEEP	0.79	-5.75	NA	NA	-5.25
1405	225.71	580.9183	DEEP	0.89	-5.62	NA	NA	-5.11
1406	225.87	581.24335	DEEP	1.79	-4.64	NA	NA	-4.13
1407	226.03	581.57255	DEEP	1	-5.82	NA	NA	-5.31
1408	226.19	581.89535	DEEP	1.37	-4.7	NA	NA	-4.19
1409	226.35	582.2212	DEEP	1.01	-5.23	NA	NA	-4.72
1410	226.51	582.5557	DEEP	-0.24	-5.28	NA	NA	-4.77
1411	226.67	582.8992	DEEP	1.26	-5.1	NA	NA	-4.59
1413	226.99	583.5847	DEEP	1.96	-4.11	NA	NA	-3.6
1414	227.15	583.9289	DEEP	1.52	-3.86	NA	NA	-3.35
1415	227.31	584.2766	DEEP	1.93	-4.26	NA	NA	-3.75
1416	227.47	584.61625	DEEP	0.96	-5.08	NA	NA	-4.58
1417	227.63	584.9619	DEEP	0.96	-3.99	NA	NA	-3.49
1418	227.79	585.38045	DEEP	2.31	-5.2	NA	NA	-4.69
1419	227.95	585.81895	DEEP	1.28	-5.2	NA	NA	-4.69
1420	228.11	586.2534	DEEP	1.2	-5.1	NA	NA	-4.59
1421	228.27	586.69265	DEEP	1.65	-5.22	NA	NA	-4.71
1422	228.43	587.13365	DEEP	1.21	-5.24	NA	NA	-4.74
1423	228.59	587.5664	DEEP	1.32	-5.19	NA	NA	-4.68
1424	228.75	588.0022	DEEP	1.38	-5.26	NA	NA	-4.76
1425	228.91	588.4251	DEEP	0.88	-6.09	NA	NA	-5.59
1426	229.07	588.8264	DEEP	1	-5.59	NA	NA	-5.08
1427	229.23	589.2035	DEEP	0.73	-6.44	NA	NA	-5.93
1429	229.55	589.97775	DEEP	0.76	-6.05	NA	NA	-5.54
1430	229.71	590.3667	DEEP	0.71	-5.94	NA	NA	-5.43
1431	229.87	590.74765	DEEP	1.2	-5.1	NA	NA	-4.59
1432	230.03	591.13035	DEEP	1	-5.06	NA	NA	-4.55
1433	230.18	591.4877	DEEP	0.42	-5.91	NA	NA	-5.41
1434	230.35	591.9272	DEEP	0.57	-5.21	NA	NA	-4.7
1435	230.51	592.35485	DEEP	0.99	-4.63	NA	NA	-4.13
1436	230.67	592.7845	DEEP	0.76	-5.22	NA	NA	-4.72
1437	230.83	593.21825	DEEP	0.2	-6.11	NA	NA	-5.6
1438	230.99	593.65765	DEEP	-0.06	-6.26	NA	NA	-5.75
1439	231.15	594.0975	DEEP	-0.01	-6.11	NA	NA	-5.6
1440	231.31	594.52335	DEEP	-0.08	-5.64	NA	NA	-5.13
1441	231.47	594.951	DEEP	-0.2	-5.92	NA	NA	-5.42
1442	231.64	595.4854	DEEP	-0.28	-5.94	NA	NA	-5.43
1443	231.79	595.92235	DEEP	-0.29	-5.24	NA	NA	-4.74
1444	231.95	596.4353	DEEP	-0.02	-5.01	NA	NA	-4.5
1445	232.11	596.94565	DEEP	0.04	-5.34	NA	NA	-4.83
1446	232.27	597.45335	DEEP	0.75	-4.95	NA	NA	-4.44
1447	232.43	597.9652	DEEP	0.77	-4.87	NA	NA	-4.36
1448	232.59	598.4715	DEEP	0.71	-4.9	NA	NA	-4.39
1449	232.75	598.9856	DEEP	0.8	-4.79	NA	NA	-4.28
1450	232.91	599.45785	DEEP	-0.33	-5.93	NA	NA	-5.42
1451	233.07	599.8832	DEEP	-0.5	-6.38	NA	NA	-5.87
1452	233.23	600.3029	DEEP	-0.18	-5.79	NA	NA	-5.29
1453	233.39	600.72555	DEEP	-0.27	-6.25	NA	NA	-5.74
1454	233.55	601.14345	DEEP	0.17	-5.57	NA	NA	-5.07
1455	233.71	601.57185	DEEP	0.13	-6.04	NA	NA	-5.53
1456	233.87	601.9991	DEEP	0.82	-5.6	NA	NA	-5.09
1457	234.03	602.4342	DEEP	1.41	-4.94	NA	NA	-4.43
1458	234.19	602.8536	DEEP	1.19	-5.23	NA	NA	-4.72
1459	234.35	603.25135	DEEP	0.82	-5.58	NA	NA	-5.08
1460	234.51	603.652	DEEP	0.98	-5.06	NA	NA	-4.55
1461	234.66	604.0267	DEEP	0.82	-5.68	NA	NA	-5.17
1462	234.83	604.4551	DEEP	0.53	-6.05	NA	NA	-5.55
1463	234.99	604.8601	DEEP	0.43	-5.84	NA	NA	-5.34
1464	235.15	605.26355	DEEP	0.51	-5.85	NA	NA	-5.34
1465	235.31	605.67075	DEEP	0.54	-5.57	NA	NA	-5.06
1466	235.47	606.0729	DEEP	0.46	-5.39	NA	NA	-4.88
1467	235.63	606.5253	DEEP	0.1	-6.14	NA	NA	-5.63
1468	235.79	606.98215	DEEP	0	-6.04	NA	NA	-5.54
1469	235.95	607.4306	DEEP	-0.15	-6.04	NA	NA	-5.53
1470	236.11	607.87625	DEEP	-0.07	-5.94	NA	NA	-5.43
1471	236.27	608.31655	DEEP	-0.2	-5.99	NA	NA	-5.48
1472	236.43	608.75265	DEEP	0.03	-5.31	NA	NA	-4.8
1473	236.59	609.19405	DEEP	-0.16	-5.6	NA	NA	-5.1
1474	236.75	609.63105	DEEP	-0.04	-5.49	NA	NA	-4.99
1475	236.91	610.0022	DEEP	-0.21	-5.83	NA	NA	-5.32
1476	237.07	610.3701	DEEP	-0.05	-5.26	NA	NA	-4.75
1477	237.23	610.73605	DEEP	-0.04	-5.4	NA	NA	-4.89
1478	237.39	611.11055	DEEP	0.1	-5.01	NA	NA	-4.51
1479	237.55	611.482	DEEP	-0.05	-5.3	NA	NA	-4.79
1480	237.71	611.85805	DEEP	-0.12	-5.6	NA	NA	-5.1
1481	237.87	612.2341	DEEP	-0.21	-5.74	NA	NA	-5.23
1482	238.03	612.6025	DEEP	0.24	-4.69	NA	NA	-4.19
1483	238.19	612.97645	DEEP	0.16	-4.51	NA	NA	-4.01
1484	238.35	613.35245	DEEP	0.24	-4.59	NA	NA	-4.08
1485	238.51	613.72475	DEEP	0.24	-4.55	NA	NA	-4.04
1486	238.67	614.09885	DEEP	0.01	-4.77	NA	NA	-4.26
1487	238.83	614.46765	DEEP	-0.17	-4.59	NA	NA	-4.08
1488	238.99	614.83935	DEEP	-0.45	-4.85	NA	NA	-4.35
1489	239.15	615.21215	DEEP	-0.3	-4.72	NA	NA	-4.21
1490	239.31	615.57945	DEEP	-0.44	-4.77	NA	NA	-4.26
1491	239.47	615.96355	DEEP	-0.45	-4.87	NA	NA	-4.36
1492	239.63	616.34705	DEEP	-0.22	-4.41	NA	NA	-3.9
1493	239.79	616.73505	DEEP	-0.3	-4.52	NA	NA	-4.01
1494	239.95	617.118	DEEP	-0.03	-4.1	NA	NA	-3.6
1495	240.11	617.49935	DEEP	-0.03	-4.6	NA	NA	-4.09
1496	240.27	617.89585	DEEP	-0.12	-4.92	NA	NA	-4.41
1497	240.43	618.28375	DEEP	-0.1	-4.96	NA	NA	-4.45
1498	240.59	618.6618	DEEP	0.23	-5.23	NA	NA	-4.72
1499	240.75	619.0362	DEEP	0.3	-4.91	NA	NA	-4.4
1500	240.91	619.3974	DEEP	0.07	-5.63	NA	NA	-5.12
1501	241.07	619.757	DEEP	0.1	-5.62	NA	NA	-5.11
1502	241.23	620.12035	DEEP	0.18	-6.25	NA	NA	-5.75
1503	241.39	620.48455	DEEP	0.41	-5.75	NA	NA	-5.24
1504	241.55	620.8418	DEEP	0.34	-6.31	NA	NA	-5.81
1505	241.71	621.20705	DEEP	0.61	-6.31	NA	NA	-5.81
1506	241.87	621.5599	DEEP	0.73	-6.68	NA	NA	-6.17
1507	242.03	621.9435	DEEP	0.56	-7.44	NA	NA	-6.93
1508	242.19	622.33285	DEEP	0.47	-6.98	NA	NA	-6.47
1509	242.35	622.71895	DEEP	0.78	-6.79	NA	NA	-6.28
1510	242.51	623.10955	DEEP	0.75	-5.05	NA	NA	-4.54
1511	242.67	623.51025	DEEP	0.78	-4.41	NA	NA	-3.9
1512	242.83	623.9081	DEEP	0.98	-4.94	NA	NA	-4.44
1513	242.99	624.305	DEEP	1.16	-4.25	NA	NA	-3.74
1516	243.47	625.4686	DEEP	NA	NA	12.39	-1.97	-6.1
1522	244.43	627.74495	DEEP	NA	NA	13.12	-1.58	-5.71
1548	248.59	639.53565	DEEP	NA	NA	12.49	-2.31	-6.44
1564	251.15	647.8624	DEEP	NA	NA	12.77	-2.57	-6.7
1576	253.07	653.2632	DEEP	NA	NA	12.5	-2.54	-6.67
1597	256.43	665.21015	DEEP	0.04	-3.55	NA	NA	-3.04
1598	256.59	665.77155	DEEP	0.86	-5.38	NA	NA	-4.87
1599	256.75	666.3381	DEEP	0.09	-5.22	NA	NA	-4.71
1600	256.91	666.89715	DEEP	-0.07	-5.61	NA	NA	-5.1
1602	257.23	668.0097	DEEP	0.15	-5.12	NA	NA	-4.61
1603	257.39	668.5773	DEEP	-0.04	-4.94	NA	NA	-4.43
1604	257.55	669.1311	DEEP	-0.79	-6.61	NA	NA	-6.1
1605	257.71	669.6726	DEEP	-0.36	-5.95	NA	NA	-5.44
1606	257.87	670.2195	DEEP	-0.88	-6.74	NA	NA	-6.23
1607	258.03	670.7631	DEEP	-1.11	-5.48	NA	NA	-4.98
1608	258.19	671.30495	DEEP	-1.04	-5.33	NA	NA	-4.82
1609	258.35	671.85885	DEEP	-0.14	-5.65	NA	NA	-5.14
1610	258.51	672.40375	DEEP	0.89	-4.64	NA	NA	-4.13
1611	258.67	672.9603	DEEP	0.47	-4.98	NA	NA	-4.47
1623	260.72	681.9729	DEEP	-1.21	-6.65	NA	NA	-6.15
1624	260.88	683.3276	DEEP	-1.24	-6.93	NA	NA	-6.43
1625	261.04	684.6869	DEEP	-1.05	-6.4	NA	NA	-5.89
1626	261.2	686.0408	DEEP	-0.8	-6.35	NA	NA	-5.84
1627	261.36	687.3989	DEEP	-0.63	-6.74	NA	NA	-6.23
1628	261.52	688.75155	DEEP	-0.87	-6.88	NA	NA	-6.37
1629	261.68	689.8321	DEEP	-0.99	-6.8	NA	NA	-6.29
1630	261.84	690.9243	DEEP	-0.91	-7.08	NA	NA	-6.57
1631	262	692.0121	DEEP	-0.51	-6.16	NA	NA	-5.66
1632	262.16	693.0979	DEEP	-0.06	-5.76	NA	NA	-5.25
1633	262.32	694.1879	DEEP	0.1	-5.5	NA	NA	-5
1634	262.48	695.2778	DEEP	0.02	-5.69	NA	NA	-5.18
1635	262.64	696.3701	DEEP	-0.11	-5.81	NA	NA	-5.31
1636	262.8	697.4611	DEEP	0.1	-5.72	NA	NA	-5.21
1637	262.96	698.13235	DEEP	-0.14	-6.1	NA	NA	-5.59
1638	263.12	698.75985	DEEP	-0.03	-6.09	NA	NA	-5.59
1639	263.28	699.386	DEEP	-0.31	-6.77	NA	NA	-6.26
1640	263.44	700.0043	DEEP	-0.41	-7.01	NA	NA	-6.5
1641	263.6	700.6171	DEEP	0.36	-5.41	NA	NA	-4.9
1642	263.76	701.23555	DEEP	-0.24	-5.9	NA	NA	-5.39
1643	263.92	701.85865	DEEP	-0.79	-7.08	NA	NA	-6.58
1644	264.08	702.48	DEEP	-0.49	-5.89	NA	NA	-5.38
1645	264.24	703.15275	DEEP	-0.54	-5.41	NA	NA	-4.9
1646	264.4	703.85735	DEEP	-1.2	-6.51	NA	NA	-6.01
1647	264.56	704.571	DEEP	-1.23	-6.37	NA	NA	-5.86
1648	264.72	705.27295	DEEP	-0.59	-5.32	NA	NA	-4.81
1649	264.88	705.98165	DEEP	-0.57	-5.24	NA	NA	-4.73
1650	265.04	706.6933	DEEP	-0.36	-4.97	NA	NA	-4.46
1651	265.2	707.3993	DEEP	-0.3	-4.8	NA	NA	-4.3
1652	265.36	708.09535	DEEP	-0.2	-4.8	NA	NA	-4.29
1653	265.52	708.8312	DEEP	-0.24	-5.07	NA	NA	-4.56
1654	265.68	709.5647	DEEP	-0.27	-5.46	NA	NA	-4.96
1655	265.84	710.3118	DEEP	-0.17	-5.87	NA	NA	-5.36
1656	266	711.04805	DEEP	-0.36	-6.58	NA	NA	-6.07
1657	266.16	711.7987	DEEP	-0.13	-6.94	NA	NA	-6.43
1658	266.32	712.54035	DEEP	-0.17	-6.7	NA	NA	-6.2
1689	271.28	731.9902	DEEP	0.73	-5.27	NA	NA	-4.76
1690	271.44	732.5398	DEEP	0.16	-5.7	NA	NA	-5.19
1691	271.6	733.0999	DEEP	-0.01	-6.06	NA	NA	-5.55
1692	271.77	733.6988	DEEP	-0.24	-6.63	NA	NA	-6.12
1693	271.92	734.2252	DEEP	0.18	-6.16	NA	NA	-5.65
1694	272.08	734.78665	DEEP	-0.04	-6.02	NA	NA	-5.51
1695	272.24	735.33655	DEEP	-0.16	-6.4	NA	NA	-5.9
1696	272.4	735.9032	DEEP	-0.39	-7.04	NA	NA	-6.53
1697	272.56	736.4558	DEEP	-0.19	-6.14	NA	NA	-5.64
1698	272.72	737.01645	DEEP	-0.45	-7.09	NA	NA	-6.58
1699	272.88	737.57565	DEEP	-0.07	-6.2	NA	NA	-5.69
1700	273.04	738.1339	DEEP	0.69	-5.42	NA	NA	-4.92
1701	273.2	738.6909	DEEP	1	-4.55	NA	NA	-4.04
1702	273.36	739.10335	DEEP	0.61	-5.57	NA	NA	-5.06
1703	273.52	739.5099	DEEP	-0.42	-6.93	NA	NA	-6.42
1704	273.68	739.90575	DEEP	-0.8	-6.85	NA	NA	-6.34
1705	273.84	740.3012	DEEP	-0.8	-7.22	NA	NA	-6.72
1706	274	740.70135	DEEP	-0.47	-6.81	NA	NA	-6.31
1707	274.16	741.08735	DEEP	-0.17	-6.41	NA	NA	-5.9
1708	274.32	741.4769	DEEP	-0.07	-5.9	NA	NA	-5.4
1709	274.48	741.87025	DEEP	-0.17	-6.5	NA	NA	-5.99
1710	274.64	742.222	DEEP	-0.07	-6.18	NA	NA	-5.67
1711	274.8	742.57265	DEEP	-0.18	-6.15	NA	NA	-5.65
1712	274.96	742.91755	DEEP	-0.16	-3.53	NA	NA	-3.03
1713	275.12	743.2696	DEEP	0.04	-5.54	NA	NA	-5.03
1719	276.08	745.46585	DEEP	NA	NA	12.09	-2.25	-6.38
1727	277.36	748.7907	DEEP	NA	NA	12.4	-2.03	-6.16
1736	278.8	752.6033	DEEP	NA	NA	12.81	-2.33	-6.45
1737	278.96	752.97645	DEEP	NA	NA	12.5	-1.99	-6.12
1742	279.76	754.90315	DEEP	NA	NA	12.93	-2.27	-6.4
1751	281.2	758.6104	DEEP	0.1	-4.7	NA	NA	-4.19
1752	281.36	759.0406	DEEP	-0.5	-5.5	NA	NA	-4.99
1753	281.52	759.47915	DEEP	-0.1	-5.1	NA	NA	-4.59
1760	282.64	762.5623	DEEP	-0.5	-6.8	NA	NA	-6.29
1761	282.8	763.02035	DEEP	-1.5	-7.7	NA	NA	-7.19
1762	282.96	763.47185	DEEP	-0.8	-6.6	NA	NA	-6.09
1763	283.12	763.92785	DEEP	-0.6	-6.2	NA	NA	-5.69
1764	283.28	764.3858	DEEP	-0.6	-6.5	NA	NA	-5.99
1770	284.24	767.05	DEEP	0.8	-5.1	NA	NA	-4.59
1771	284.4	767.49105	DEEP	0.1	-5.4	NA	NA	-4.89
1772	284.56	767.9392	DEEP	-1	-7.1	NA	NA	-6.59
1773	284.72	768.3851	DEEP	-1.1	-6.6	NA	NA	-6.09
1774	284.88	768.82695	DEEP	-0.9	-6.4	NA	NA	-5.89
1775	285.04	769.28705	DEEP	-0.4	-5.8	NA	NA	-5.29
1776	285.2	769.74775	DEEP	-0.3	-5.7	NA	NA	-5.19
1777	285.36	770.2044	DEEP	-0.1	-5.4	NA	NA	-4.89
1778	285.52	770.66685	DEEP	-0.5	-6.5	NA	NA	-5.99
1779	285.68	771.12815	DEEP	0.2	-5.8	NA	NA	-5.29
1780	285.84	771.59805	DEEP	0.4	-5.3	NA	NA	-4.79
1781	286	772.07035	DEEP	0	-5.5	NA	NA	-4.99
1782	286.16	772.544	DEEP	0.1	-5.4	NA	NA	-4.89
1783	286.32	773.13715	DEEP	0.4	-4.7	NA	NA	-4.19
1784	286.48	773.8015	DEEP	0.6	-4.1	NA	NA	-3.59
1785	286.64	774.4643	DEEP	0.2	-4.8	NA	NA	-4.29
1786	286.8	775.12775	DEEP	0	-4.5	NA	NA	-3.99
1787	286.96	775.78095	DEEP	0.1	-4.3	NA	NA	-3.79
1788	287.12	776.44725	DEEP	0	-4.4	NA	NA	-3.89
1789	287.28	777.0981	DEEP	0.2	-4.2	NA	NA	-3.69
1790	287.44	777.75755	DEEP	0.1	-4.2	NA	NA	-3.69
1791	287.6	778.48195	DEEP	0.2	-3.9	NA	NA	-3.39
1792	287.76	779.2696	DEEP	0.2	-4	NA	NA	-3.49
1793	287.92	780.0606	DEEP	-0.2	-4.7	NA	NA	-4.19
1795	288.23	781.5826	DEEP	-0.1	-4.5	NA	NA	-3.99
1796	288.4	782.42735	DEEP	-0.1	-4.8	NA	NA	-4.29
1797	288.56	783.2102	DEEP	-0.1	-5.1	NA	NA	-4.59
1798	288.72	783.9975	DEEP	-0.4	-5.4	NA	NA	-4.89
1799	288.88	784.72585	DEEP	-0.4	-5.7	NA	NA	-5.19
1800	289.04	785.4023	DEEP	0	-5.4	NA	NA	-4.89
1801	289.2	786.0715	DEEP	-0.1	-5.8	NA	NA	-5.29
1802	289.36	786.77185	DEEP	0.1	-6.1	NA	NA	-5.59
1803	289.52	787.4325	DEEP	0.6	-5.3	NA	NA	-4.79
1804	289.68	788.1194	DEEP	1.6	-4.1	NA	NA	-3.59
1805	289.84	788.80075	DEEP	1.8	-3.3	NA	NA	-2.79
1806	290	789.47875	DEEP	0.7	-3.5	NA	NA	-2.99
1836	294.8	807.6249	DEEP	NA	NA	12.17	-2.41	-6.54
1838	295.12	809.02975	DEEP	-0.1	-5	NA	NA	-4.49
1839	295.28	809.7291	DEEP	0.4	-3.1	NA	NA	-2.59
1840	295.44	810.3283	DEEP	-0.3	-4.3	NA	NA	-3.79
1842	295.76	811.45875	DEEP	0.8	-4.8	NA	NA	-4.29
1843	295.92	812.02545	DEEP	-0.4	-3	NA	NA	-2.49
1844	296.09	812.6246	DEEP	0.5	-3.7	NA	NA	-3.19
1845	296.24	813.15735	DEEP	0.3	-4.7	NA	NA	-4.19
1846	296.4	813.72565	DEEP	-0.1	-3.9	NA	NA	-3.39
1847	296.56	814.28925	DEEP	0	-2.8	NA	NA	-2.29
1848	296.72	814.8171	DEEP	-0.1	-3.8	NA	NA	-3.29
1849	296.88	815.33	DEEP	-0.6	-5.5	NA	NA	-4.99
1850	297.04	815.848	DEEP	-0.5	-5.5	NA	NA	-4.99
1851	297.2	816.36055	DEEP	0.1	-4.9	NA	NA	-4.39
1852	297.36	816.8754	DEEP	0.1	-4.7	NA	NA	-4.19
1853	297.52	817.3867	DEEP	0.1	-4.7	NA	NA	-4.19
1854	297.68	817.9014	DEEP	-0.1	-5	NA	NA	-4.49
1855	297.84	818.418	DEEP	-0.3	-5.1	NA	NA	-4.59
1856	298	818.89765	DEEP	-0.3	-5	NA	NA	-4.49
1857	298.16	819.36005	DEEP	-0.3	-4.8	NA	NA	-4.29
1858	298.32	819.8157	DEEP	-0.4	-5.1	NA	NA	-4.59
1859	298.48	820.27945	DEEP	-0.3	-5.2	NA	NA	-4.69
1860	298.64	820.7399	DEEP	-0.5	-5.5	NA	NA	-4.99
1861	298.8	821.19775	DEEP	-0.5	-5.9	NA	NA	-5.39
1862	298.96	821.66	DEEP	-0.2	-5.3	NA	NA	-4.79
1863	299.12	822.1217	DEEP	0.2	-4.9	NA	NA	-4.39
1864	299.28	822.54805	DEEP	0.1	-5.4	NA	NA	-4.89
1865	299.44	822.9437	DEEP	0.2	-4.7	NA	NA	-4.19
1866	299.6	823.33215	DEEP	0	-5	NA	NA	-4.49
1867	299.76	823.7287	DEEP	0	-5	NA	NA	-4.49
1868	299.92	824.11285	DEEP	-0.8	-6.3	NA	NA	-5.79
1870	300.24	824.8899	DEEP	-0.9	-6.5	NA	NA	-5.99
1871	300.4	825.2723	DEEP	-1	-6.4	NA	NA	-5.89
1872	300.56	825.6806	DEEP	-1.2	-6.4	NA	NA	-5.89
1873	300.72	826.13785	DEEP	-1.1	-5.9	NA	NA	-5.39
1874	300.88	826.59655	DEEP	-1.2	-6	NA	NA	-5.49
1875	301.04	827.05525	DEEP	-1.2	-6.1	NA	NA	-5.59
1876	301.2	827.5154	DEEP	-1.2	-6	NA	NA	-5.49
1877	301.36	827.97375	DEEP	-1	-5.7	NA	NA	-5.19
1878	301.52	828.43835	DEEP	-0.7	-5.4	NA	NA	-4.89
1883	302.32	831.6285	DEEP	-1.1	-5.8	NA	NA	-5.29
1884	302.48	832.36435	DEEP	-0.9	-5.3	NA	NA	-4.79
1885	302.64	833.1057	DEEP	-1.1	-5.7	NA	NA	-5.19
1886	302.8	833.84505	DEEP	-0.7	-5.2	NA	NA	-4.69
1887	302.96	834.56925	DEEP	-0.8	-5.5	NA	NA	-4.99
1888	303.12	835.3165	DEEP	-0.4	-5.5	NA	NA	-4.99
1889	303.28	836.32035	DEEP	0.4	-4.9	NA	NA	-4.39
1890	303.44	837.32335	DEEP	0	-5.2	NA	NA	-4.69
1891	303.6	838.3221	DEEP	-0.3	-5.5	NA	NA	-4.99
1892	303.76	839.32135	DEEP	-0.5	-6	NA	NA	-5.49
1893	303.92	840.32195	DEEP	-0.4	-5.7	NA	NA	-5.19
1894	304.08	841.31495	DEEP	-0.3	-5.4	NA	NA	-4.89
1895	304.24	842.30295	DEEP	-0.3	-5.5	NA	NA	-4.99
1896	304.4	843.29555	DEEP	-0.4	-5.8	NA	NA	-5.29
1897	304.56	844.27915	DEEP	-0.6	-5.9	NA	NA	-5.39
1898	304.72	845.26155	DEEP	-0.6	-5.8	NA	NA	-5.29
1899	304.89	846.31255	DEEP	-0.5	-5.5	NA	NA	-4.99
1900	305.04	847.2359	DEEP	0.5	-4.8	NA	NA	-4.29
1901	305.2	848.229	DEEP	0.7	-4.1	NA	NA	-3.59
1902	305.36	849.2331	DEEP	0.2	-4.9	NA	NA	-4.39
1903	305.52	850.23595	DEEP	0.1	-4.9	NA	NA	-4.39
1904	305.68	851.23215	DEEP	0.1	-5.1	NA	NA	-4.59
1905	305.84	852.24325	DEEP	-0.1	-5.1	NA	NA	-4.59
1906	306	853.27365	DEEP	-0.3	-5	NA	NA	-4.49
1907	306.16	854.3006	DEEP	-0.3	-4.6	NA	NA	-4.09
1908	306.32	855.32435	DEEP	0	-4.3	NA	NA	-3.79
1909	306.48	856.3425	DEEP	0.2	-3.5	NA	NA	-2.99
1910	306.64	857.36125	DEEP	-0.2	-3.5	NA	NA	-2.99
1911	306.8	858.3814	DEEP	-0.3	-3.8	NA	NA	-3.29
1912	306.96	859.40415	DEEP	-0.3	-3.9	NA	NA	-3.39
1913	307.12	860.3957	DEEP	-0.4	-4.5	NA	NA	-3.99
1914	307.28	861.44575	DEEP	-0.7	-5.2	NA	NA	-4.69
1915	307.44	862.37565	DEEP	-0.7	-5.6	NA	NA	-5.09
1916	307.6	863.36555	DEEP	-0.6	-5.7	NA	NA	-5.19
1917	307.76	864.3502	DEEP	-0.3	-5.8	NA	NA	-5.29
1918	307.92	865.34725	DEEP	-0.2	-5.7	NA	NA	-5.19
1919	308.08	866.3477	DEEP	0.3	-5.4	NA	NA	-4.89
1920	308.25	867.41625	DEEP	0.2	-5.6	NA	NA	-5.09
1926	309.2	871.16295	DEEP	NA	NA	11.66	-4.87	-8.98
1927	309.36	871.7611	DEEP	NA	NA	11.39	-4.79	-8.91
1930	309.84	873.33725	DEEP	NA	NA	11.53	-5.22	-9.34
1932	310.16	874.22565	DEEP	NA	NA	11.06	-3.43	-7.55
1934	310.48	875.1033	DEEP	NA	NA	11.59	-5.11	-9.22
1935	310.64	875.54125	DEEP	NA	NA	11.45	-4.28	-8.41
1936	310.8	875.9736	DEEP	NA	NA	11.31	-3.59	-7.71
1937	310.96	876.43965	DEEP	NA	NA	11.16	-4.36	-8.48
1941	311.6	878.5754	DEEP	NA	NA	11.2	-2.8	-6.93
1942	311.76	879.10755	DEEP	NA	NA	11.38	-3.24	-7.37
1945	312.24	880.7031	DEEP	NA	NA	11.92	-1.95	-6.08
1946	312.4	881.1796	DEEP	NA	NA	11.32	-2.75	-6.88
1947	312.56	881.6687	DEEP	NA	NA	11.62	-2.52	-6.65
1951	313.2	883.60925	DEEP	NA	NA	11.72	-2.55	-6.67
1955	313.84	885.6116	DEEP	NA	NA	12.14	-2.37	-6.5
1957	314.16	886.66125	DEEP	NA	NA	10.28	-4.99	-9.11
1959	314.48	887.72545	DEEP	NA	NA	11.41	-3.38	-7.5
1960	314.64	888.25755	DEEP	NA	NA	11.5	-2.93	-7.05
1966	315.6	892.66405	DEEP	NA	NA	11.11	-4.86	-8.98
1967	315.76	893.44085	DEEP	NA	NA	11.2	-4.39	-8.51
1970	316.24	895.9078	DEEP	NA	NA	11.17	-5.08	-9.2
1973	316.72	898.7944	DEEP	NA	NA	11.13	-4.22	-8.34
1974	316.88	899.749	DEEP	NA	NA	10.55	-3.31	-7.44
1975	317.04	900.6988	DEEP	-0.87	-6.11	NA	NA	-5.6
1976	317.19	901.59805	DEEP	-0.84	-6.26	NA	NA	-5.75
1977	317.36	902.6048	DEEP	-0.74	-6.26	NA	NA	-5.75
1978	317.52	903.50335	DEEP	-0.76	-6.17	NA	NA	-5.67
1979	317.68	904.38425	DEEP	-0.63	-5.99	NA	NA	-5.48
1980	317.84	905.28475	DEEP	-0.7	-5.92	NA	NA	-5.42
1981	318	906.16625	DEEP	-0.34	-5.48	NA	NA	-4.97
1982	318.16	907.05705	DEEP	-1.21	-6.69	NA	NA	-6.18
1983	318.32	907.9542	DEEP	-0.11	-5.54	NA	NA	-5.03
1984	318.48	908.8373	DEEP	-0.18	-5.8	NA	NA	-5.29
1985	318.64	909.7202	DEEP	-0.29	-6.28	NA	NA	-5.77
1986	318.8	910.76055	DEEP	-0.81	-6.57	NA	NA	-6.07
1990	319.44	915.5024	DEEP	NA	NA	12.1	-3.5	-7.63
1994	320.08	919.93365	DEEP	NA	NA	10.03	-3.96	-8.09
1996	320.4	920.71315	DEEP	NA	NA	11.89	-2.22	-6.35
1999	320.88	921.8647	DEEP	NA	NA	11.16	-2.68	-6.81
2000	321.04	922.2458	DEEP	NA	NA	10.89	-3.43	-7.56
2001	321.2	922.6238	DEEP	NA	NA	11.27	-3.18	-7.31
2002	321.36	922.98765	DEEP	NA	NA	11.95	-3.12	-7.25
2008	322.32	925.08965	DEEP	NA	NA	12.28	-3.3	-7.42
2017	323.76	928.65645	DEEP	NA	NA	12.56	-3.86	-7.99
2023	324.72	931.04095	DEEP	NA	NA	11.73	-3.77	-7.89
2026	325.2	932.23705	DEEP	-0.76	-6.86	NA	NA	-6.35
2027	325.36	932.62865	DEEP	-0.65	-6.79	NA	NA	-6.28
2028	325.52	933.02225	DEEP	-1.16	-6.89	NA	NA	-6.38
2029	325.68	933.4222	DEEP	-1.18	-7.57	NA	NA	-7.06
2030	325.84	933.82105	DEEP	-0.62	-6.55	NA	NA	-6.04
2034	326.48	935.43045	DEEP	-0.61	-6.67	NA	NA	-6.16
2035	326.64	935.84805	DEEP	-0.3	-5.97	NA	NA	-5.46
2036	326.8	936.277	DEEP	-1.61	-7.68	NA	NA	-7.18
2037	326.96	936.70695	DEEP	-0.8	-7.49	NA	NA	-6.98
2038	327.12	937.1411	DEEP	-1.02	-7.61	NA	NA	-7.1
2039	327.28	937.56805	DEEP	-0.8	-7.38	NA	NA	-6.87
2040	327.44	937.98745	DEEP	-0.4	-7.01	NA	NA	-6.5
2041	327.6	938.4111	DEEP	-0.66	-7.46	NA	NA	-6.95
2042	327.76	938.8432	DEEP	-0.42	-7.16	NA	NA	-6.66
2043	327.92	939.2421	DEEP	-0.42	-6.92	NA	NA	-6.42
2044	328.07	939.60935	DEEP	-0.86	-7.31	NA	NA	-6.8
2045	328.24	940.0253	DEEP	-1.21	-7.86	NA	NA	-7.35
2046	328.4	940.41405	DEEP	-0.59	-7.03	NA	NA	-6.53
2047	328.56	940.804	DEEP	-0.38	-6.66	NA	NA	-6.15
2048	328.72	941.1913	DEEP	-0.11	-6.15	NA	NA	-5.65
2049	328.88	941.5827	DEEP	-0.6	-6.5	NA	NA	-5.99
2050	329.04	941.98605	DEEP	-0.34	-6.26	NA	NA	-5.76
2051	329.2	942.40105	DEEP	-0.45	-6.69	NA	NA	-6.18
2052	329.36	942.8367	DEEP	-0.32	-5.78	NA	NA	-5.28
2053	329.52	943.26675	DEEP	0.21	-5.38	NA	NA	-4.88
2054	329.68	943.6998	DEEP	-0.49	-5.84	NA	NA	-5.33
2055	329.84	944.12095	DEEP	0.15	-5.41	NA	NA	-4.9
2056	330	944.55045	DEEP	-0.87	-6.36	NA	NA	-5.85
2057	330.16	944.97595	DEEP	-0.74	-6.57	NA	NA	-6.07
2058	330.32	945.4053	DEEP	-0.64	-6.53	NA	NA	-6.02
2059	330.48	945.83945	DEEP	-0.89	-6.57	NA	NA	-6.06
2060	330.64	946.3022	DEEP	-0.91	-6.69	NA	NA	-6.18
2061	330.8	946.76025	DEEP	-1.04	-6.8	NA	NA	-6.29
2062	330.96	947.2243	DEEP	-1	-6.6	NA	NA	-6.1
2063	331.12	947.681	DEEP	-0.9	-5.98	NA	NA	-5.47
2064	331.28	948.14075	DEEP	-1.23	-5.99	NA	NA	-5.49
2065	331.44	948.59765	DEEP	-1.18	-6.19	NA	NA	-5.69
2066	331.6	949.05425	DEEP	-0.63	-5.54	NA	NA	-5.04
2067	331.76	949.48855	DEEP	-1.13	-5.8	NA	NA	-5.29
2068	331.92	949.9133	DEEP	-1.15	-5.99	NA	NA	-5.49
2069	332.08	950.335	DEEP	-0.85	-5.85	NA	NA	-5.34
2070	332.24	950.7625	DEEP	-1.12	-6.08	NA	NA	-5.57
2071	332.4	951.1868	DEEP	-1.12	-6.49	NA	NA	-5.98
2072	332.56	951.60885	DEEP	-1.04	-6.3	NA	NA	-5.79
2073	332.72	952.0349	DEEP	-1.04	-6.61	NA	NA	-6.1
2074	332.88	952.45605	DEEP	-0.77	-6.44	NA	NA	-5.94
2075	333.04	952.8795	DEEP	-1.04	-6.73	NA	NA	-6.22
2076	333.2	953.3594	DEEP	-0.91	-6.49	NA	NA	-5.98
2077	333.36	953.83915	DEEP	-0.6	-6.41	NA	NA	-5.9
2078	333.52	954.31715	DEEP	-0.07	-6.11	NA	NA	-5.6
2079	333.68	954.7946	DEEP	0.13	-6.38	NA	NA	-5.87
2080	333.84	955.2696	DEEP	0.32	-6.16	NA	NA	-5.65
2081	334	955.74975	DEEP	-0.05	-6.66	NA	NA	-6.16
2082	334.16	956.22555	DEEP	-0.3	-7.11	NA	NA	-6.6
2083	334.34	956.75485	DEEP	0.29	-6.65	NA	NA	-6.14
2084	334.48	957.1634	DEEP	-0.31	-6.8	NA	NA	-6.3
2085	334.64	957.62065	DEEP	-0.34	-7.04	NA	NA	-6.53
2086	334.8	958.07685	DEEP	-0.09	-6.98	NA	NA	-6.48
2087	334.96	958.55115	DEEP	-0.01	-7.21	NA	NA	-6.7
2088	335.12	959.0233	DEEP	-0.21	-7.12	NA	NA	-6.61
2089	335.28	959.49625	DEEP	0.08	-7	NA	NA	-6.49
2090	335.43	959.94755	DEEP	-0.37	-7.65	NA	NA	-7.14
2091	335.6	960.4394	DEEP	0.12	-7.06	NA	NA	-6.55
2092	335.76	960.8492	DEEP	0.16	-6.84	NA	NA	-6.33
2093	335.92	961.2461	DEEP	0.28	-6.57	NA	NA	-6.06
2094	336.08	961.65025	DEEP	0.29	-6.67	NA	NA	-6.16
2095	336.24	962.0654	DEEP	0.08	-6.65	NA	NA	-6.14
2096	336.4	962.47695	DEEP	0.01	-7.34	NA	NA	-6.83
2097	336.56	962.8904	DEEP	-0.33	-7.69	NA	NA	-7.19
2098	336.72	963.29595	DEEP	-0.26	-6.03	NA	NA	-5.52
2100	337.04	964.05575	DEEP	1.12	-6.5	NA	NA	-5.99
2102	337.36	964.74975	DEEP	NA	NA	10.97	-4.47	-8.59
2104	337.68	965.44195	DEEP	NA	NA	11.16	-3.5	-7.63
2107	338.16	966.45885	DEEP	NA	NA	10.43	-3.76	-7.88
2110	338.64	967.40855	DEEP	NA	NA	10.2	-4.65	-8.76
2112	338.96	968.0332	DEEP	NA	NA	11.63	-3.7	-7.82
2113	339.12	968.3412	DEEP	NA	NA	11.85	-3.42	-7.54
2114	339.28	968.648	DEEP	NA	NA	11.58	-4.48	-8.6
2115	339.44	968.95885	DEEP	NA	NA	11.98	-3.54	-7.67
2117	339.76	969.59465	DEEP	NA	NA	10.74	-4.5	-8.62
2127	341.36	972.78135	DEEP	NA	NA	10.92	-3.71	-7.83
2129	341.68	973.44305	DEEP	-0.62	-7.27	NA	NA	-6.76
2130	341.84	973.77025	DEEP	-0.26	-7.4	NA	NA	-6.89
2131	342	974.0936	DEEP	-0.01	-7.02	NA	NA	-6.51
2132	342.16	974.42745	DEEP	0.29	-6.72	NA	NA	-6.22
2133	342.32	974.7663	DEEP	0.18	-6.76	NA	NA	-6.26
2134	342.48	975.102	DEEP	-0.32	-7.36	NA	NA	-6.85
2135	342.64	975.445	DEEP	-0.3	-7.44	NA	NA	-6.93
2136	342.8	975.77715	DEEP	0.11	-7.09	NA	NA	-6.58
2137	342.94	976.083	DEEP	-0.07	-7.25	NA	NA	-6.74
2138	343.12	976.4495	DEEP	-0.1	-7.27	NA	NA	-6.76
2139	343.28	976.79975	DEEP	-0.28	-7.36	NA	NA	-6.85
2140	343.44	977.1312	DEEP	-0.26	-7.29	NA	NA	-6.78
2141	343.6	977.42655	DEEP	-0.13	-7.34	NA	NA	-6.83
2142	343.76	977.7229	DEEP	-0.27	-6.82	NA	NA	-6.31
2143	343.92	978.0214	DEEP	-0.49	-7.9	NA	NA	-7.39
2144	344.09	978.3378	DEEP	-0.47	-7.75	NA	NA	-7.24
2145	344.24	978.6277	DEEP	-0.48	-7.15	NA	NA	-6.64
2146	344.42	978.9658	DEEP	-0.26	-7.51	NA	NA	-7
2147	344.56	979.2331	DEEP	-0.24	-6.93	NA	NA	-6.42
2148	344.72	979.5329	DEEP	0.42	-6.06	NA	NA	-5.55
2149	344.88	979.80455	DEEP	0.06	-6.56	NA	NA	-6.06
2150	345.04	980.0793	DEEP	-0.16	-6.74	NA	NA	-6.23
2151	345.2	980.3548	DEEP	1.09	-5.87	NA	NA	-5.37
2152	345.36	980.62905	DEEP	0.27	-5.09	NA	NA	-4.58
2155	345.84	981.4593	DEEP	0.7	-6.41	NA	NA	-5.9
2156	346	981.7377	DEEP	-1.01	-7.13	NA	NA	-6.62
2159	346.48	982.6675	DEEP	-0.33	-5.71	NA	NA	-5.2
2164	347.28	984.2675	DEEP	NA	NA	10.5	-5.94	-10.05
2165	347.44	984.71205	DEEP	NA	NA	11.19	-4.39	-8.51
2168	347.92	986.1835	DEEP	-0.07	-6.13	NA	NA	-5.62
2169	348.08	986.68085	DEEP	0.8	-5.67	NA	NA	-5.16
2170	348.24	987.17275	DEEP	-0.2	-6.24	NA	NA	-5.73
2171	348.4	987.65195	DEEP	-0.25	-6.56	NA	NA	-6.05
2172	348.56	988.14035	DEEP	-0.63	-6.99	NA	NA	-6.49
2173	348.72	988.8569	DEEP	-0.1	-6.72	NA	NA	-6.21
2174	348.88	989.7133	DEEP	0.39	-6.51	NA	NA	-6
2175	349.04	990.5617	DEEP	-0.13	-7.21	NA	NA	-6.7
2176	349.2	991.4049	DEEP	0.24	-6.69	NA	NA	-6.18
2177	349.36	992.2506	DEEP	0.23	-6.62	NA	NA	-6.12
2178	349.52	993.0892	DEEP	-0.07	-6.88	NA	NA	-6.37
2179	349.68	993.9235	DEEP	0.49	-6.38	NA	NA	-5.87
2180	349.84	994.7531	DEEP	0.32	-6.49	NA	NA	-5.99
2181	350	995.60965	DEEP	-0.19	-7.12	NA	NA	-6.61
2182	350.16	996.50055	DEEP	-0.31	-7.2	NA	NA	-6.69
2183	350.32	997.4072	DEEP	-0.51	-7.34	NA	NA	-6.83
2184	350.48	998.3183	DEEP	-0.17	-7	NA	NA	-6.49
2185	350.64	999.22635	DEEP	-0.26	-7.09	NA	NA	-6.58
2186	350.81	1000.201	DEEP	-0.66	-7.85	NA	NA	-7.34
2187	350.96	1001.0475	DEEP	-0.78	-7.99	NA	NA	-7.49
2188	351.12	1001.952	DEEP	-0.46	-7.33	NA	NA	-6.82
2189	351.28	1002.772	DEEP	-0.18	-6.19	NA	NA	-5.68
2194	352.08	1006.3445	DEEP	NA	NA	12.48	-3.68	-7.81
2204	353.68	1011.613	DEEP	NA	NA	12.45	-4.45	-8.57
2212	354.96	1015.127	DEEP	-0.81	-6.62	NA	NA	-6.12
2213	355.12	1015.564	DEEP	-1.22	-7.43	NA	NA	-6.93
2214	355.28	1016.0015	DEEP	-1.1	-7.42	NA	NA	-6.91
2215	355.44	1016.4435	DEEP	-0.6	-7.04	NA	NA	-6.53
2216	355.6	1016.8785	DEEP	-0.76	-6.7	NA	NA	-6.2
2217	355.76	1017.316	DEEP	-0.76	-6.76	NA	NA	-6.25
2218	355.92	1017.749	DEEP	-1.08	-6.02	NA	NA	-5.51
2219	356.08	1018.19	DEEP	-0.3	-5.92	NA	NA	-5.41
2224	356.88	1020.406	DEEP	-0.37	-5.2	NA	NA	-4.69
2225	357.04	1020.8565	DEEP	-0.45	-6.79	NA	NA	-6.28
2226	357.2	1021.3	DEEP	-0.34	-6.98	NA	NA	-6.47
2227	357.36	1021.743	DEEP	-0.21	-6.93	NA	NA	-6.42
2228	357.52	1022.1945	DEEP	-0.25	-6.91	NA	NA	-6.4
2229	357.68	1022.635	DEEP	-0.16	-6.87	NA	NA	-6.37
2230	357.84	1023.0605	DEEP	-0.38	-7.11	NA	NA	-6.6
2231	358	1023.4835	DEEP	0.33	-6.54	NA	NA	-6.03
2232	358.16	1023.9135	DEEP	0.17	-6.68	NA	NA	-6.17
2233	358.32	1024.343	DEEP	0.35	-6.56	NA	NA	-6.05
2234	358.48	1024.77	DEEP	0.21	-6.85	NA	NA	-6.34
2235	358.64	1025.1995	DEEP	0.38	-6.61	NA	NA	-6.11
2236	358.8	1025.621	DEEP	0.69	-6.42	NA	NA	-5.92
2237	358.96	1026.052	DEEP	0.63	-6.6	NA	NA	-6.1
2238	359.12	1026.478	DEEP	0.38	-6.83	NA	NA	-6.32
2239	359.28	1026.8985	DEEP	0.08	-7.07	NA	NA	-6.57
2240	359.44	1027.33	DEEP	0.74	-5.95	NA	NA	-5.45
2241	359.6	1027.75	DEEP	0.41	-6.1	NA	NA	-5.59
2242	359.76	1028.1865	DEEP	-0.08	-6.88	NA	NA	-6.38
2243	359.92	1028.609	DEEP	0.01	-7.12	NA	NA	-6.61
2244	360.08	1029.0455	DEEP	0.05	-7.08	NA	NA	-6.57
2245	360.24	1029.4685	DEEP	-0.03	-7.42	NA	NA	-6.91
2246	360.41	1029.8915	DEEP	0.05	-7.19	NA	NA	-6.69
2247	360.56	1030.239	DEEP	-0.1	-7.49	NA	NA	-6.98
2248	360.72	1030.6095	DEEP	-0.61	-7.53	NA	NA	-7.02
2249	360.88	1030.9785	DEEP	-0.73	-7.15	NA	NA	-6.64
2250	361.04	1031.349	DEEP	-0.25	-6.44	NA	NA	-5.93
2251	361.2	1031.7225	DEEP	-0.76	-6.51	NA	NA	-6
2252	361.36	1032.1065	DEEP	-0.33	-6.54	NA	NA	-6.03
2256	362	1033.7745	DEEP	NA	NA	11.62	-3.83	-7.96
2258	362.32	1034.6595	DEEP	NA	NA	11.51	-4.3	-8.42
2259	362.48	1035.1115	DEEP	NA	NA	11.65	-3.61	-7.74
2260	362.64	1035.5565	DEEP	NA	NA	11.74	-3.25	-7.38
2261	362.8	1036.0065	DEEP	NA	NA	11.53	-3.72	-7.84
2262	362.96	1036.5015	DEEP	NA	NA	11.36	-3.5	-7.63
2266	363.6	1038.949	DEEP	NA	NA	12.28	-3.17	-7.29
2271	364.4	1041.987	DEEP	NA	NA	11.92	-2.81	-6.94
2285	366.64	1051.034	DEEP	NA	NA	10.12	-4.08	-8.2
2287	366.96	1052.3025	DEEP	NA	NA	10.81	-4.03	-8.15
2295	368.24	1057.146	DEEP	NA	NA	10.23	-4.53	-8.65
2301	369.2	1060.093	DEEP	-0.03	-5.82	NA	NA	-5.32
2302	369.36	1060.591	DEEP	-2	-6.01	NA	NA	-5.5
2303	369.52	1061.0295	DEEP	-1.31	-6.84	NA	NA	-6.33
2304	369.68	1061.4515	DEEP	-1.37	-6.79	NA	NA	-6.28
2305	369.84	1061.8805	DEEP	-1.82	-7	NA	NA	-6.49
2306	370	1062.3015	DEEP	-1.77	-7.17	NA	NA	-6.67
2307	370.16	1062.718	DEEP	-1.5	-7.15	NA	NA	-6.64
2308	370.32	1063.135	DEEP	-1.63	-6.77	NA	NA	-6.26
2309	370.48	1063.556	DEEP	-1.76	-7.14	NA	NA	-6.63
2310	370.64	1063.974	DEEP	-1.52	-6.87	NA	NA	-6.37
2311	370.8	1064.377	DEEP	-1.67	-6.9	NA	NA	-6.39
2312	370.96	1064.787	DEEP	-1.57	-6.93	NA	NA	-6.42
2313	371.12	1065.202	DEEP	-1.54	-6.97	NA	NA	-6.46
2314	371.28	1065.6175	DEEP	-1.43	-6.53	NA	NA	-6.02
2315	371.44	1066.0175	DEEP	-1.85	-7.44	NA	NA	-6.93
2316	371.6	1066.4365	DEEP	-1.85	-7.3	NA	NA	-6.79
2317	371.76	1066.8485	DEEP	-1.74	-7.26	NA	NA	-6.75
2318	371.92	1067.257	DEEP	-1.81	-7.8	NA	NA	-7.29
2319	372.08	1067.6795	DEEP	-1.6	-7.57	NA	NA	-7.07
2320	372.24	1068.0965	DEEP	-1.34	-7.11	NA	NA	-6.6
2321	372.4	1068.527	DEEP	-0.87	-6.79	NA	NA	-6.28
2322	372.56	1068.9605	DEEP	-1.14	-7.24	NA	NA	-6.73
2323	372.72	1069.3965	DEEP	-0.95	-6.73	NA	NA	-6.22
2324	372.88	1069.8225	DEEP	-1.2	-6.65	NA	NA	-6.14
2325	373.04	1070.2575	DEEP	-1	-6.55	NA	NA	-6.05
2326	373.2	1070.686	DEEP	-0.65	-6.13	NA	NA	-5.62
2327	373.36	1071.13	DEEP	-0.18	-5.31	NA	NA	-4.81
2328	373.52	1071.636	DEEP	-0.3	-6.07	NA	NA	-5.56
2329	373.68	1072.1445	DEEP	-0.39	-5.96	NA	NA	-5.45
2330	373.84	1072.648	DEEP	-0.33	-6.14	NA	NA	-5.63
2331	374	1073.1585	DEEP	-0.58	-6.76	NA	NA	-6.25
2332	374.16	1073.6685	DEEP	-0.34	-6.13	NA	NA	-5.63
2333	374.32	1074.1875	DEEP	-1.04	-7.09	NA	NA	-6.58
2334	374.49	1074.7285	DEEP	-0.84	-6.82	NA	NA	-6.31
2335	374.64	1075.208	DEEP	-0.6	-6.51	NA	NA	-6.01
2336	374.8	1075.765	DEEP	-0.29	-6.26	NA	NA	-5.76
2337	374.96	1076.3195	DEEP	-0.35	-6.49	NA	NA	-5.98
2338	375.12	1076.8775	DEEP	-0.43	-6.93	NA	NA	-6.42
2339	375.28	1077.4405	DEEP	-1.33	-8.16	NA	NA	-7.65
2340	375.44	1078.0085	DEEP	-1.21	-7.64	NA	NA	-7.13
2341	375.6	1078.5625	DEEP	-1.26	-7.41	NA	NA	-6.9
2342	375.76	1079.1205	DEEP	-1.07	-6.83	NA	NA	-6.32
2343	375.92	1079.67	DEEP	-0.55	-5.86	NA	NA	-5.36
2344	376.08	1080.2405	DEEP	-1.11	-6.45	NA	NA	-5.94
2345	376.24	1080.8045	DEEP	-1.25	-6.7	NA	NA	-6.19
2346	376.4	1081.368	DEEP	-1.72	-7.56	NA	NA	-7.05
2347	376.56	1081.9215	DEEP	-1.3	-6.87	NA	NA	-6.36
2348	376.72	1082.476	DEEP	-1.39	-6.69	NA	NA	-6.18
2349	376.88	1083.034	DEEP	-1.51	-6.74	NA	NA	-6.23
2350	377.04	1083.587	DEEP	-1.58	-6.88	NA	NA	-6.37
2351	377.2	1084.145	DEEP	-1.48	-6.64	NA	NA	-6.13
2352	377.36	1084.709	DEEP	-1.62	-6.65	NA	NA	-6.15
2353	377.52	1085.295	DEEP	-1.5	-6.49	NA	NA	-5.98
2354	377.68	1085.858	DEEP	-1.2	-6.37	NA	NA	-5.86
2355	377.84	1086.435	DEEP	-1.54	-6.48	NA	NA	-5.97
2356	378	1086.9965	DEEP	-1.37	-6.51	NA	NA	-6.01
2357	378.16	1087.572	DEEP	-1.25	-6.19	NA	NA	-5.68
2358	378.32	1088.1375	DEEP	-1.27	-6.5	NA	NA	-5.99
2359	378.48	1088.6945	DEEP	-0.81	-5.83	NA	NA	-5.32
2360	378.64	1089.2915	DEEP	-1.01	-6.28	NA	NA	-5.78
2361	378.8	1089.8965	DEEP	-0.85	-6.33	NA	NA	-5.82
2362	378.96	1090.501	DEEP	-1.09	-6.75	NA	NA	-6.24
2363	379.12	1091.103	DEEP	-1.12	-7.28	NA	NA	-6.77
2364	379.28	1091.7135	DEEP	-0.7	-6.58	NA	NA	-6.07
2365	379.44	1092.315	DEEP	-0.7	-7.18	NA	NA	-6.67
2366	379.6	1092.922	DEEP	-0.56	-7.49	NA	NA	-6.99
2367	379.76	1093.53	DEEP	-0.55	-7.42	NA	NA	-6.91
2368	379.92	1094.0895	DEEP	-0.96	-8.71	NA	NA	-8.2
2375	381.04	1097.8205	DEEP	NA	NA	10.45	-2.45	-6.58
2378	381.52	1099.3505	DEEP	NA	NA	10.62	-2.27	-6.4
2390	383.44	1105.1175	DEEP	-0.19	-6.29	NA	NA	-5.79
2391	383.6	1105.5875	DEEP	-0.74	-6.66	NA	NA	-6.16
2392	383.76	1106.0525	DEEP	-1.03	-7.36	NA	NA	-6.85
2393	383.92	1106.542	DEEP	-0.85	-6.99	NA	NA	-6.49
2394	384.07	1107.014	DEEP	-0.4	-6.42	NA	NA	-5.91
2395	384.24	1107.5425	DEEP	-0.73	-6.82	NA	NA	-6.31
2396	384.4	1108.037	DEEP	-1	-7.3	NA	NA	-6.79
2397	384.56	1108.5295	DEEP	-0.57	-6.74	NA	NA	-6.24
2398	384.74	1109.0875	DEEP	-0.65	-7.4	NA	NA	-6.89
2399	384.9	1109.583	DEEP	-0.62	-6.79	NA	NA	-6.29
2400	385.04	1110.013	DEEP	-0.35	-6.76	NA	NA	-6.26
2401	385.2	1110.486	DEEP	0.08	-5.84	NA	NA	-5.34
2402	385.36	1110.9745	DEEP	-0.41	-6.98	NA	NA	-6.47
2403	385.52	1111.4665	DEEP	-0.36	-7.06	NA	NA	-6.55
2404	385.68	1111.945	DEEP	-0.28	-6.98	NA	NA	-6.47
2405	385.84	1112.423	DEEP	-0.28	-6.89	NA	NA	-6.38
2406	385.99	1112.8735	DEEP	-0.55	-7.17	NA	NA	-6.66
2407	386.16	1113.3895	DEEP	-0.84	-7.74	NA	NA	-7.23
2408	386.32	1113.866	DEEP	-0.7	-7.64	NA	NA	-7.13
2409	386.48	1114.3355	DEEP	-0.99	-8.09	NA	NA	-7.58
2410	386.64	1114.8035	DEEP	-1.22	-7.73	NA	NA	-7.22
2411	386.8	1115.272	DEEP	-1.29	-8.16	NA	NA	-7.66
2417	387.76	1118.117	DEEP	NA	NA	11.3	-2.74	-6.86
2423	388.72	1121.228	DEEP	NA	NA	11.01	-2.46	-6.59
2431	390	1125.884	DEEP	NA	NA	11.64	-2.6	-6.72
2440	391.44	1131.4945	DEEP	NA	NA	11.78	-3.3	-7.42
2447	392.56	1136.696	DEEP	NA	NA	11.31	-3.47	-7.6
2456	394	1143.459	DEEP	NA	NA	11.45	-3.74	-7.87
2471	396.4	1152.8605	DEEP	-1.28	-7.9	NA	NA	-7.4
2472	396.56	1153.2465	DEEP	-1.2	-7.63	NA	NA	-7.13
2473	396.72	1153.625	DEEP	-0.85	-7.36	NA	NA	-6.85
2474	396.88	1154.0945	DEEP	-0.55	-6.81	NA	NA	-6.3
2475	397.04	1154.5735	DEEP	-0.8	-7.17	NA	NA	-6.67
2476	397.2	1155.0455	DEEP	-1.22	-7.44	NA	NA	-6.94
2477	397.36	1155.5145	DEEP	-1.72	-7.5	NA	NA	-7
2478	397.52	1155.987	DEEP	-1.78	-7.41	NA	NA	-6.9
2479	397.68	1156.443	DEEP	-1.8	-7.31	NA	NA	-6.8
2480	397.84	1156.901	DEEP	-1.53	-7.14	NA	NA	-6.63
2481	398	1157.3615	DEEP	-1.77	-7.2	NA	NA	-6.69
2482	398.16	1157.855	DEEP	-1.81	-7.31	NA	NA	-6.81
2483	398.32	1158.3485	DEEP	-1.78	-7.36	NA	NA	-6.85
2484	398.48	1158.842	DEEP	-1.71	-7.19	NA	NA	-6.69
2485	398.64	1159.344	DEEP	-1.92	-7.62	NA	NA	-7.11
2486	398.8	1159.844	DEEP	-1.9	-7.66	NA	NA	-7.15
2487	398.96	1160.3445	DEEP	-1.76	-7.86	NA	NA	-7.35
2488	399.12	1160.8415	DEEP	-1.43	-7.4	NA	NA	-6.89
2489	399.28	1161.325	DEEP	-1.72	-7.69	NA	NA	-7.18
2490	399.44	1161.7635	DEEP	-1.49	-7.39	NA	NA	-6.88
2491	399.6	1162.184	DEEP	-1.3	-7.41	NA	NA	-6.91
2492	399.76	1162.6	DEEP	-1.68	-8.12	NA	NA	-7.61
2493	399.92	1163.021	DEEP	-0.75	-7	NA	NA	-6.5
2494	400.08	1163.4465	DEEP	-0.76	-6.94	NA	NA	-6.43
2495	400.24	1163.867	DEEP	-0.4	-6.74	NA	NA	-6.23
2496	400.4	1164.281	DEEP	-0.74	-7.15	NA	NA	-6.64
2497	400.56	1164.708	DEEP	-0.9	-7.38	NA	NA	-6.87
2498	400.72	1165.135	DEEP	-0.34	-6.65	NA	NA	-6.15
2499	400.88	1165.5765	DEEP	-0.23	-6.72	NA	NA	-6.21
2500	401.04	1166.019	DEEP	-0.25	-6.93	NA	NA	-6.42
2501	401.2	1166.4545	DEEP	-0.2	-7.01	NA	NA	-6.5
2502	401.36	1166.897	DEEP	-0.49	-7.18	NA	NA	-6.68
2503	401.52	1167.3465	DEEP	-0.48	-7.28	NA	NA	-6.78
2504	401.68	1167.7985	DEEP	-0.77	-7.26	NA	NA	-6.75
2505	401.84	1168.2445	DEEP	-0.77	-7.14	NA	NA	-6.63
2506	402	1168.6845	DEEP	-0.71	-7.5	NA	NA	-6.99
2507	402.16	1169.121	DEEP	-0.33	-6.37	NA	NA	-5.87
2508	402.32	1169.5645	DEEP	-0.49	-6.88	NA	NA	-6.37
2509	402.48	1170.016	DEEP	-0.96	-7.18	NA	NA	-6.67
2510	402.64	1170.4595	DEEP	-0.94	-7.19	NA	NA	-6.68
2511	402.8	1170.91	DEEP	-1.53	-7.89	NA	NA	-7.39
2512	402.96	1171.352	DEEP	-1.24	-7.12	NA	NA	-6.62
2513	403.12	1171.7995	DEEP	-1.32	-7.69	NA	NA	-7.18
2514	403.28	1172.379	DEEP	-1.47	-7.46	NA	NA	-6.95
2515	403.44	1173.171	DEEP	-1.7	-7.85	NA	NA	-7.35
2516	403.6	1173.9765	DEEP	-1.37	-7.14	NA	NA	-6.63
2517	403.76	1174.7885	DEEP	-1.38	-7.59	NA	NA	-7.08
2518	403.92	1175.583	DEEP	-1.74	-7.87	NA	NA	-7.36
2519	404.08	1176.3765	DEEP	-1.69	-7.6	NA	NA	-7.1
2521	404.4	1177.962	DEEP	-1.42	-7.05	NA	NA	-6.55
2522	404.56	1178.751	DEEP	-1.61	-7.07	NA	NA	-6.56
2523	404.72	1179.5535	DEEP	-1.43	-7.13	NA	NA	-6.62
2524	404.88	1180.348	DEEP	-1.7	-7.07	NA	NA	-6.56
2525	405.04	1181.1445	DEEP	-1.62	-7.41	NA	NA	-6.9
2526	405.2	1181.937	DEEP	-1.4	-7.17	NA	NA	-6.67
2527	405.36	1182.74	DEEP	-1.2	-6.75	NA	NA	-6.24
2528	405.52	1183.532	DEEP	-0.83	-6.36	NA	NA	-5.85
2529	405.68	1184.3185	DEEP	-1.04	-5.98	NA	NA	-5.47
2530	405.84	1185.147	DEEP	-0.97	-7.02	NA	NA	-6.52
2531	406	1186.2185	DEEP	-0.79	-7.87	NA	NA	-7.37
2532	406.16	1187.291	DEEP	-1.19	-7.93	NA	NA	-7.42
2533	406.32	1188.3765	DEEP	-0.71	-7.06	NA	NA	-6.55
2534	406.48	1189.4575	DEEP	-1.92	-7.84	NA	NA	-7.33
2537	406.96	1192.7185	DEEP	NA	NA	12.39	-2.69	-6.82
2547	408.56	1202.474	DEEP	NA	NA	11.81	-3.48	-7.61
2557	410.16	1212.0915	DEEP	NA	NA	11.75	-2.98	-7.11
2573	412.72	1221.8675	DEEP	-2.59	-8.2	NA	NA	-7.7
2574	412.88	1222.484	DEEP	-2.74	-8.32	NA	NA	-7.81
2575	413.04	1223.1005	DEEP	-2.52	-8.85	NA	NA	-8.34
2576	413.2	1223.728	DEEP	-2.01	-7.98	NA	NA	-7.48
2577	413.36	1224.3405	DEEP	-1.8	-7.84	NA	NA	-7.33
2578	413.52	1224.9585	DEEP	-1.68	-7.78	NA	NA	-7.28
2579	413.68	1225.557	DEEP	-1.32	-7.55	NA	NA	-7.04
2580	413.84	1226.1215	DEEP	-1.6	-7.66	NA	NA	-7.16
2581	414	1226.6935	DEEP	-1.61	-7.67	NA	NA	-7.16
2582	414.16	1227.274	DEEP	-0.93	-7.49	NA	NA	-6.98
2583	414.32	1227.86	DEEP	-1.63	-7.9	NA	NA	-7.39
2584	414.48	1228.4475	DEEP	-2.27	-8.21	NA	NA	-7.7
2585	414.64	1229.0315	DEEP	-2.21	-7.66	NA	NA	-7.15
2586	414.8	1229.6055	DEEP	-1.96	-7.36	NA	NA	-6.85
2587	414.96	1230.1395	DEEP	-1.12	-7.08	NA	NA	-6.57
2588	415.12	1230.5995	DEEP	-1.81	-6.95	NA	NA	-6.44
2589	415.28	1231.0585	DEEP	-1.57	-6.84	NA	NA	-6.33
2590	415.44	1231.517	DEEP	-1.69	-6.36	NA	NA	-5.86
2591	415.6	1231.9715	DEEP	-1.74	-6.09	NA	NA	-5.58
2592	415.76	1232.4235	DEEP	-1.76	-6.46	NA	NA	-5.95
2593	415.91	1232.9445	DEEP	-1.81	-6.61	NA	NA	-6.1
2594	416.08	1233.317	DEEP	-1.59	-6.59	NA	NA	-6.08
2595	416.24	1233.77	DEEP	-1.87	-6.6	NA	NA	-6.09
2596	416.4	1234.2435	DEEP	-1.82	-7	NA	NA	-6.49
2597	416.56	1234.718	DEEP	-1.59	-6.45	NA	NA	-5.95
2598	416.72	1235.183	DEEP	-1.92	-6.83	NA	NA	-6.32
2599	416.88	1235.6615	DEEP	-2.29	-6.84	NA	NA	-6.33
2600	417.04	1236.147	DEEP	-2.11	-6.88	NA	NA	-6.37
2601	417.2	1236.6165	DEEP	-2.08	-6.73	NA	NA	-6.22
2602	417.36	1237.097	DEEP	-1.74	-6.58	NA	NA	-6.07
2603	417.52	1237.5725	DEEP	-2.14	-6.99	NA	NA	-6.49
2604	417.68	1238.0405	DEEP	-1.89	-6.83	NA	NA	-6.33
2605	417.84	1238.5045	DEEP	-2.39	-7.43	NA	NA	-6.93
2606	418	1238.9695	DEEP	-2.35	-7.39	NA	NA	-6.88
2607	418.16	1239.4415	DEEP	-2.32	-7.5	NA	NA	-6.99
2608	418.32	1239.9135	DEEP	-2.04	-7.15	NA	NA	-6.64
2609	418.48	1240.383	DEEP	-1.92	-7.15	NA	NA	-6.64
2610	418.64	1240.8505	DEEP	-2.02	-7.48	NA	NA	-6.98
2611	418.8	1241.329	DEEP	-1.69	-7.73	NA	NA	-7.22
2612	418.96	1241.812	DEEP	-1.64	-7.73	NA	NA	-7.22
2613	419.12	1242.3075	DEEP	-1.54	-7.71	NA	NA	-7.21
2614	419.28	1242.804	DEEP	-1.73	-8.04	NA	NA	-7.53
2615	419.44	1243.307	DEEP	-1.94	-8.22	NA	NA	-7.71
2621	420.4	1246.1385	DEEP	NA	NA	12.36	-2.59	-6.72
2626	421.2	1248.2985	DEEP	NA	NA	11.29	-2.96	-7.09
2631	422	1251.4245	DEEP	NA	NA	12.4	-3.04	-7.16
2636	422.8	1254.9915	DEEP	NA	NA	11.3	-2.5	-6.63
2653	425.52	1270.5795	DEEP	-2.48	-7.89	NA	NA	-7.39
2654	425.68	1272.3945	DEEP	-2.07	-5.86	NA	NA	-5.35
2655	425.84	1274.2175	DEEP	-2.17	-6.76	NA	NA	-6.25
2656	426	1276.048	DEEP	-1.93	-7.65	NA	NA	-7.14
2657	426.16	1277.8795	DEEP	-2.11	-8.28	NA	NA	-7.77
2658	426.32	1279.706	DEEP	-1.95	-7.25	NA	NA	-6.74
2659	426.48	1281.541	DEEP	-2.3	-8.7	NA	NA	-8.19
2660	426.64	1283.2365	DEEP	-1.68	-8.66	NA	NA	-8.15
2661	426.8	1284.194	DEEP	-1.59	-8.42	NA	NA	-7.92
2662	426.96	1285.1535	DEEP	-2.17	-8.19	NA	NA	-7.69
2663	427.12	1286.119	DEEP	-1.8	-7.56	NA	NA	-7.05
2664	427.28	1287.0835	DEEP	-1.98	-8.12	NA	NA	-7.62
2665	427.44	1288.078	DEEP	-2.21	-8.91	NA	NA	-8.4
2666	427.6	1289.0335	DEEP	-2.15	-8	NA	NA	-7.49
2671	428.4	1292.6695	DEEP	NA	NA	11.41	-3.57	-7.7
2674	428.88	1294.373	DEEP	NA	NA	11.38	-3.15	-7.28
2687	430.96	1302.262	DEEP	-2.01	-8.52	NA	NA	-8.01
2688	431.12	1302.946	DEEP	-1.78	-8.96	NA	NA	-8.45
2689	431.28	1303.6235	DEEP	-1.72	-8.81	NA	NA	-8.31
2690	431.44	1304.3035	DEEP	-1.21	-8.67	NA	NA	-8.16
2691	431.6	1304.963	DEEP	-0.88	-8.49	NA	NA	-7.99
2692	431.76	1305.6155	DEEP	-1.7	-9.2	NA	NA	-8.7
2693	431.92	1306.181	DEEP	-1.27	-8.78	NA	NA	-8.28
2694	432.08	1306.7035	DEEP	-1.59	-8.73	NA	NA	-8.22
2695	432.24	1307.225	DEEP	-0.71	-8.81	NA	NA	-8.3
2696	432.4	1307.749	DEEP	-1.53	-9.75	NA	NA	-9.25
2697	432.56	1308.2825	DEEP	-1.51	-9.21	NA	NA	-8.7
2698	432.72	1308.8075	DEEP	-1.65	-9.85	NA	NA	-9.34
2699	432.88	1309.334	DEEP	-1.37	-9.08	NA	NA	-8.57
2700	433.04	1309.8535	DEEP	-0.97	-9.34	NA	NA	-8.84
2701	433.2	1310.3805	DEEP	-1.58	-9.81	NA	NA	-9.31
2702	433.36	1310.9385	DEEP	-1.78	-10.01	NA	NA	-9.51
2703	433.52	1311.4935	DEEP	-2.22	-10.36	NA	NA	-9.85
2704	433.68	1312.044	DEEP	-2.2	-10.01	NA	NA	-9.5
2705	433.84	1312.596	DEEP	-2.04	-9.95	NA	NA	-9.44
2706	434	1313.151	DEEP	-1.68	-9.73	NA	NA	-9.22
2707	434.16	1313.6965	DEEP	-1.9	-9.72	NA	NA	-9.21
2708	434.32	1314.254	DEEP	-1.72	-9.84	NA	NA	-9.33
2709	434.48	1314.809	DEEP	-1.73	-9.82	NA	NA	-9.31
2710	434.64	1315.3775	DEEP	-1.85	-9.9	NA	NA	-9.39
2711	434.8	1315.9515	DEEP	-2.16	-9.68	NA	NA	-9.17
2712	434.96	1316.5315	DEEP	-1.55	-9.18	NA	NA	-8.67
2713	435.12	1317.112	DEEP	-1.58	-8.55	NA	NA	-8.04
2714	435.28	1317.689	DEEP	-1.99	-8.69	NA	NA	-8.18
2715	435.44	1318.256	DEEP	-2.34	-8.78	NA	NA	-8.27
2716	435.6	1318.8305	DEEP	-2.63	-8.22	NA	NA	-7.72
2717	435.76	1319.398	DEEP	-2.44	-7.92	NA	NA	-7.41
2718	435.92	1319.9305	DEEP	-2.74	-8.64	NA	NA	-8.14
2719	436.08	1320.4665	DEEP	-2.9	-8.12	NA	NA	-7.61
2720	436.24	1321.008	DEEP	-2.78	-8.31	NA	NA	-7.8
2721	436.4	1321.542	DEEP	-2.65	-9.19	NA	NA	-8.68
2722	436.56	1322.082	DEEP	-2.4	-9.12	NA	NA	-8.61
2723	436.72	1322.6245	DEEP	-2.33	-8.93	NA	NA	-8.43
2737	438.96	1341.943	DEEP	-3.24	-8.63	NA	NA	-8.12
2738	439.12	1342.642	DEEP	-2.6	-9.42	NA	NA	-8.91
2739	439.28	1343.337	DEEP	-2.66	-8.6	NA	NA	-8.09
2740	439.44	1344.0145	DEEP	-2.41	-9.03	NA	NA	-8.52
2741	439.6	1344.672	DEEP	-1.21	-9.08	NA	NA	-8.58
2742	439.76	1345.1395	DEEP	-1.25	-8.84	NA	NA	-8.34
2743	439.92	1345.576	DEEP	-2.48	-9.23	NA	NA	-8.72
2744	440.08	1346.0195	DEEP	-1.91	-9.11	NA	NA	-8.61
2745	440.24	1346.4535	DEEP	-1.46	-9.44	NA	NA	-8.93
2746	440.4	1346.8935	DEEP	-1.4	-8.96	NA	NA	-8.46
2747	440.56	1347.332	DEEP	-0.22	-8.64	NA	NA	-8.14
2748	440.72	1347.7735	DEEP	-1.04	-9.04	NA	NA	-8.54
2749	440.88	1348.2045	DEEP	-0.33	-8.26	NA	NA	-7.76
2750	441.04	1348.639	DEEP	-0.69	-8.51	NA	NA	-8
2751	441.2	1349.0675	DEEP	-1.79	-8.63	NA	NA	-8.12
2752	441.36	1349.4965	DEEP	-1.01	-8.52	NA	NA	-8.01
2753	441.52	1349.9235	DEEP	-1.15	-8.42	NA	NA	-7.91
2754	441.68	1350.3565	DEEP	-0.96	-8.09	NA	NA	-7.58
2755	441.84	1350.785	DEEP	-1.02	-8.63	NA	NA	-8.13
2756	442	1351.2145	DEEP	-0.77	-8.47	NA	NA	-7.96
2757	442.16	1351.6455	DEEP	-1.05	-8.62	NA	NA	-8.11
2758	442.32	1352.0555	DEEP	-0.9	-8.62	NA	NA	-8.11
2759	442.48	1352.449	DEEP	-0.87	-8.74	NA	NA	-8.23
2760	442.64	1352.8435	DEEP	-0.73	-8.65	NA	NA	-8.14
2761	442.8	1353.246	DEEP	-0.75	-9.05	NA	NA	-8.54
2762	442.96	1353.644	DEEP	-0.39	-8.74	NA	NA	-8.23
2763	443.12	1354.033	DEEP	-0.12	-8.95	NA	NA	-8.44
2764	443.28	1354.425	DEEP	-0.13	-9.15	NA	NA	-8.65
2765	443.44	1354.813	DEEP	-0.14	-8.62	NA	NA	-8.11
2766	443.6	1355.2155	DEEP	0.09	-9.13	NA	NA	-8.63
2767	443.76	1355.655	DEEP	0.02	-9.22	NA	NA	-8.71
2768	443.92	1356.093	DEEP	-0.47	-9.11	NA	NA	-8.6
2769	444.08	1356.5265	DEEP	-0.13	-8.7	NA	NA	-8.19
2770	444.24	1356.9625	DEEP	-0.22	-9.19	NA	NA	-8.69
2771	444.4	1357.397	DEEP	-0.65	-9.23	NA	NA	-8.72
2772	444.56	1357.834	DEEP	-0.16	-8.88	NA	NA	-8.37
2773	444.72	1358.275	DEEP	-0.03	-8.91	NA	NA	-8.41
2774	444.88	1358.6895	DEEP	-0.56	-9.47	NA	NA	-8.96
2775	445.04	1359.098	DEEP	-0.69	-9.31	NA	NA	-8.81
2776	445.2	1359.512	DEEP	-0.59	-9.56	NA	NA	-9.06
2777	445.36	1359.932	DEEP	-0.38	-9.09	NA	NA	-8.58
2778	445.52	1360.347	DEEP	-0.46	-9.31	NA	NA	-8.8
2779	445.68	1360.7655	DEEP	-1.03	-9.31	NA	NA	-8.8
2780	445.84	1361.184	DEEP	-1.08	-9.21	NA	NA	-8.71
2781	446	1361.605	DEEP	-0.8	-9.19	NA	NA	-8.68
2782	446.16	1362.012	DEEP	-1.71	-9.51	NA	NA	-9
2783	446.32	1362.401	DEEP	-1.94	-9.87	NA	NA	-9.37
2784	446.48	1362.7945	DEEP	-2.44	-9.73	NA	NA	-9.22
2785	446.64	1363.183	DEEP	-2.93	-9.84	NA	NA	-9.33
2786	446.8	1363.573	DEEP	-2.83	-9.54	NA	NA	-9.03
2787	446.96	1363.9595	DEEP	-2.12	-9.12	NA	NA	-8.61
