Age	TIC
1.5789	3.294481312
1.8388	5.347863203
2.0987	5.747195655
2.8221	4.512583007
3.5675	6.043331402
4.31285	6.811103498
5.05815	7.096596817
5.80375	4.555026977
6.54905	4.937984685
7.2946	4.474668
8.0397	1.546355407
8.4637	0.576504636
8.82445	0.156636915
9.18375	0.129655059
9.54475	0.132044882
9.8618	1.033478533
10.1778	0.0604644
10.53835	1.206170033
10.9004	1.388128106
11.34705	1.540058326
11.8927	0.035703518
12.4375	0.042128326
13.0517	0.055894967
13.5983	0.07035413
14.1485	0.07845902
14.69385	0.084835313
15.2415	0.040496136
15.62925	0.19733784
15.8294	0.163188274
16.0288	0.092451974
16.2302	0.053380224
16.43065	0.062383541
16.63055	0.133239964
16.8302	0.333005625
17.0312	0.095887591
17.2536	0.106624092
17.5244	0.079553642
17.7941	0.141128821
18.0638	0.160367841
18.33265	0.05007016
18.6	0.138621
18.8653	0.08991532
19.1293	0.111064525
19.3743	0.067993468
19.84275	0.065652186
20.3121	0.0576156
20.7768	0.084575833
21.2466	0.038333329
21.7145	0.075202842
22.12295	0.064520465
22.5894	0.056123163
23.0561	0.110344213
23.48575	0.02674802
23.91145	0.127672371
24.3304	0.123731053
24.7508	0.148484003
25.1749	0.109704634
25.60315	0.105930665
26.03195	0.169662815
26.4608	0.041377412
26.8357	0.058430474
27.18785	0.087331895
27.54175	0.047039805
27.8938	0.070251784
28.2461	0.073259675
28.6006	0.225884398
28.9553	0.13197992
29.31135	0.199928
29.59315	0.24256801
29.82315	0.14212093
30.05065	0.16984901
30.2758	0.074124704
30.5021	0.118489685
30.72745	0.021996904
30.9549	0.04912948
31.1818	0.036286864
31.4786	0.149093044
31.8607	0.261549746
32.2485	0.12284158
32.628	0.054490167
33.00755	0.156901912
33.3889	0.325119676
33.7682	0.126552017
34.1458	0.063673783
34.55765	0.079750119
35.033	0.047694606
35.50805	0.09
35.984	0.244595191
36.4615	0.408356822
36.9426	0.105759468
37.41985	0.063527838
37.89675	0.071104442
38.32235	0.035606843
38.5559	0.058315466
38.78785	0.190612441
39.0205	0.10115449
39.2524	0.962649976
39.48615	0.556860246
39.71885	0.192594095
39.9504	0.061201296
40.21455	0.130201664
40.5473	0.317592407
40.87665	0.067276648
41.206	0.138618759
41.5375	0.78757039
41.8661	0.068073348
42.19505	0.046650804
42.5277	0.179469804
42.8593	0.126042876
43.25815	0.086118183
43.6548	0.057329746
44.04815	0.063359926
44.4464	0.044586673
44.84365	0.108541896
45.24115	0.070264925
45.64015	0.27545992
46.0366	0.540926749
46.44085	0.789609587
46.83995	0.133477333
47.24805	0.059643642
47.649	0.994638995
48.0482	0.138242423
48.43885	0.042567775
48.8416	0.062022433
49.24135	0.164685674
49.73765	0.136493069
50.2533	0.097448113
50.77675	0.092017438
51.29545	0.107149737
51.8217	0.173566106
52.35185	0.172081421
52.87105	0.108217475
53.38915	0.083721098
53.8685	0.054205056
54.3248	0.075494555
54.7786	0.075028036
55.24255	0.058360052
55.7086	0.075229749
56.16105	1.859101827
56.62365	0.083809937
57.08635	0.077594401
57.56985	0.188823117
58.0956	0.283092787
58.60885	0.249692614
59.1252	0.093168231
59.6509	0.0608175
60.1614	0.078217056
60.68425	0.049627723
61.20335	0.177213267
61.66485	0.16935082
62.03465	0.733827635
62.40595	0.066821013
62.7759	0.080585258
63.15475	0.574738408
63.53795	0.105219269
63.9171	0.139794735
64.2965	0.2172
64.68625	0.07078412
65.12165	0.209005452
65.56355	0.67392198
66.0044	0.163907023
66.44165	0.088282285
66.8845	0.099962879
67.3222	0.064440099
67.76515	0.315610033
68.1964	0.022262615
68.61695	0.125827626
69.047	1.005361151
69.46685	0.119964571
69.89355	0.179186318
70.33185	0.4995986
70.7599	0.690315795
71.18815	0.316899453
71.6122	0.519306244
72.0408	0.042939666
72.4648	0.037411827
72.88285	0.035390916
73.31325	0.029363629
73.73215	0.185047289
74.15855	0.047825172
74.5871	0.077661539
75.0044	0.513304703
75.4045	0.652907623
75.80565	0.478656306
76.20125	0.815449805
76.60565	0.083856171
76.996	0.078098167
77.3943	0.117997253
77.79	0.516112698
78.18015	0.238374209
78.5292	0.082821984
78.8641	0.120115492
79.196	0.516025573
79.5348	1.006483994
79.873	1.145723734
80.19	0.223850187
80.54485	0.628118715
80.87775	2.777497347
81.2155	3.353764071
81.56275	4.4324448
81.8998	3.37
82.2367	3.64
82.58285	4.31
82.9296	5.32
83.2674	5.38
83.6042	5.81
83.97765	5.46
84.36715	5.26
84.76815	2.94
85.17155	2.05
85.57615	1.34
85.9804	1.16
86.38485	1.68
86.7925	3.11
87.1898	2.2
87.6003	1.28
88.00535	1.15
88.42235	0.32
88.842	0.2
89.25885	1.3
89.6662	3.62
90.084	3.18
90.5196	1.91
91.04005	1.6
91.56205	0.75
92.0829	1.12
92.6063	0.9
93.1293	0.64
93.65285	0.66
94.1788	0.65
94.6863	0.95
95.1053	2.99
95.5252	2.12
95.9476	2.48
96.3614	1.17
96.78375	1.87
97.21385	2.31
97.6264	3.03
98.0382	2.55
98.4785	2.68
98.91525	2.973941545
99.3242	4.120418543
99.79165	4.247064238
100.23025	3.985873108
100.67275	4.320078222
101.1139	3.519950822
101.5547	1.825693329
101.9166	4.398644059
102.2676	4.318601716
102.6243	4.445790416
102.9788	4.091963
103.3274	3.249262591
103.6874	2.67729
104.03795	1.09280247
104.3903	1.395372259
104.745	4.077185355
105.10195	3.81946206
105.4634	3.809641266
105.8263	3.834203823
106.19065	3.358173758
106.5515	2.684872824
106.9183	2.484544608
107.28075	1.658768812
107.74685	1.413823256
108.26875	3.206346577
108.7978	1.860564489
109.3262	1.987192075
109.8521	4.031762866
110.374	3.742496628
110.89445	3.627291023
111.41755	2.780683495
111.9847	3.82630736
112.60695	3.553854097
113.2272	2.58356813
113.84205	2.48122701
114.45335	2.14645949
115.0729	2.158828249
115.68635	2.004741715
116.2999	2.346302555
116.93145	2.654083857
117.5965	1.48300543
118.2741	1.459214029
118.95695	2.704040603
119.6356	3.059828735
120.3088	3.41146577
120.97835	3.504500742
121.6387	4.059011349
122.29075	4.509361059
122.93015	5.889284116
123.58165	5.814261903
124.2302	6.97688402
124.8438	6.546796076
125.5389	7.876936421
126.19555	7.892077456
126.85895	8.312107108
127.49935	3.316116721
128.06325	0.03
128.5892	2.498776912
129.18805	2.667769364
129.7491	2.216508772
130.31445	1.852806184
130.87765	1.39878996
131.44265	1.285757462
132.00725	0.838015211
132.48695	0.490588268
132.97415	0.189473584
133.4648	0.162645375
133.9441	0.237200987
134.42155	0.139050919
134.8703	0.221449883
135.37915	0.693269824
135.84825	0.221516177
136.29045	0.500909868
136.7294	0.673153339
137.20285	0.17767241
137.6156	0.500703787
138.05365	0.232288529
138.48785	0.343395407
138.91755	0.535804495
139.34885	0.116678468
139.8283	0.087275201
140.18325	0.544841053
140.6	0.295644199
141.0299	0.095497411
141.4523	0.213499585
141.81955	0.562996841
142.2965	0.089427818
142.70895	0.052823644
143.17425	0.058085901
143.53125	0.077310709
143.947	0.068538465
144.3748	0.555803443
144.7371	0.680478933
145.2081	0.265263244
145.62215	0.119408078
146.0422	0.097565942
146.4431	0.048320228
146.84635	0.106970942
147.2443	0.148780537
147.6271	0.072766376
148.05	0.063787744
148.4562	0.150072228
148.85995	0.126869936
149.21675	0.07300795
149.6383	0.064024413
149.96005	0.079561531
150.29055	0.054846517
150.62295	0.062889958
150.95055	0.092143405
151.27805	0.332116627
151.6126	0.518493865
151.93595	0.154942763
152.27495	0.073398629
152.62205	0.316106942
152.979	0.19597901
153.3319	0.079549534
153.68925	0.266669401
154.05215	0.114086167
154.4122	0.119934944
154.77425	0.533012925
155.1083	0.67072875
155.31105	0.278023869
155.5102	0.140866639
155.70525	0.163477649
155.9085	0.529672267
156.1057	0.1059
156.3082	0.101421158
156.507	0.13515899
156.70415	0.174115611
156.88215	0.675523312
157.05425	0.30198999
157.23255	0.116678468
157.4118	0.087275201
157.5916	0.544841053
157.7673	0.295644199
157.94645	0.095497411
158.1221	0.213499585
158.31055	0.562996841
158.50695	0.089427818
158.66765	0.052823644
158.88815	0.058085901
159.07765	0.077310709
159.267	0.05
159.4586	0.31
159.64295	0.06
159.85735	0.07
160.0753	0.119408078
160.3015	0.097565942
160.51735	0.048320228
160.7351	0.106970942
160.9512	0.148780537
161.165	0.85
161.375	0.063787744
161.59345	0.150072228
161.8146	0.126869936
162.04245	0.07300795
162.26125	0.51
162.48345	0.079561531
162.7037	0.054846517
162.97395	0.062889958
163.14255	0.092143405
163.3721	0.332116627
163.62625	0.518493865
163.87355	0.154942763
164.12255	0.073398629
164.3747	0.316106942
164.62605	0.19597901
164.87885	0.079549534
165.1314	0.266669401
165.3819	0.114086167
165.6326	0.119934944
165.88085	0.533012925
166.1286	0.67072875
166.38655	0.278023869
166.6318	0.140866639
166.87785	0.163477649
167.1151	0.529672267
167.35315	0.1059
167.58645	1.29
167.81605	0.5
168.0568	0.174115611
168.28955	0.675523312
168.52645	0.30198999
168.76855	0.481744743
169.00535	0.213585214
169.2405	0.331526
169.4674	0.245254514
169.69375	0.10849038
169.9233	0.036952623
170.1474	0.024484633
170.37495	0.038621659
170.60225	0.067044817
170.82795	0.127821639
171.06235	0.569138558
171.27055	0.640966225
171.48925	0.170025279
171.721	0.171796361
171.9305	0.172443755
172.15965	0.42047868
172.37985	0.551067429
172.60685	0.519580351
172.8293	0.389784615
173.06695	0.04118069
173.3122	0.098733423
173.55185	0.086551259
173.80005	0.136061704
174.04545	0.234627327
174.2874	0.548609156
174.53755	0.281752869
174.7837	0.553094492
175.0121	0.181770762
175.2361	0.217509149
175.45855	0.545664
175.68815	0.285492168
175.91625	0.225227326
176.14535	0.267946478
176.3753	0.317200059
176.6028	0.206617691
176.81905	0.309551605
177.01975	0.076414182
177.2208	0.197883158
177.42355	0.079833651
177.62975	0.057292692
177.83145	0.065636383
178.0325	1.347059225
178.23755	0.559003279
178.44555	0.173009147
178.65765	0.184510573
178.87145	0.595119179
179.08555	0.191345669
179.29735	0.205768113
179.513	0.750484918
179.724	0.170048576
179.93555	0.715210997
180.161	0.093610076
180.4006	0.057740971
180.6387	0.062208904
180.8834	0.056603391
181.12455	0.05481829
181.36795	0.199837888
181.6072	0.205322211
181.84395	0.38094204
182.08615	0.109029704
182.35795	0.065728356
182.6283	0.077129351
182.89735	0.657098629
183.16725	0.557942921
183.4325	0.068983458
183.69415	0.04429507
183.956	0.032156811
184.21135	0.036629197
184.42955	0.293167112
184.65405	1.17544435
184.87935	0.572447273
185.09695	0.162538233
185.31855	0.229708738
185.53835	0.085823685
185.76295	0.077099194
185.9784	0.125667805
186.242	0.13129259
186.5075	0.039436304
186.776	0.145244822
187.0456	1.101292546
187.31515	0.082910211
187.577	0.102714154
187.84465	0.342910199
188.11895	0.257064625
188.3675	0.121561053
188.5998	0.881286676
188.862	0.187963573
189.1071	0.086014267
189.3572	0.498859277
189.60765	0.128342033
189.8421	0.31941892
190.0853	0.172530033
190.3264	0.220546552
190.5697	0.322556343
190.79795	0.472107755
191.03475	0.134491948
191.27445	0.24864075
191.51695	0.09247041
191.75385	0.194759855
191.99575	1.263983077
192.23485	0.348081289
192.4736	0.136653329
192.7117	0.183301562
192.9428	0.227634444
193.18855	0.13505672
193.4274	0.873124757
193.6751	0.183065013
193.9038	0.2023812
194.15385	0.090062041
194.4242	0.069282949
194.6879	0.633738408
194.9647	1.8986719
195.2341	0.155892482
195.50855	0.196684536
195.77885	0.070106144
196.0469	0.239292
196.3344	0.551279091
196.65175	3.844302585
196.96905	1.28547
197.28775	1.918865918
197.6049	0.743341692
197.91425	0.866569978
198.2315	1.442269089
198.55195	1.210631642
198.8571	1.03526
199.13565	2.681587102
199.4142	2.979156424
199.69495	1.688814471
199.97505	3.681948453
200.24835	5.874560881
200.53475	6.52
200.80775	6.85
201.08675	7.283146764
201.3574	7.245033055
201.6211	6.926709058
201.8892	6.12
202.15925	4.41
202.4313	4.93958215
202.70185	3.195413262
202.97095	3.04
203.2414	3.05
203.52945	2.51
203.82685	2.090666667
204.1151	2.056026644
204.4038	1.322070286
204.69755	2.454164825
204.992	1.421071429
205.29295	1.145487898
205.5799	2.626049687
206.1052	2.944305183
206.6666	2.23241215
207.2228	2.387183551
207.7762	2.443141858
208.3335	1.616885797
208.88755	2.285149154
209.4367	2.302506849
209.98665	3.62405801
210.4645	3.64
210.91215	4.203458032
211.36655	5.190246711
211.80895	5.647490678
212.25745	6.053817279
212.707	6.169464626
213.15215	6
213.60565	6.362295063
214.11995	7.098538616
214.69655	7.5
215.262	6.346221478
215.83	6.304982649
216.40255	5.5
217.0072	5.09
217.5321	4.66
218.0837	1.410115119
218.6878	0.113122
219.3229	0.088575593
219.96755	0.071972605
220.60025	1.147991399
221.25125	0.196861374
221.9039	0.103170606
222.56495	0.0967875
223.22525	0.486240611
223.793	0.155168098
224.2072	0.224577919
224.6245	0.203466098
225.0413	0.090626965
225.4518	0.750347732
225.8651	0.221834
226.2721	1.028895848
226.67465	0.210116201
227.05845	0.046006417
227.38715	0.042810626
228.0273	0.370114991
228.04815	0.55570769
228.3832	0.269325896
228.71405	0.389203738
229.04555	0.190379262
229.3789	0.13454174
229.711	0.111878125
230.04945	0.07480875
230.39835	0.270510895
230.7385	0.051329897
231.08715	0.244781971
231.43975	0.047535688
231.78505	0.638708749
232.11785	0.521379861
232.4559	0.344338839
232.80485	0.087028515
233.15105	0.063263768
233.50355	0.042496162
233.8522	0.02531269
234.19755	1.36222274
234.5446	0.076196744
234.8896	0.076193333
235.2372	0.045827135
235.56605	0.078253106
235.8805	0.692446299
236.20655	1.400560882
236.51855	1.78546149
236.8427	1.467400727
237.1628	2.934339342
237.48195	3.868325548
237.7998	3.830464697
238.15725	4.230880052
238.5312	4.526213759
238.89825	5.11483876
239.26705	5.416140508
239.6046	4.984356533
239.9861	5.555177159
240.35005	5.180865109
240.7127	5.380923567
241.02585	5.38229331
241.32175	3.205065939
241.61035	1.558800267
241.91665	0.512782161
242.2081	0.138586096
242.5091	0.143534013
242.80545	1.461560533
243.1036	0.484240482
243.408	0.097218541
243.72885	0.083038241
244.04245	0.171228418
244.37275	0.175143742
244.70255	0.233397715
245.0279	0.431836023
245.3591	0.145549865
245.693	0.104412755
246.01505	0.108684229
246.31985	0.084817455
246.6271	0.770131253
246.9352	0.421602384
247.24815	0.171386572
247.55365	0.11415375
247.86345	0.149521368
248.18005	0.811923071
248.5157	0.516949558
248.9041	0.196176275
249.2954	0.058371326
249.68525	0.049087613
250.0693	0.069321469
250.43815	0.626983091
250.82265	0.946470766
251.1956	0.075331225
251.58405	0.144619009
251.9927	0.18464198
252.41125	0.114804175
252.8258	0.090247975
253.24045	0.138468183
253.6584	0.302452658
254.07265	0.0653749
254.4933	0.202318711
254.9009	1.002654629
255.36515	0.189551308
255.83075	0.187240822
256.29085	0.199586016
256.7648	0.106822595
257.2241	0.099679881
257.68135	0.071416818
258.1437	0.050592826
258.59705	0.043111268
259.09145	0.043616272
259.585	0.302616497
260.07335	1.588751464
260.56465	0.114608868
261.06125	0.05508405
261.5409	0.08138873
262.0322	0.094648171
262.5441	0.027012278
262.942	0.023929958
263.3548	0.231705305
263.7639	0.257016154
264.1779	0.104961985
264.5836	0.099663134
264.99575	0.054309234
265.41485	0.079085544
265.83265	0.040329511
266.22145	0.105289303
266.6249	0.341407415
267.02265	0.943382475
267.4253	0.183113687
267.8192	0.171404369
268.2159	0.294987063
268.6173	0.165919338
269.01135	0.065858312
269.42335	0.164258114
269.8385	0.468440936
270.3201	0.181759599
270.6835	0.283315961
271.10325	0.297064585
271.5242	0.429193924
271.95225	0.091070773
272.37625	0.193248
272.78525	0.157281537
273.1653	0.084963103
273.55205	1.67797577
273.9399	0.21371049
274.3203	0.128909268
274.6959	0.423096163
275.12945	0.593666036
275.45795	0
275.828	0
276.17295	0.07502012
276.5199	0.244879492
276.86995	0.134583509
277.2131	0.097866634
277.556	0.7938288
277.89115	0.064039398
278.2357	0.079513104
278.57965	1.367373532
278.93515	0.235422918
279.29375	0
279.65125	0.067034507
280.0096	0.068934759
280.3717	0.335256967
280.7247	0.3321984
281.08065	0.141531559
281.43105	0.189267477
281.76635	0.076473787
282.10625	0.100616898
282.43835	0.798894164
282.77925	1.216987342
283.1134	1.425340846
283.4576	1.397641986
283.80325	0.080908061
284.1448	0.280246661
284.5643	0.127112908
284.9992	0.74647717
285.43095	1.269074209
285.8525	1.073122167
286.28235	1.391829268
286.71635	2.102777117
287.14585	3.002956667
287.5801	3.646739505
288.0089	3.703571497
288.4365	4.024711637
288.8618	4.269688722
289.28545	4.900533613
289.71075	4.827500773
290.13465	4.965500381
290.5524	4.286246148
290.96615	3.873995978
291.3565	3.410397314
291.7247	3.192887037
292.10125	2.831689034
292.4742	2.400983507
292.8552	2.079965426
293.2335	1.371037793
293.612	0.870265882
293.9926	0.780201019
294.3704	0.549153628
294.7364	1.074026177
295.10575	0.687899823
295.48955	0.938225152
295.8722	0.483006196
296.25155	0.18367795
296.63245	1.169817737
297.00465	0.410568013
297.3512	0.356662433
297.6403	0.35623192
297.9625	0.407375704
298.26905	0.172378909
298.5718	0.894834265
298.88055	0.99341211
299.17115	1.079627559
299.46765	0.827211435
299.75655	0.634996843
300.04145	0.781727029
300.3285	0.3562482
300.6178	0.883736755
300.90685	0.329481199
301.1976	0.368744723
301.49	0.400064752
301.77605	0.233109787
302.06125	0.310301013
302.36375	0.208093742
302.661	0.288582675
302.966	0.289409412
303.2657	1.169336062
303.58165	0.620849586
303.8612	1.077171386
304.15405	1.320071958
304.455	1.427745531
304.78535	0.281127203
305.1204	0.569264182
305.44965	0.526953577
305.78205	0.128126536
306.112	0.648588898
306.4449	1.154387426
306.7705	1.006484888
307.1086	0.995656241
307.43015	1.479773333
307.76175	1.875206586
308.0942	2.104006505
308.4025	3.076930779
308.75555	3.047107698
309.08065	2.027157154
309.4116	2.744794766
309.74265	1.255204883
310.04175	0.147172721
310.331	0.830508148
310.62165	2.683449171
310.9071	3.135960262
311.21735	3.57172615
311.4806	3.142310343
311.77455	3.250987641
312.0641	2.94586205
312.35545	4.198046617
312.6569	4.177181107
312.95835	4.378890525
313.25785	4.480059314
313.56065	4.386584603
313.8567	4.907198981
314.16345	4.631395046
314.46365	5.059860139
314.76275	4.184484552
315.0649	5.503232
315.3717	4.818878213
315.68395	3.433692228
315.9959	4.293357675
316.3031	3.542630515
316.6112	5.327576338
316.91885	2.626949601
317.2494	3.980025
317.59765	5.712955849
317.9889	4.984024171
318.3591	1.747206429
318.73285	1.675123659
319.1068	1.057451182
319.48555	1.630610095
319.85585	1.484060971
320.2302	0.171568875
320.62165	1.531643584
321.0116	1.623024074
321.4072	2.848737377
321.79765	2.645756252
322.18325	2.498895534
322.57545	2.548180358
322.9683	3.051527009
323.3653	3.72670497
323.82775	4.147518487
324.28965	4.148726154
324.75385	4.593892692
325.2132	5.115281997
325.66485	5.986953792
326.1176	6.379055016
326.56855	6.714490271
327.01535	5.649525677
327.5073	6.375875075
327.9855	6.146894568
328.4736	6.407927433
328.9673	6.470308464
329.454	6.192511003
329.93925	5.886383818
330.42695	4.675718203
330.91875	6.666764706
331.39635	6.577068048
331.88715	5.75284691
332.3643	4.196405355
332.8423	3.894197908
333.33115	1.10873545
333.8121	1.435701207
334.2876	1.719184946
334.77375	1.504061203
335.2702	1.279754297
335.77745	0.907267134
336.2892	0.821782316
336.7928	0.184623536
337.30115	1.356115186
337.80575	0.805923462
338.31065	0.212623059
338.8096	0.333001773
339.3434	1.143082785
339.89595	0.373976643
340.48215	0.193204646
340.9967	0.304237081
341.5446	1.041869026
342.09015	0.340546727
342.6358	0.195981892
343.1826	0.18082936
343.7141	0.07354829
344.24125	0.263815381
344.75995	0.156066604
345.28855	0.541122625
345.8169	0.172259336
346.34905	0.389598049
346.8788	0.28
347.39635	0.172100417
347.90875	0.328005916
348.40225	0.308365212
348.89815	0.10102502
349.3897	0.090698123
349.89375	0.127465286
350.39075	0.2684704
350.89305	0.244507987
351.3808	0.218617203
351.88565	0.053229893
352.4045	0.122150239
352.92395	0.175524494
353.43845	0.2478485
353.9593	0.098371078
354.48335	0.084225837
355.00015	0.453179739
355.5178	0.1222157
356.0111	0.042645778
356.5779	0.03712468
357.123	0.799628287
357.66595	0.17247873
358.21055	1.080354591
358.75385	0.719770963
359.30555	0.152349704
359.8555	0.235191442
360.4023	0.104790506
360.9415	0.181815695
361.47335	0.189157951
362.00405	0.187694917
362.5343	0.592961263
363.0618	0.217123914
363.59195	0.698015571
364.12535	0.128714642
364.65505	0.100825083
365.06565	0.292750299
365.45995	0.110654086
365.85845	0.39826317
366.25825	1.793974819
366.6583	0.098651701
367.05725	0.147307206
367.45815	0.108701967
367.84965	0.067680637
368.35325	0.301155778
368.8783	0.103193545
369.3984	0.035064688
369.9211	0.915574693
370.44375	0.122883389
370.9706	0.033780185
371.4994	0.085998797
371.9883	0.386156535
372.6361	0.050973795
373.3061	0.381372619
373.96795	0.366542154
374.62725	0.092957073
375.2954	1.848585128
375.9667	0.206856113
376.64275	0.07263137
377.30675	0.14446722
378.0665	0.884366126
378.9262	0.221956337
379.78525	0.249153608
380.6409	0.35754716
381.50295	1.885288766
382.3495	3.622858132
383.21115	0.08904207
384.0588	1.049966834
384.86595	1.284442811
385.6031	2.327962233
386.3481	1.893530843
387.09385	3.391821583
387.841	3.070129579
388.59775	4.317330517
389.3464	2.226831497
390.1082	3.517372845
390.81085	2.97079481
391.35585	2.942707769
391.9041	0.82073015
392.41695	0.259334952
392.99755	0.462245956
393.5424	1.371369269
394.0871	0.243104013
394.62695	0.765528738
395.1329	0.969084063
395.4648	1.727430381
395.78325	2.622384974
396.1117	4.293353445
396.43445	4.275677723
396.75735	4.540013215
397.0735	3.080163287
397.39355	5.072245954
397.70585	0.200824847
398.08495	4.928712697
398.4591	6.233530436
398.8339	6.432040766
399.21495	5.644234871
399.58975	5.404992
399.9663	4.99059243
400.3559	0.93020979
400.73185	0.72719366
401.1312	0.731593156
401.5419	2.363384604
401.95085	4.970403161
402.36755	5.158010211
402.7695	4.976340267
403.17765	5.274542519
403.5865	5.118532201
403.9978	4.568954156
404.496	4.410913481
405.0244	2.905172439
405.5974	0.781068369
406.1073	0.81007
406.6441	0.54749092
407.1875	0.443665569
407.72485	0.512215902
408.25975	3.32299969
408.6852	3.425670146
409.05175	2.208939451
409.41975	2.80917635
409.7908	3.5681539
410.16675	4.839651941
410.5428	5.353950118
410.9239	6.125376177
411.3001	6.492421862
411.7322	6.779478058
412.21305	8.104735806
412.69975	7.869283607
413.18695	6.965759666
413.6736	8.833044185
414.16015	8.379469003
414.6485	8.331553317
415.13255	8.201621551
415.5743	9.047090807
415.96885	9.712024815
416.36185	8.962264393
416.7494	6.788621039
417.13645	8.764226736
417.52195	9.144279381
417.91265	8.763937295
418.2996	8.035207468
418.71425	7.813188603
419.20655	7.841450163
419.70805	7.893333249
420.21275	7.859342614
420.7132	7.511710273
421.20705	7.151546531
421.7098	6.920186595
422.20735	6.212860927
422.6839	5.974182969
423.1112	5.911133748
423.5314	4.005239599
423.95295	5.262606126
424.37395	4.886430061
424.79225	4.726542857
425.2159	3.543824518
425.644	3.292701389
426.0682	1.826148411
426.56155	0.148540582
427.00885	0.30730595
427.53195	0.214147598
428.0157	0.344832468
428.5015	0.08073135
428.9941	0.154590832
429.49525	0.491462794
429.98145	0.283618498
430.43495	0.046192562
430.87545	1.814795926
431.3223	0.145906193
431.77375	0.241854598
432.2262	0.182542643
432.683	0
433.1373	0.04
433.5913	0.130659792
434.3699	0.960680952
435.25475	0.272214
436.12805	0.15824934
437.0129	0.238618092
437.89185	0.130972546
438.7745	0.103272
439.65095	0.07934595
440.5319	0.401414165
441.30195	2.588573734
442.0099	0.046896
442.7299	0.133865505
443.4414	0.132826466
444.149	1.479665943
444.8733	0.129521693
445.59535	0.06114883
446.32245	0.054452536
446.9891	0.070314894
447.59205	0.061696688
448.2016	0.091716902
448.81705	0.086419933
449.43795	1.357581644
450.0556	1.04686727
450.6738	0.116003642
451.2881	0.116133571
451.9229	1.065626379
452.5985	0.92346202
453.1935	0.328319475
453.95845	0.183774706
454.6388	0.633461075
455.3182	0.099818578
455.9965	0.096983601
456.6758	0.12368688
457.28935	0.074529035
457.72525	0.877866
458.16445	0.125020013
458.6094	0.087688411
459.05375	0.043589691
459.48755	0.479245
459.9206	1.278677016
460.3573	0.615234174
460.78305	0.287324342
461.2	0.705184423
461.6229	0.131996238
462.0431	0.140164583
462.4634	0.181397425
462.8835	0.286026158
463.3066	0.232899286
463.7216	0.657548915
464.14855	0.273683165
464.6413	0.226459717
465.14675	0.466581278
465.64905	0.712990868
466.1512	0.108402172
466.65585	0.531767438
467.1645	0.356509446
467.6749	0.506074498
468.175	2.001183884
468.5868	0.637520528
468.98015	0.973872933
469.38115	0.316773345
469.78485	0.296122927
470.18015	0.335382222
470.57495	1.01648793
470.9688	0.541371698
471.366	0.127360258
471.7191	0.829490033
472.05275	0.25643701
472.3962	0.742794851
472.73835	0.467623331
473.07915	0.843607726
473.4213	0.917192753
473.7622	2.215952683
474.1085	0.92924538
474.47235	2.717548181
474.8409	3.755982538
475.21015	4.891190645
475.58765	3.814629757
475.949	0.651315962
476.3302	0.278033153
476.6982	0.843428239
477.062	1.775419554
477.44355	0.550793892
477.83445	0.506967385
478.22205	1.049566541
478.6172	2.727990461
479.0058	2.527901384
479.39735	4.147056247
479.7858	4.358142546
480.1774	4.053383894
480.5247	5.152624695
480.8448	4.069595625
481.1385	5.120514715
481.4401	1.702105834
481.74835	2.564797845
482.0485	2.685939126
482.35415	2.380231712
482.6582	2.850566404
482.9697	3.175287604
483.36555	5.254519124
483.74375	3.133382136
484.1295	6.339621299
484.51065	5.016071924
484.89575	6.242326016
485.28425	7.671051889
485.66515	7.262350118
486.04705	7.568485307
486.4407	8.326972907
486.82665	6.948418308
487.2209	7.599698
487.6098	8.12253272
487.99245	7.451482325
488.37875	7.41
488.75735	7.764701253
489.14075	7.032244455
489.573	5.84621048
490.00255	2.88995454
490.4421	7.376104352
490.88065	7.810936026
491.3261	8.089189443
491.77025	5.8443344
492.19595	7.911624568
492.62375	7.345762738
493.23035	5.0554136
493.86375	6.982219487
494.49415	7.029076545
495.12975	6.894345045
495.7652	6.211556654
496.39585	6.206037375
497.0151	6.176831446
497.639	4.622271
498.285	5.124105353
498.9346	6.159895796
499.5791	6.955631759
500.23075	7.701799874
500.877	8.253143961
501.5299	8.043075619
502.18295	7.650074528
502.8309	7.730659994
503.6783	6.883798241
504.63	8.018434683
505.58365	6.365878161
506.547	4.737315949
507.50365	3.694968312
508.4658	7.646867612
509.4285	6.725869736
510.3913	5.980008139
511.17615	2.438287344
511.8025	4.640269105
512.42375	5.009764103
513.0525	5.89719413
513.68165	3.876081079
514.31115	2.844481682
514.93715	4.129366675
515.5703	3.647365811
516.14935	0.179363415
516.66345	4.785565596
517.1798	3.972018374
517.6994	7.271544148
518.22545	0.806405145
518.7368	0.733996662
519.2524	0.598771247
519.75345	1.9489997
520.28325	5.326465758
520.8651	1.754682324
521.44665	3.054642142
522.02395	4.778968112
522.60045	4.873292186
523.19415	5.17
523.78255	5.762485908
524.3659	6.085325744
524.94795	7.932950486
525.5389	8.000046016
526.12985	7.956303018
526.9872	8.332418585
527.31965	8.200490424
527.91965	7.129442521
528.51715	7.319227457
529.1048	5.953258342
529.69885	4.006865891
530.05105	4.840183856
530.4084	6.928267687
530.76485	5.389829567
531.1238	7.086374046
531.488	6.450903654
531.8524	4.707825195
532.209	4.835897132
532.56985	2.527977338
532.85655	3.656009886
533.14995	4.118664972
533.43385	2.424137974
533.72535	0.629350624
534.01105	0.285216503
534.3044	2.459840469
534.59495	0.86406602
534.8724	0.909185588
535.1694	0.237620506
535.4705	1.075209075
535.7722	1.314199864
536.074	0.83261595
536.4041	0.344189374
536.6868	0.183742018
536.9947	0.205289933
537.2918	0.155312531
537.7978	0.5550268
538.4114	0.848020887
539.06215	1.632121728
539.63835	2.569828078
540.23915	1.873427732
540.85055	2.652671078
541.4496	2.288157446
542.06175	3.021268211
542.60595	2.057758563
543.10225	2.878776446
543.61025	3.638838046
544.1272	2.095024587
544.6044	1.89469982
545.1025	2.610141713
545.60625	1.676029182
546.1082	3.147444628
546.622	1.5413328
547.15765	2.647971421
547.69605	2.513024659
548.24255	1.497127769
548.7871	2.493149243
549.32675	1.975601453
549.8592	0.968363156
550.39945	2.731901132
550.92305	2.606982808
551.427	2.531505207
551.95075	3.228313605
552.4734	2.273857694
552.9969	1.376443528
553.5221	1.713364783
554.04025	2.05921176
554.5663	3.18540104
555.07305	3.143290912
555.55185	4.153758374
556.02435	2.208994817
556.48975	2.536607195
556.96775	2.164652951
557.4369	2.298624291
557.90385	2.75075
558.37905	3.451971244
559.03995	4.494147048
559.28565	4.972687704
559.7229	3.538550432
560.1673	4.0895387
560.61935	5.047732755
561.0679	4.116219894
561.5077	4.32892013
561.9498	4.17447615
562.37925	4.394342495
562.73415	4.233030825
563.07465	4.412018574
563.41775	2.28717571
563.7593	3.089994684
564.10265	3.751069781
564.4442	2.914440262
564.7746	3.1573964
565.1024	1.856580874
565.42795	1.515002776
565.7554	1.870798234
566.0885	3.692471841
566.42	1.702324556
566.74525	1.793861305
567.07045	1.982554138
567.39395	1.900018598
567.71365	3.203757056
568.052	2.936322494
568.4009	3.864480121
568.74265	2.699156003
569.09265	2.80805383
569.4432	1.050870937
569.7897	2.7308375
570.1373	3.276030392
570.47795	3.347014365
570.84265	2.903083248
571.1993	2.772415199
571.5694	3.31390713
571.9412	3.63934879
572.3065	3.96
572.67605	4.178126894
573.05405	4.901467832
573.41525	4.834259805
573.78985	5.305581
574.15015	4.870570133
574.52705	5.667166812
574.8886	6.23421361
575.2536	5.474988832
575.618	5.831715842
575.98895	6.143568147
576.3543	5.822761048
576.71055	7.138975841
577.06965	7.541663742
577.4314	6.317065569
577.79305	6.72402308
578.1673	6.182352538
578.5267	8.07326931
578.8938	8.003430085
579.25365	6.827949967
579.6153	5.616132893
579.9381	5.601785023
580.26465	4.734157747
580.59365	3.98012584
580.9183	3.26368104
581.24335	2.87217521
581.57255	2.941379508
581.89535	2.066685049
582.2212	0.966986874
582.5557	1.081566623
582.8992	1.420343323
583.24005	1.736511494
583.5847	1.234644216
583.9289	1.088599562
584.2766	1.981743777
584.61625	1.088108116
584.9619	1.175287059
585.38045	2.557257713
585.81895	1.615207612
586.2534	1.586504671
586.69265	2.383018938
587.13365	2.18547253
587.5664	2.461731662
588.0022	4.124303047
588.4251	3.974562153
588.8264	4.929561712
589.2035	4.185854911
589.5949	5.404882
589.97775	5.367230464
590.3667	3.648991103
590.74765	2.793236454
591.13035	3.360670864
591.4877	4.093819365
591.9272	4.778762235
592.35485	4.988157895
592.7845	4.475646933
593.21825	3.907626779
593.65765	4.034614543
594.0975	3.607223464
594.52335	4.164590776
594.951	3.164476359
595.4854	2.516183066
595.92235	4.674389647
596.4353	4.220635848
596.94565	3.979305616
597.45335	2.730639623
597.9652	3.105117286
598.4715	4.794378214
598.9856	4.072030761
599.45785	5.797080658
599.8832	5.107192279
600.3029	5.387838521
600.72555	5.035235856
601.14345	6.516537535
601.57185	6.912377326
601.9991	5.173322184
602.4342	3.747610323
602.8536	4.300156436
603.25135	3.939899399
603.652	3.70176477
604.0267	4.589020885
604.4551	4.936991179
604.8601	6.209167283
605.26355	5.345575871
605.67075	6.246473644
606.0729	6.7400325
606.5253	6.373245
606.98215	6.073004312
607.4306	7.124312586
607.87625	6.858983991
608.31655	6.561696065
608.75265	6.694713659
609.19405	6.978727505
609.63105	7.047651249
610.0022	7.464900737
610.3701	7.052286545
610.73605	6.916036856
611.11055	7.9995522
611.482	7.363851495
611.85805	5.835036143
612.2341	5.787671712
612.6025	6.398581236
612.97645	6.560039533
613.35245	6.196150244
613.72475	6.028566768
614.09885	6.081763764
614.46765	6.969390951
614.83935	6.849103886
615.21215	7.155283902
615.57945	7.307265462
615.96355	7.114333735
616.34705	7.479646841
616.73505	7.848621951
617.118	8.566036927
617.49935	8.266228364
617.89585	7.892436426
618.28375	8.272310898
618.6618	6.349777212
619.0362	7.632379739
619.3974	7.260978235
619.757	6.81895214
620.12035	6.368251309
620.48455	6.680422724
620.8418	6.321222487
621.20705	6.89453404
621.5599	4.536190495
621.9435	3.997477981
622.33285	2.89983406
622.71895	2.466924724
623.10955	1.88483402
623.51025	1.594028503
623.9081	1.359176069
624.305	1.221167206
624.70105	0.88348808
625.0887	0.162381523
625.4686	0.712315242
625.8435	0.162265924
626.2179	0.537357616
626.59185	0.223416882
626.96455	0.291108282
627.35595	0.134451313
627.74495	1.5794636
628.14435	0.151992408
628.58525	0.456643698
629.019	0.086480783
629.45935	0.123338376
629.89025	0.716770631
630.32625	0.293836271
630.7531	0.23225261
631.1787	0.479836712
631.62805	0.762621315
632.14785	0.210996644
632.68145	0.562881046
633.2025	0.444950616
633.7246	0.216915333
634.2382	0.23941491
634.7525	0.188276957
635.2654	0.15540906
635.783	0.163539234
636.18855	0.661443708
636.58895	0.078042712
636.9985	0.086705406
637.3959	0.78113339
637.7973	0.157853431
638.21245	0.187998192
638.61225	0.177351659
639.01225	0.256860462
639.53565	0.708295459
640.0841	0.221992673
640.62335	0.260795748
641.1658	0.297937876
641.7089	0.108147171
642.25215	0.050037444
642.78885	0.091537618
643.31995	0.146888885
643.8297	0.129930544
644.3421	0.328476628
644.842	0.248966964
645.3474	0.124322479
645.84525	0.091300984
646.3597	0.076718536
646.86935	0.049444
647.36485	1.00688221
647.8624	1.230704767
648.36055	0.113444691
648.85295	0.767525161
649.34995	0.191482615
649.85075	0.093986516
650.3394	0.079233775
650.84095	0.114883453
651.3316	0.051777584
651.76025	0.053214113
652.12985	0.046629665
652.50985	0.179899761
652.88775	0.328921958
653.2632	1.010343569
653.6375	0.155078376
654.0198	0.792665521
654.39995	0.240276816
654.8694	0.118528155
655.4694	0.48781096
656.0733	0.499977208
656.66575	0.190937171
657.25845	0.312752316
657.84415	1.161943389
658.4337	0.26
659.013	0.777333528
659.61625	3.254812754
660.24895	0.593760821
660.88395	1.048968013
661.51545	0.880288218
662.14785	0.997588194
662.77385	0.682784672
663.4066	0.271043544
664.0372	0.267799879
664.64745	0.427689298
665.21015	0.658909495
665.77155	3.06568056
666.3381	2.232976788
666.89715	2.070518964
667.4497	1.334982543
668.0097	2.955321437
668.5773	3.727548109
669.1311	2.435647649
669.6726	4.572661232
670.2195	2.508613576
670.7631	1.27493689
671.30495	1.246858339
671.85885	1.526735591
672.40375	1.668373267
672.9603	1.827983353
673.52335	0.146848012
674.01665	0.946988394
674.541	0.20243075
675.0134	0.292982879
675.51815	0.75233126
676.0177	1.48927003
676.52365	0.211008819
677.0364	0.740094459
677.54605	0.40779581
678.7024	0.595807198
680.6063	0.981044826
681.9729	1.678066187
683.3276	3.220039756
684.6869	3.63993124
686.0408	5.259634692
687.3989	3.79673642
688.75155	3.558655382
689.8321	3.571975757
690.9243	4.560699542
692.0121	7.066720063
693.0979	8.032791351
694.1879	8.442053478
695.2778	8.278933045
696.3701	8.531492229
697.4611	7.837245627
698.13235	8.13756466
698.75985	7.581250726
699.386	6.849855069
700.0043	6.19664634
700.6171	7.554083726
701.23555	7.0836984
701.85865	6.102898363
702.48	7.495453931
703.15275	6.074183036
703.85735	3.951174666
704.571	4.242319752
705.27295	6.583921833
705.98165	6.356599464
706.6933	5.761878525
707.3993	7.054736599
708.09535	6.899548135
708.8312	6.748422857
709.5647	6.200133353
710.3118	5.720918721
711.04805	4.298333639
711.7987	3.245193
712.54035	1.561722
713.2875	1.105557065
714.0229	0.773014067
714.83745	0.313303125
715.71855	0.30815086
716.58295	0.286653952
717.4595	0.591123843
718.3409	0.97213677
719.232	0.281593759
720.1116	0.5988825
720.9843	0.11
721.6754	0.461145611
722.1162	0.096503969
722.5639	0.715962824
723.0073	0.302197692
723.45545	0.2689425
723.8963	0.090867273
724.3433	0.43711272
724.78955	0.400224548
725.2616	0.469796009
725.82075	0.479614281
726.3864	0.298977036
726.94915	0.264644459
727.5218	0.303088461
728.0931	0.638868528
728.65935	0.313926516
729.2196	1.892072085
729.77235	0.248446074
730.3176	0.368692267
730.8667	0.116863915
731.42235	0.994293809
731.9902	3.742058269
732.5398	2.912679497
733.0999	3.508573333
733.6988	4.880105496
734.2252	4.923423543
734.78665	3.714531013
735.33655	4.604395201
735.9032	4.084119414
736.4558	4.746246114
737.01645	3.376452273
737.57565	3.141652019
738.1339	3.2178528
738.6909	3.939619224
739.10335	3.56038112
739.5099	2.908645694
739.90575	1.201387373
740.3012	1.186070531
740.70135	3.303862805
741.08735	3.763200494
741.4769	4.13901659
741.87025	3.3224727
742.222	3.317040254
742.57265	3.123851257
742.91755	3.249735111
743.2696	2.74522403
743.621	0.410836629
743.97795	0.085020355
744.3225	0.118824464
744.6687	0.79
745.05495	0.417125192
745.46585	0.541262448
745.8819	0.413027805
746.29225	0.463337373
746.70625	0.672009595
747.11755	0.410877988
747.5187	0.324387714
747.93215	0.124238499
748.35055	0.21
748.7907	0.831261765
749.23255	1.86
749.67625	0.211827446
750.11195	0.330709217
750.5554	0.321634121
750.9902	0.312957077
751.4399	0.265365229
751.8476	0.258936511
752.2211	0.276640427
752.6033	1.102104138
752.97645	0.612207174
753.3563	0.176368554
753.73745	0.27
754.12685	0.166770615
754.5088	0.203681342
754.90315	3.0130794
755.316	0.351460813
755.7282	0.617387718
756.1336	0.194574171
756.5448	0.263031102
756.9505	0.18099241
757.35785	0.181998105
757.76805	0.154520105
758.1771	0.221970667
758.6104	4.759593316
759.0406	3.943525715
759.47915	2.746055139
759.91275	0.811467086
760.3494	0.544851141
760.7867	1.02
761.21415	0.078462552
761.6538	0.716712517
762.1078	0.432308256
762.5623	4.450902714
763.02035	2.076491753
763.47185	5.423726835
763.92785	5.417632957
764.3858	4.100729822
764.8346	0.948512516
765.27495	0.226468942
765.7148	0.201352551
766.15785	2.739501
766.6031	0.899331742
767.05	3.574899203
767.49105	4.563807097
767.9392	3.831406415
768.3851	4.509490964
768.82695	6.070527716
769.28705	6.848303742
769.74775	7.286772
770.2044	5.968654613
770.66685	3.087892482
771.12815	1.710036127
771.59805	3.392925994
772.07035	4.172701833
772.544	3.79882212
773.13715	5.378442978
773.8015	6.085729372
774.4643	5.320597862
775.12775	4.194421225
775.78095	6.833112
776.44725	6.392943391
777.0981	7.263081616
777.75755	7.378327753
778.48195	7.497963547
779.2696	7.838822096
780.0606	7.941380917
780.8521	8.718435003
781.5826	8.838330994
782.42735	8.196240242
783.2102	8.576389735
783.9975	7.873629923
784.72585	7.584459698
785.4023	8.095788114
786.0715	6.718212522
786.77185	5.330069971
787.4325	4.768312871
788.1194	3.294378984
788.80075	2.836293943
789.47875	1.140564224
790.09015	0.640889635
790.52265	0.264839797
790.9665	1.540421404
791.4161	0.610882307
791.86345	0.752580346
792.3081	0.318332918
792.74425	0.745092941
793.17995	0.484645407
793.6512	0.273683581
794.30865	0.339423455
794.9765	0.285593269
795.6444	1.118612057
796.30375	0.16797744
796.96195	0.3827413
797.62705	0.330035443
798.2845	0.095765038
798.9446	0.360852528
799.59325	0.458884471
800.24405	0.428700839
800.89325	0.103038176
801.54775	0.4281737
802.1944	2.73
802.84885	0.29734568
803.5035	0.23564133
804.14535	0.106381698
804.83815	0.109780399
805.52925	0.169651077
806.22065	0.713510159
806.9217	0.254659157
807.6249	0.615574037
808.32905	0.099396083
809.02975	1.131960828
809.7291	1.90744735
810.3283	1.268054895
810.89175	0.938013583
811.45875	2.443629689
812.02545	1.511467053
812.6246	2.030955089
813.15735	2.305456254
813.72565	2.523534739
814.28925	0.556670212
814.8171	1.686260371
815.33	3.092710469
815.848	4.181944861
816.36055	4.753929293
816.8754	6.730873201
817.3867	6.078012632
817.9014	5.276773875
818.418	7.014342216
818.89765	8.306944601
819.36005	8.06378079
819.8157	7.759427329
820.27945	7.850515222
820.7399	7.720076882
821.19775	7.841413485
821.66	6.636134862
822.1217	5.943029846
822.54805	5.164252626
822.9437	3.366102847
823.33215	2.758709558
823.7287	3.447676013
824.11285	3.940405455
824.50265	5.807973631
824.8899	7.246025077
825.2723	5.557649916
825.6806	5.711983453
826.13785	6.332790727
826.59655	6.281577585
827.05525	5.672859813
827.5154	4.872389766
827.97375	5.198118767
828.43835	4.675969599
828.9098	0.11
829.41415	0.11
830.15225	0.2
830.88935	1
831.6285	4.737927078
832.36435	5.905074716
833.1057	6.693658095
833.84505	8.162114893
834.56925	7.232316925
835.3165	6.07
836.32035	4.133602682
837.32335	5.322436928
838.3221	7.183333771
839.32135	7.204939396
840.32195	8.881324398
841.31495	8.5
842.30295	8.660375496
843.29555	8.774742196
844.27915	8.685868154
845.26155	7.877983701
846.31255	6.75427096
847.2359	7.402110431
848.229	6.96474481
849.2331	5.439410501
850.23595	2.282726282
851.23215	3.816054558
852.24325	5.621078865
853.27365	5.859896807
854.3006	5.787787333
855.32435	6.689395604
856.3425	7.292819954
857.36125	7.361952319
858.3814	7.823177476
859.40415	7.848163269
860.3957	8.854217869
861.44575	7.963373074
862.37565	7.737322353
863.36555	7.076748303
864.3502	7.818094762
865.34725	7.642056644
866.3477	7.212734214
867.41625	5.649647077
868.14435	4.917817895
868.7462	4.134647579
869.3543	1.485062148
869.95585	0.295212539
870.56105	0.154062553
871.16295	0.784129517
871.7611	0.744857359
872.36405	0.105855678
872.9032	0.092862424
873.33725	0.623689268
873.781	0.136565743
874.22565	0.433028619
874.65855	0.110417538
875.1033	0.877162778
875.54125	0.710579692
875.9736	0.422957804
876.43965	0.43568
876.96485	0.402665356
877.5086	0.088339825
878.0397	0.270271976
878.5754	0.528428821
879.10755	0.444234328
879.65195	0.122997209
880.1798	0.156790215
880.7031	0.912493723
881.1796	0.74170646
881.6687	1.005779622
882.1514	0.280248988
882.6304	0.119573888
883.11475	0.110907482
883.60925	1.334418606
884.0896	0.537480055
884.5631	0.124619825
885.0977	0.080221607
885.6116	2.378632791
886.13035	0.3114606
886.66125	0.536348621
887.1948	0.23994747
887.72545	0.699290526
888.25755	0.415575422
888.7826	0.379312375
889.53305	0.385605
890.31165	0.19354241
891.0909	0.194308714
891.88275	0.222183498
892.66405	0.645941321
893.44085	1.044336755
894.2164	1.002307382
894.99485	0.453373741
895.9078	0.971637009
896.8711	0.862777643
897.8405	0.15676758
898.7944	0.65464286
899.749	0.477028589
900.6988	1.521350791
901.59805	3.010264204
902.6048	1.792388574
903.50335	2.26581164
904.38425	3.108626611
905.28475	3.732388302
906.16625	4.364275819
907.05705	4.599321262
907.9542	4.889260794
908.8373	4.666617905
909.7202	3.083617819
910.76055	1.422899356
911.94245	0.755538111
913.1298	0.120721814
914.30825	0.185106652
915.5024	3.004576857
916.69205	0.220694606
917.8931	0.126859237
919.0874	0.24793861
919.93365	0.487992961
920.32115	0.222740971
920.71315	0.837285047
921.10345	0.165859122
921.4829	0.186666674
921.8647	0.400839247
922.2458	0.555997871
922.6238	0.657182369
922.98765	1.993381681
923.34335	0.183303443
923.6952	0.199084009
924.04	0.139005594
924.39515	0.108727947
924.73775	0.102779444
925.08965	4.405898824
925.44295	0.157984472
925.8	0.171395267
926.2007	0.261503886
926.61185	0.111838352
927.01585	0.101774427
927.42585	0.144999503
927.8427	0.672753371
928.2462	0.237414118
928.65645	3.337666054
929.0513	0.14616869
929.4581	1.195419418
929.8592	0.157489571
930.2521	0.144582485
930.64985	0.616395965
931.04095	0.749499458
931.43945	1.069423012
931.83775	1.886086839
932.23705	2.24749344
932.62865	2.58460138
933.02225	2.196291067
933.4222	3.079436238
933.82105	2.462824026
934.2264	0.499360853
934.63065	0.27579
935.0292	1.272703744
935.43045	1.846585622
935.84805	0.83376045
936.277	2.705853528
936.70695	4.27095675
937.1411	3.292312318
937.56805	4.988772387
937.98745	4.913259722
938.4111	4.925950359
938.8432	5.942291053
939.2421	6.173094497
939.60935	5.751281475
940.0253	5.084625743
940.41405	6.991517987
940.804	6.972031607
941.1913	5.944539621
941.5827	4.166717953
941.98605	3.597558498
942.40105	3.909003476
942.8367	6.04137146
943.26675	5.641274132
943.6998	3.091980451
944.12095	5.488477849
944.55045	3.395914194
944.97595	3.523048007
945.4053	3.781097685
945.83945	3.786344877
946.3022	3.738165532
946.76025	4.182595316
947.2243	4.453606789
947.681	5.501170161
948.14075	6.32234708
948.59765	8.275147518
949.05425	8.312825934
949.48855	8.163368576
949.9133	7.641559847
950.335	8.0676
950.7625	7.040763817
951.1868	6.987358046
951.60885	6.6729765
952.0349	6.879377778
952.45605	7.96533537
952.8795	6.824691894
953.3594	7.279596906
953.83915	8.230951511
954.31715	7.728780656
954.7946	8.617455
955.2696	8.140962667
955.74975	6.643224475
956.22555	7.046137289
956.75485	6.502049101
957.1634	6.422229632
957.62065	6.539090087
958.07685	5.442158894
958.55115	5.148606848
959.0233	3.929990258
959.49625	3.69511771
959.94755	2.896533228
960.4394	3.797133665
960.8492	3.863346295
961.2461	4.430093929
961.65025	4.341951571
962.0654	2.690792522
962.47695	3.603488594
962.8904	3.2150747
963.29595	1.169287489
963.69715	0.907251577
964.05575	4.902542759
964.40455	0.580463717
964.74975	2.085678107
965.09815	0.26
965.44195	1.524088918
965.7817	0.395470833
966.1269	0.384947633
966.45885	0.44535572
966.7925	0.228484566
967.0953	0.314202115
967.40855	0.412938722
967.7183	0.259658382
968.0332	0.802977593
968.3412	0.949207417
968.648	1.080809893
968.95885	0.848032656
969.27655	0.362003567
969.59465	0.43508682
969.9089	0.316394134
970.22665	0.38894515
970.5398	0.215722039
970.862	1.740446662
971.17915	4.771890878
971.4929	0.531660062
971.80325	0.112021302
972.1285	0.14910132
972.4596	0.223996269
972.78135	0.608820048
973.11265	1.46708706
973.44305	2.032181699
973.77025	3.47319982
974.0936	4.405394788
974.42745	5.376978
974.7663	4.338285624
975.102	3.668165355
975.445	3.371125217
975.77715	3.283852497
976.083	3.007034576
976.4495	2.83557635
976.79975	2.326552853
977.1312	2.571046049
977.42655	3.870937327
977.7229	2.754872108
978.0214	1.875169529
978.3378	2.442809981
978.6277	2.263783613
978.9658	2.610403617
979.2331	2.601130896
979.5329	4.045596207
979.80455	2.963922511
980.0793	2.205945579
980.3548	4.438734151
980.62905	1.073226175
980.9072	0.329966703
981.18255	0.199610512
981.4593	4.780230292
981.7377	1.469344348
982.0408	0.651205699
982.35915	0.692070915
982.6675	1.436702957
982.9953	1.21224439
983.30705	0.412912302
983.6296	0.254947626
983.9493	0.247039003
984.2675	1.843926277
984.71205	0.554820246
985.1969	0.340935
985.69135	0.260092743
986.1835	2.505568502
986.68085	4.115585076
987.17275	1.714997032
987.65195	2.087891489
988.14035	2.130676913
988.8569	2.148734244
989.7133	3.886283253
990.5617	2.570772724
991.4049	3.701746145
992.2506	5.782937522
993.0892	6.671017068
993.9235	5.914181801
994.7531	6.51617398
995.60965	6.98466189
996.50055	6.846069612
997.4072	6.872014523
998.3183	6.254627219
999.22635	7.045322485
1000.201	5.617294149
1001.0475	4.81463392
1001.952	3.901182132
1002.772	3.111798897
1003.472	0.816372118
1004.182	0.261209094
1004.8945	0.25934498
1005.615	0.169524478
1006.3445	4.029198359
1007.065	0.281996609
1007.761	0.908140048
1008.4055	0.94727616
1008.867	1.390562581
1009.3285	0.26864195
1009.7865	0.447413369
1010.2465	1.898402034
1010.7065	0.347139769
1011.1585	0.113981
1011.613	2.028745463
1012.057	0.319683807
1012.499	0.359486509
1012.938	0.129014973
1013.372	0.120100315
1013.814	1.302846724
1014.311	0.75
1014.6905	0.948249462
1015.127	1.885884304
1015.564	3.393834231
1016.0015	4.283407578
1016.4435	4.541327141
1016.8785	4.835427379
1017.316	4.112838397
1017.749	2.865627787
1018.19	1.373701154
1018.6205	0.689884192
1019.058	0.335393879
1019.501	1.213907539
1019.964	0.289468278
1020.406	1.293484802
1020.8565	3.477650155
1021.3	4.750586908
1021.743	4.93835641
1022.1945	4.283197515
1022.635	6.029334722
1023.0605	5.907001964
1023.4835	6.191196605
1023.9135	5.944124863
1024.343	6.006539435
1024.77	6.433399778
1025.1995	7.098314381
1025.621	6.240299981
1026.052	5.078680077
1026.478	4.126550871
1026.8985	4.915825028
1027.33	5.589696621
1027.75	4.943232282
1028.1865	5.884634516
1028.609	5.7
1029.0455	4.48
1029.4685	4.786081449
1029.8915	4.152009418
1030.239	4.554927855
1030.6095	5.098926803
1030.9785	3.885651881
1031.349	4.527694514
1031.7225	1.066776284
1032.1065	1.721520354
1032.488	1.049247192
1032.8915	0.135881208
1033.337	0.265225421
1033.7745	0.562883877
1034.2175	0.382786458
1034.6595	0.480220351
1035.1115	0.55550294
1035.5565	0.53687817
1036.0065	0.473514438
1036.5015	0.587006254
1037.1185	0.33697822
1037.7365	0.116178879
1038.349	0.466327141
1038.949	2.291514744
1039.5525	0.190222478
1040.1515	0.320877387
1040.7535	0.297055412
1041.353	0.269006778
1041.987	3.389091506
1042.6145	0.138522587
1043.2405	0.17302236
1043.872	0.546843542
1044.502	0.129935061
1045.14	0.329385141
1045.7765	0.632102589
1046.4145	0.232175351
1047.0685	0.569039651
1047.732	0.852576764
1048.3885	0.323386044
1049.0495	0.271856988
1049.7105	0.744049569
1050.3705	0.307882023
1051.034	4.951666168
1051.683	0.440762801
1052.3025	1.096715584
1052.9115	0.613143329
1053.521	0.946170997
1054.1315	1.230008489
1054.748	0.511016981
1055.371	0.626675032
1055.9955	0.24448158
1056.6265	0.72873531
1057.146	1.062187774
1057.639	0.103846378
1058.1325	2.349723684
1058.6235	1.149862684
1059.119	0.307715098
1059.6065	1.102928399
1060.093	2.491029381
1060.591	1.711825385
1061.0295	4.726286245
1061.4515	5.268212927
1061.8805	2.059861865
1062.3015	4.12640969
1062.718	4.613073479
1063.135	3.779010448
1063.556	6.043368103
1063.974	6.140613893
1064.377	6.389628
1064.787	6.595528732
1065.202	6.676527738
1065.6175	7.913231026
1066.0175	7.498386208
1066.4365	8.34567144
1066.8485	8.410163353
1067.257	8.115708534
1067.6795	8.205288178
1068.0965	8.634217505
1068.527	9.239349456
1068.9605	8.521626667
1069.3965	8.7551528
1069.8225	9.47671755
1070.2575	9.399769207
1070.686	10.05723382
1071.13	10.38206887
1071.636	10.27848861
1072.1445	10.39435597
1072.648	10.1075689
1073.1585	9.894949033
1073.6685	9.899801555
1074.1875	10.05424786
1074.7285	9.866929548
1075.208	9.797406894
1075.765	9.584643955
1076.3195	9.874698833
1076.8775	8.808863268
1077.4405	8.464292074
1078.0085	8.203278494
1078.5625	8.459677766
1079.1205	8.883290168
1079.67	9.508630178
1080.2405	8.923894244
1080.8045	8.576187661
1081.368	5.915094236
1081.9215	5.991746168
1082.476	6.585098908
1083.034	6.948708111
1083.587	7.469535036
1084.145	6.698636574
1084.709	7.560686301
1085.295	7.919821353
1085.858	6.07742152
1086.435	5.972576884
1086.9965	4.11061953
1087.572	4.76795765
1088.1375	4.808913374
1088.6945	5.433081593
1089.2915	5.674947548
1089.8965	4.20019061
1090.501	5.402989178
1091.103	4.815253537
1091.7135	4.541732581
1092.315	4.162115396
1092.922	3.902731063
1093.53	3.075957932
1094.0895	3.12
1094.6145	2.7
1095.14	0.25
1095.6745	0.41
1096.2045	0.22
1096.74	0.2
1097.2835	0.156402514
1097.8205	1.655812611
1098.339	0.734279473
1098.842	3.163911401
1099.3505	0.684830925
1099.85	0.515002905
1100.341	0.939261677
1100.847	0.820844839
1101.332	1.563369333
1101.8215	0.615465476
1102.305	4.268409173
1102.768	0.124234065
1103.231	0.482637096
1103.711	0.382646731
1104.18	0.885901356
1104.646	1.074926345
1105.1175	2.56
1105.5875	5.869260754
1106.0525	5.475519169
1106.542	5.866001969
1107.014	5.327379336
1107.5425	5.300002591
1108.037	5.855423332
1108.5295	6.178516656
1109.0875	5.061563571
1109.583	4.826068228
1110.013	5.393822728
1110.486	6.174660478
1110.9745	6.166294689
1111.4665	5.868865075
1111.945	5.79351091
1112.423	5.233697851
1112.8735	5.347372837
1113.3895	6.640822782
1113.866	7.240098323
1114.3355	5.607473363
1114.8035	3.235922319
1115.272	2.281708907
1115.7365	0.717007111
1116.208	0.23
1116.6765	0.192003989
1117.14	0.079842988
1117.607	0.166411901
1118.117	0.695789643
1118.6345	0.416754201
1119.151	0.153804
1119.6655	0.480858154
1120.185	0.163839917
1120.7075	1.204499905
1121.228	1.167386608
1121.7475	0.392744911
1122.3205	0.22828721
1122.917	0.230030282
1123.509	0.213373281
1124.101	0.13125766
1124.699	0.421589451
1125.295	0.638150555
1125.884	0.715728252
1126.4745	0.535728994
1127.086	0.74898634
1127.7255	0.213204928
1128.3495	0.401159388
1128.987	0.118904867
1129.615	0.079623615
1130.2445	0.05272794
1130.8735	3.0496523
1131.4945	0.868158155
1132.1875	0.570951394
1132.9405	0.161957667
1133.699	0.118449442
1134.453	0.134975204
1135.2085	0.362062764
1135.956	0.676599871
1136.696	0.594039087
1137.438	0.510574909
1138.18	0.58983859
1138.923	0.099718291
1139.689	0.343301577
1140.438	0.787338105
1141.203	0.894564012
1141.9495	0.155318676
1142.7075	0.171257474
1143.459	0.839441318
1144.2195	3.703802008
1145.0075	0.101945706
1145.7995	0.634963365
1146.597	2.806562727
1147.3835	4.681160323
1148.1745	4.40004346
1148.9665	1.809899987
1149.773	0.939839033
1150.51	0.289788765
1150.907	0.513051756
1151.304	0.66989752
1151.6965	0.876092617
1152.0855	0.168411917
1152.475	3.544422113
1152.8605	3.998996765
1153.2465	4.567549041
1153.625	5.57826365
1154.0945	5.385141293
1154.5735	4.967874058
1155.0455	4.544375183
1155.5145	4.805025302
1155.987	4.987025592
1156.443	4.970405518
1156.901	4.776027941
1157.3615	4.536482754
1157.855	4.250492952
1158.3485	3.085792043
1158.842	5.545374362
1159.344	4.741485618
1159.844	4.550097419
1160.3445	5.510943109
1160.8415	6.78328099
1161.325	7.461254267
1161.7635	7.998634092
1162.184	7.911709897
1162.6	6.807555934
1163.021	6.935841299
1163.4465	8.468666182
1163.867	6.444086694
1164.281	6.948833363
1164.708	7.806336855
1165.135	7.786451324
1165.5765	8.028120571
1166.019	7.228885247
1166.4545	7.674599544
1166.897	7.14518
1167.3465	6.120515405
1167.7985	7.03141984
1168.2445	4.928563348
1168.6845	5.318507922
1169.121	7.724798061
1169.5645	7.142093706
1170.016	6.860586665
1170.4595	7.482945921
1170.91	6.057634859
1171.352	3.938330438
1171.7995	7.185539018
1172.379	6.655965966
1173.171	5.821798994
1173.9765	6.64559482
1174.7885	6.287493796
1175.583	4.825497202
1176.3765	5.560770501
1177.173	0.970574927
1177.962	5.281803846
1178.751	5.847390334
1179.5535	5.225499687
1180.348	6.473522112
1181.1445	6.215891857
1181.937	4.642436785
1182.74	4.719630128
1183.532	3.313363306
1184.3185	1.89735674
1185.147	5.996778201
1186.2185	3.19523103
1187.291	3.467402794
1188.3765	2.921785482
1189.4575	1.411373358
1190.5405	0.208895202
1191.628	0.29094442
1192.7185	3.431359693
1193.7815	0.340245069
1194.745	0.187026487
1195.704	0.241059658
1196.6695	2.388827347
1197.629	0.967961808
1198.5635	0.252450711
1199.5105	0.189056966
1200.454	0.491504447
1201.4	0.31633057
1202.474	0.924836264
1203.568	0.591770389
1204.659	0.391784356
1205.75	0.240954252
1206.855	0.686571635
1207.954	0.985861178
1209.053	0.730106512
1210.1335	0.194591166
1210.863	0.352127204
1211.477	0.770847955
1212.0915	1.068235422
1212.712	0.383097078
1213.336	0.282037804
1213.9525	3.972929859
1214.566	5.383061062
1215.1745	0.726157685
1215.7805	0.248653324
1216.4	2.634909454
1217.0035	0.489997276
1217.6125	0.408838355
1218.2175	0.537152138
1218.823	0.211612062
1219.4235	0.890506343
1220.027	0.334605217
1220.637	3.571127707
1221.246	1.255851696
1221.8675	1.529719879
1222.484	4.448596991
1223.1005	5.914512186
1223.728	6.820189432
1224.3405	8.162612819
1224.9585	8.672539556
1225.557	8.859935459
1226.1215	9.085417712
1226.6935	9.17891746
1227.274	7.711816156
1227.86	7.616379056
1228.4475	8.58208548
1229.0315	9.343032795
1229.6055	9.092010634
1230.1395	7.519594909
1230.5995	8.919177811
1231.0585	8.739121324
1231.517	9.172298098
1231.9715	9.749152884
1232.4235	8.913580941
1232.9445	8.507641652
1233.317	7.89971607
1233.77	8.867132688
1234.2435	9.035962478
1234.718	8.176097243
1235.183	8.215770835
1235.6615	8.530005
1236.147	7.788512828
1236.6165	8.554219513
1237.097	8.092337374
1237.5725	8.739313262
1238.0405	7.974614062
1238.5045	7.967344353
1238.9695	7.804647975
1239.4415	7.937404971
1239.9135	8.145074821
1240.383	8.613905677
1240.8505	8.994970244
1241.329	8.059901329
1241.812	7.588935497
1242.3075	6.762609029
1242.804	5.412333574
1243.307	4.189637125
1243.8035	2.998566429
1244.2985	1.358560448
1244.795	0.31755639
1245.285	0.660255988
1245.721	0.290831765
1246.1385	1.537861706
1246.5705	0.269415099
1247.006	0.560537301
1247.4305	0.227141006
1247.8655	0.14
1248.2985	0.416439534
1248.7245	0.733279808
1249.3245	0.271440834
1250.024	0.443643029
1250.726	2.67015313
1251.4245	1.398854148
1252.125	0.341323983
1252.819	0.337743795
1253.4985	0.255297102
1254.192	0.532608869
1254.9915	0.343942148
1255.8925	0.733964262
1256.7885	0.285722221
1257.6955	0.389778146
1258.604	2.645025324
1259.517	0.179119582
1260.413	0.924057132
1261.318	1.905016991
1262.164	0.354603586
1262.943	0.351984072
1263.7245	2.168716288
1264.512	1.050425815
1265.305	1.802514376
1266.097	2.644961417
1266.8895	3.207957973
1267.689	1.19952
1268.755	0.496227683
1270.5795	3.70818057
1272.3945	1.566037793
1274.2175	4.348192271
1276.048	5.275139205
1277.8795	4.884277032
1279.706	6.614143734
1281.541	6.186515307
1283.2365	7.393060125
1284.194	6.749471489
1285.1535	5.949386449
1286.119	6.412161688
1287.0835	5.690093677
1288.078	4.564381943
1289.0335	3.130404255
1290.0115	0.836452776
1290.965	0.591764839
1291.535	0.641497019
1292.1005	0.604377053
1292.6695	0.522170575
1293.2355	0.19657414
1293.801	5.54547743
1294.373	0.601819191
1294.938	0.076757316
1295.501	0.605771583
1296.0825	0.551455799
1296.676	0.942549894
1297.276	0.420907908
1297.871	0.996319097
1298.4775	0.373954793
1299.072	2.021542227
1299.6725	1.369248832
1300.2665	1.64775735
1300.9065	4.079343316
1301.575	1.276505282
1302.262	3.742162598
1302.946	6.569325
1303.6235	7.031408835
1304.3035	7.295457238
1304.963	6.075105086
1305.6155	5.91563807
1306.181	6.306280438
1306.7035	6.470783323
1307.225	7.466518404
1307.749	9.415439846
1308.2825	9.891058611
1308.8075	8.599412784
1309.334	8.346446465
1309.8535	8.808602265
1310.3805	9.639753434
1310.9385	8.637269441
1311.4935	8.499384081
1312.044	7.973920063
1312.596	8.40009324
1313.151	8.74680959
1313.6965	8.539158375
1314.254	8.530634887
1314.809	8.938948119
1315.3775	9.53117652
1315.9515	9.036058827
1316.5315	9.423095284
1317.112	9.150921395
1317.689	8.97120695
1318.256	8.258332109
1318.8305	8.977072093
1319.398	8.409571482
1319.9305	6.797708758
1320.4665	8.02744277
1321.008	8.8597291
1321.542	8.621066095
1322.082	8.76534518
1322.6245	7.501627229
1323.18	0.517941796
1323.923	2.783133298
1325.8385	6.555762198
1327.749	0.169388175
1329.6705	0.701880295
1332.2015	0.605888404
1334.1215	0.660994573
1336.0465	2.108123733
1337.9575	1.077020645
1339.461	3.386372258
1339.9135	5.932668334
1340.5865	6.423728579
1341.257	2.734903237
1341.943	4.119613727
1342.642	7.18
1343.337	9.871126604
1344.0145	10.1892979
1344.672	9.940977015
1345.1395	9.770678425
1345.576	9.824278019
1346.0195	10.69642429
1346.4535	10.37898292
1346.8935	11.16416971
1347.332	10.78366746
1347.7735	11.08448182
1348.2045	11.41385296
1348.639	11.25552192
1349.0675	11.2338884
1349.4965	11.15486717
1349.9235	11.56975637
1350.3565	10.9599802
1350.785	11.33874918
1351.2145	11.51030646
1351.6455	11.48343316
1352.0555	11.39623555
1352.449	11.38893432
1352.8435	10.66333517
1353.246	11.6047618
1353.644	11.64399441
1354.033	11.28858018
1354.425	11.28348491
1354.813	10.3352431
1355.2155	10.75876776
1355.655	11.37841307
1356.093	11.54401349
1356.5265	10.33363612
1356.9625	10.34397849
1357.397	11.06733887
1357.834	10.86696659
1358.275	10.70812754
1358.6895	10.98518672
1359.098	11.03100198
1359.512	10.77774106
1359.932	10.31598327
1360.347	10.21828613
1360.7655	11.26513663
1361.184	11.31193856
1361.605	11.13152826
1362.012	10.87756051
1362.401	10.66759382
1362.7945	10.80248727
1363.183	10.33702744
1363.573	10.43684432
1363.9595	10.02166946
1364.341	0.244587978
1364.7320087595	0.219797938
1365.10001700374	0.145153205
1365.46802524797	0.273622136
1365.83603349221	0.107305705
