Age	TOC
1.5789	1.48595115
1.8388	3.015313
2.0987	2.41760826
2.8221	2.8610435
3.5675	3.01038266
4.31285	2.2731763
5.05815	2.71659831
5.80375	3.73642012
6.54905	2.95308568
7.2946	3.28989795
8.0397	2.37515862
8.4637	4.83501848
8.82445	4.75423289
9.18375	3.55604894
9.54475	2.95532306
9.8618	2.03860146
10.1778	2.83552598
10.53835	1.95973596
10.9004	1.94155375
11.34705	1.98917144
11.8927	2.89198498
12.4375	2.71961747
13.0517	2.54827173
13.5983	2.19764961
14.1485	2.00882146
14.69385	2.00898138
15.2415	1.81864464
15.62925	1.64654837
15.8294	1.59092182
16.0288	1.57567428
16.2302	1.52236292
16.43065	1.40833457
16.63055	1.0068582
16.8302	0.99868618
17.0312	0.93836251
17.2536	0.8192174
17.5244	0.74515245
17.7941	0.75869252
18.0638	0.81186219
18.33265	0.76638
18.6	0.83641367
18.8653	0.85336607
19.1293	0.87560962
19.3743	0.76493142
19.84275	0.87826547
20.3121	0.79785813
20.7768	0.83324111
21.2466	0.82879302
21.7145	0.92694217
22.12295	0.83095567
22.5894	0.7108934
23.0561	0.73813146
23.48575	0.69201929
23.91145	0.59447448
24.3304	0.66333592
24.7508	0.66800812
25.1749	0.75141065
25.60315	0.75939467
26.03195	0.76680939
26.4608	0.91030306
26.8357	0.96222347
27.18785	0.86345889
27.54175	0.85891199
27.8938	0.95722218
28.2461	0.81364248
28.6006	0.74587806
28.9553	0.64904264
29.31135	0.834774
29.59315	0.81967627
29.82315	0.83424986
30.05065	0.84329703
30.2758	0.91159132
30.5021	0.98661498
30.72745	0.85610532
30.9549	1.33928309
31.1818	1.22040254
31.4786	0.96123978
31.8607	1.0050835
32.2485	0.90929842
32.628	1.36159767
33.00755	1.06558537
33.3889	1.13644254
33.7682	1.21034762
34.1458	1.74779425
34.55765	1.85679813
35.033	1.65307474
35.50805	1.270975
35.984	1.33273021
36.4615	1.14885128
36.9426	1.47478948
37.41985	1.66876784
37.89675	1.60441628
38.32235	1.55915727
38.5559	1.50872578
38.78785	1.48512231
39.0205	1.42776481
39.2524	1.04265262
39.48615	0.98223543
39.71885	1.13034038
39.9504	0.72101825
40.21455	0.97728934
40.5473	0.94392888
40.87665	1.03429682
41.206	1.14299678
41.5375	0.80907712
41.8661	1.06434353
42.19505	1.18880213
42.5277	0.95274912
42.8593	1.02897334
43.25815	1.14855789
43.6548	1.28036431
44.04815	1.41947237
44.4464	1.35350372
44.84365	1.53779136
45.24115	1.47239834
45.64015	1.02698644
46.0366	0.88824947
46.44085	1.02314178
46.83995	1.17772317
47.24805	1.3344408
47.649	0.96443061
48.0482	1.10567706
48.43885	1.28005223
48.8416	1.42108101
49.24135	1.13531912
49.73765	1.34456809
50.2533	1.51889944
50.77675	1.37824659
51.29545	1.38129987
51.8217	1.49000352
52.35185	1.60180771
52.87105	1.53290913
53.38915	1.55688411
53.8685	1.51308593
54.3248	1.54310869
54.7786	1.36102895
55.24255	1.36106374
55.7086	1.06603591
56.16105	0.90601366
56.62365	1.46267467
57.08635	1.26482353
57.56985	1.09238162
58.0956	0.87328623
58.60885	0.95023865
59.1252	1.29796463
59.6509	1.33866075
60.1614	1.37709423
60.68425	1.32926477
61.20335	1.10818277
61.66485	1.18850405
62.03465	0.85367914
62.40595	1.17612092
62.7759	1.15344136
63.15475	0.75075415
63.53795	0.95213123
63.9171	0.98926348
64.2965	1.03109184
64.68625	0.95880308
65.12165	0.91840845
65.56355	0.68705955
66.0044	0.84920482
66.44165	0.9089544
66.8845	0.91677365
67.3222	0.99158107
67.76515	0.95216811
68.1964	1.01535577
68.61695	0.79645924
69.047	0.78145562
69.46685	0.97630742
69.89355	1.0570948
70.33185	0.91643338
70.7599	0.97495333
71.18815	1.08407472
71.6122	0.95720609
72.0408	1.17568139
72.4648	1.43908715
72.88285	1.78893385
73.31325	1.91793919
73.73215	2.04293394
74.15855	2.04236534
74.5871	2.0033441
75.0044	1.42645966
75.4045	1.3464725
75.80565	1.52691058
76.20125	1.42711275
76.60565	2.17464802
76.996	2.46009225
77.3943	2.52433929
77.79	2.71655103
78.18015	2.6227027
78.5292	2.02969446
78.8641	1.61183257
79.196	1.48915786
79.5348	1.61291041
79.873	2.36475133
80.19	2.31468477
80.54485	2.29225532
80.87775	2.49151775
81.2155	2.47201114
81.56275	2.63815552
81.8998	2.55
82.2367	2.26
82.58285	2.04
82.9296	2
83.2674	1.81
83.6042	1.86
83.97765	1.8
84.36715	2
84.76815	2.19
85.17155	1.84
85.57615	1.48
85.9804	1.44
86.38485	1.33
86.7925	1.16
87.1898	1.29
87.6003	1.24
88.00535	1.38
88.42235	1.34
88.842	1.37
89.25885	1.21
89.6662	1.77
90.084	2.25
90.5196	2.63
91.04005	2.55
91.56205	2.55
92.0829	2.59
92.6063	2.53
93.1293	2.55
93.65285	2.48
94.1788	3.05
94.6863	2.82
95.1053	2.67
95.5252	2.68
95.9476	2.54
96.3614	2.83
96.78375	2.67
97.21385	2.66
97.6264	2.61
98.0382	2.63
98.4785	2.73
98.91525	2.47135765
99.3242	2.45382649
99.79165	2.57714106
100.23025	2.6574917
100.67275	2.53369051
101.1139	2.20214186
101.5547	1.78176133
101.9166	2.33042558
102.2676	2.39052462
102.6243	2.24248165
102.9788	1.58989882
103.3274	1.62446055
103.6874	1.5112125
104.03795	1.43507772
104.3903	1.34237932
104.745	2.03180689
105.10195	2.06627193
105.4634	2.25611455
105.8263	1.91842337
106.19065	2.10577209
106.5515	2.12848625
106.9183	1.73059013
107.28075	1.08479805
107.74685	1.10348837
108.26875	1.13413001
108.7978	0.88520548
109.3262	1.34061023
109.8521	1.33918436
110.374	1.2579171
110.89445	1.5678879
111.41755	2.0188479
111.9847	2.08284685
112.60695	2.01412408
113.2272	1.95592558
113.84205	2.14678477
114.45335	2.50668988
115.0729	2.93919268
115.68635	3.00357188
116.2999	2.65237136
116.93145	2.85047554
117.5965	2.32991426
118.2741	2.11715272
118.95695	2.57238947
119.6356	2.48081447
120.3088	2.66752002
120.97835	2.4707764
121.6387	2.74430122
122.29075	2.57481284
122.93015	2.31778876
123.58165	2.05940378
124.2302	2.30506638
124.8438	1.99324498
125.5389	1.5461985
126.19555	1.63275534
126.85895	1.82090931
127.49935	3.18421046
128.06325	3.05
128.5892	1.48054697
129.18805	1.39602591
129.7491	1.20752826
130.31445	1.23682634
130.87765	1.24711394
131.44265	1.11453409
132.00725	1.11922837
132.48695	1.15073312
132.97415	1.3249901
133.4648	1.2599955
133.9441	1.19718727
134.42155	1.25384395
134.8703	1.0378201
135.37915	0.96605489
135.84825	1.10724009
136.29045	0.90727601
136.7294	0.95979737
137.20285	1.05871462
137.6156	0.82929065
138.05365	0.98156274
138.48785	1.04442023
138.91755	1.00155945
139.34885	1.04910325
139.8283	0.96070377
140.18325	0.73580921
140.6	0.95349478
141.0299	0.97958306
141.4523	0.9065407
141.81955	0.70901012
142.2965	0.92352713
142.70895	0.91638993
143.17425	0.94617914
143.53125	0.86307486
143.947	0.84373214
144.3748	0.65435486
144.7371	0.69094784
145.2081	0.71214817
145.62215	0.77337557
146.0422	0.76081724
146.4431	0.8554081
146.84635	0.82515295
147.2443	0.83166263
147.6271	0.81896497
148.05	0.84036644
148.4562	0.75768174
148.85995	0.83459845
149.21675	0.79458167
149.6383	0.81153457
149.96005	0.81200567
150.29055	0.8678082
150.62295	0.89296792
150.95055	0.78057115
151.27805	0.73547594
151.6126	0.60629216
151.93595	0.81731448
152.27495	0.8192961
152.62205	0.71563099
152.979	0.74478656
153.3319	0.86314643
153.68925	0.74646972
154.05215	0.79728043
154.4122	0.78720306
154.77425	0.49976389
155.1083	0.57195825
155.31105	0.80427124
155.5102	0.81798278
155.70525	0.87188079
155.9085	0.66602709
156.1057	0.861673
156.3082	0.87261711
156.507	0.85087136
156.70415	0.74721529
156.88215	0.59613809
157.05425	0.79539194
157.23255	0.95237233
157.4118	0.9164768
157.5916	0.70897841
157.7673	0.87539225
157.94645	0.79122954
158.1221	0.77601695
158.31055	0.65284844
158.50695	0.81062372
158.66765	0.90847342
158.88815	0.85668906
159.07765	0.80417898
159.267	0.69
159.4586	0.55
159.64295	0.68
159.85735	0.71
160.0753	0.7871799
160.3015	0.7176434
160.51735	0.78508305
160.7351	0.78583992
160.9512	0.919834
161.165	0.66
161.375	0.83490022
161.59345	0.78882838
161.8146	0.7547487
162.04245	0.69981035
162.26125	0.7
162.48345	0.80831367
162.7037	0.89943505
162.97395	0.80278328
163.14255	0.62429491
163.3721	0.69985216
163.62625	0.52631817
163.87355	0.86615717
164.12255	0.86449442
164.3747	0.5750806
164.62605	0.76990378
164.87885	0.86714745
165.1314	0.68725665
165.3819	0.87181951
165.6326	0.74894982
165.88085	0.48156968
166.1286	0.64930174
166.38655	0.78230981
166.6318	0.65835372
166.87785	0.84096882
167.1151	0.61381472
167.35315	0.79338528
167.58645	0.82
167.81605	0.85
168.0568	0.56589604
168.28955	0.47248589
168.52645	0.71753477
168.76855	0.79607037
169.00535	0.82896113
169.2405	0.89344938
169.4674	0.98499846
169.69375	1.11403272
169.9233	1.44346183
170.1474	1.29603118
170.37495	1.06475919
170.60225	0.98669154
170.82795	0.87810803
171.06235	0.77118275
171.27055	0.74268127
171.48925	0.83165923
171.721	0.81777726
171.9305	0.91935787
172.15965	0.7835736
172.37985	0.81003569
172.60685	0.87097087
172.8293	0.90834252
173.06695	1.16473743
173.3122	1.23269171
173.55185	1.02877974
173.80005	1.06576013
174.04545	0.97865944
174.2874	0.9407196
174.53755	0.99103794
174.7837	0.91664537
175.0121	1.01525621
175.2361	1.03374606
175.45855	0.896112
175.68815	1.10976781
175.91625	1.05433483
176.14535	1.16471925
176.3753	1.22152696
176.6028	1.23399847
176.81905	1.19320208
177.01975	1.1384418
177.2208	1.13800421
177.42355	1.13480436
177.62975	0.96056683
177.83145	0.82366526
178.0325	0.79828173
178.23755	0.68783607
178.44555	0.77990882
178.65765	0.90968938
178.87145	0.94410236
179.08555	0.98868758
179.29735	0.88588587
179.513	0.86154153
179.724	1.00656556
179.93555	0.99927195
180.161	1.14638992
180.4006	1.03970292
180.6387	1.13629682
180.8834	1.0043378
181.12455	1.20313605
181.36795	0.82687842
181.6072	0.7227193
181.84395	0.73112007
182.08615	0.81498792
182.35795	0.80762774
182.6283	0.83862866
182.89735	0.75854815
183.16725	0.78165364
183.4325	0.78554461
183.69415	0.83598156
183.956	0.8963711
184.21135	0.89529468
184.42955	1.11675703
184.65405	0.82114866
184.87935	0.85543782
185.09695	0.78345767
185.31855	0.96853155
185.53835	1.35548724
185.76295	1.42825385
185.9784	1.70915762
186.242	1.9580831
186.5075	1.58139578
186.776	1.49673018
187.0456	1.36354038
187.31515	1.51607242
187.577	1.31858842
187.84465	1.21174028
188.11895	1.32738825
188.3675	1.15027146
188.5998	1.15715476
188.862	1.33084249
189.1071	1.21519404
189.3572	1.45889422
189.60765	1.42860725
189.8421	1.39462141
190.0853	1.41714509
190.3264	1.28748569
190.5697	1.53075931
190.79795	1.62241463
191.03475	1.72504831
191.27445	1.58369447
191.51695	1.38895883
191.75385	1.76793079
191.99575	1.42505635
192.23485	1.71982849
192.4736	1.65486832
192.7117	1.8631321
192.9428	1.67963962
193.18855	1.51494328
193.4274	1.81837721
193.6751	1.89112403
193.9038	2.22690707
194.15385	3.08052355
194.4242	2.96474751
194.6879	3.44202858
194.9647	3.3406446
195.2341	1.4058521
195.50855	1.21318762
195.77885	1.1230087
196.0469	1.23406303
196.3344	1.16594054
196.65175	0.91131453
196.96905	1.21176506
197.28775	1.18019704
197.6049	1.81303606
197.91425	2.29052192
198.2315	2.02500407
198.55195	2.39120941
198.8571	1.30306857
199.13565	1.22865318
199.4142	1.13439498
199.69495	1.25969788
199.97505	1.31981673
200.24835	0.73418677
200.53475	0.83
200.80775	1.41
201.08675	1.77277076
201.3574	2.32301699
201.6211	1.66881448
201.8892	2.21
202.15925	2.47
202.4313	2.26283362
202.70185	2.27200806
202.97095	1.53
203.2414	2.04
203.52945	2.16
203.82685	1.72430222
204.1151	1.46667469
204.4038	1.42814209
204.69755	1.42689084
204.992	1.1247
205.29295	1.27471325
205.5799	1.6199728
206.1052	1.73097617
206.6666	1.88847757
207.2228	1.91186299
207.7762	1.9746504
208.3335	1.93301204
208.88755	2.08935004
209.4367	2.02778026
209.98665	1.65365416
210.4645	1.73
210.91215	1.88812655
211.36655	2.00447328
211.80895	2.23476517
212.25745	1.57289864
212.707	1.66276477
213.15215	1.66
213.60565	2.22385175
214.11995	1.78378873
214.69655	2.07
215.262	2.48235035
215.83	2.72056758
216.40255	3.65
217.0072	3.42
217.5321	3.46
218.0837	1.72492814
218.6878	1.282859
219.3229	1.16230861
219.96755	0.99853255
220.60025	0.88107229
221.25125	0.8447497
221.9039	0.84989727
222.56495	0.775025
223.22525	0.77298861
223.793	0.82111397
224.2072	0.78673793
224.6245	0.61794678
225.0413	0.61905712
225.4518	0.76516782
225.8651	0.74951997
226.2721	0.80376869
226.67465	0.84394932
227.05845	0.86311185
227.38715	0.83208907
228.0273	0.91451693
228.04815	0.92805371
228.3832	1.09930485
228.71405	1.23583816
229.04555	1.24617975
229.3789	1.48304025
229.711	1.78626336
230.04945	1.74324074
230.39835	1.64161893
230.7385	1.8662261
231.08715	1.16002349
231.43975	1.37208367
231.78505	1.058487
232.11785	1.13427035
232.4559	1.3730911
232.80485	1.47552891
233.15105	1.64229816
233.50355	1.72945444
233.8522	1.58298764
234.19755	1.28513963
234.5446	1.77919398
234.8896	1.75394065
235.2372	1.71447399
235.56605	1.85144218
235.8805	1.59964523
236.20655	1.92049911
236.51855	1.93755773
236.8427	2.75304218
237.1628	2.09948842
237.48195	2.35792166
237.7998	2.42194262
238.15725	2.26152758
238.5312	2.55772928
238.89825	2.67458928
239.26705	2.48633371
239.6046	1.77204363
239.9861	1.85506133
240.35005	2.15449918
240.7127	2.28204352
241.02585	2.09004713
241.32175	2.88042494
241.61035	1.3054912
241.91665	1.10078153
242.2081	0.93732653
242.5091	0.7197757
242.80545	0.70724071
243.1036	0.74911638
243.408	0.77375695
243.72885	0.84088929
244.04245	0.92818536
244.37275	0.93273359
244.70255	0.87351965
245.0279	0.92972654
245.3591	0.8796103
245.693	1.01414049
246.01505	1.12127022
246.31985	1.10262691
246.6271	1.09744576
246.9352	1.24808844
247.24815	1.182533
247.55365	1.07195062
247.86345	1.25929435
248.18005	0.95242166
248.5157	0.96128994
248.9041	1.14533847
249.2954	1.49916417
249.68525	1.67844574
250.0693	1.20988639
250.43815	1.17937962
250.82265	1.29557883
251.1956	1.0877973
251.58405	1.29003896
251.9927	1.17599356
252.41125	1.11857874
252.8258	1.17981871
253.24045	1.19476288
253.6584	1.16440781
254.07265	1.2247861
254.4933	1.16742359
254.9009	1.23506789
255.36515	1.40352369
255.83075	1.38725503
256.29085	1.40980608
256.7648	1.42067457
257.2241	1.37226938
257.68135	1.25839561
258.1437	1.30335162
258.59705	1.17521316
259.09145	1.20992227
259.585	0.86441172
260.07335	0.99174181
260.56465	1.04966711
261.06125	1.07905719
261.5409	0.86581272
262.0322	1.10801459
262.5441	0.95339489
262.942	0.8857455
263.3548	0.79989563
263.7639	0.99602561
264.1779	1.0478763
264.5836	0.95077406
264.99575	0.96374205
265.41485	1.02617528
265.83265	0.93774052
266.22145	0.83307273
266.6249	0.7720424
267.02265	0.72774348
267.4253	0.71815444
267.8192	0.69156214
268.2159	0.90884553
268.6173	0.66614849
269.01135	0.59737041
269.42335	0.69896399
269.8385	0.73456804
270.3201	0.71338367
270.6835	0.70432876
271.10325	0.66456716
271.5242	0.6275438
271.95225	0.58751754
272.37625	0.6912576
272.78525	0.62912615
273.1653	0.58106615
273.55205	0.70447114
273.9399	0.69751762
274.3203	0.66891161
274.6959	0.70739701
275.12945	0.75952998
275.45795	0.80251991
275.828	0.86114451
276.17295	0.75917796
276.5199	0.8397233
276.86995	0.77620257
277.2131	0.80985431
277.556	0.85557104
277.89115	0.84117633
278.2357	0.76971292
278.57965	0.94388252
278.93515	0.9003604
279.29375	1.088591
279.65125	1.04465126
280.0096	0.79364267
280.3717	1.01363156
280.7247	1.1691088
281.08065	1.09997334
281.43105	1.29963667
281.76635	1.72214513
282.10625	1.96327388
282.43835	2.37663725
282.77925	1.80467168
283.1134	1.33919751
283.4576	1.56345383
283.80325	2.15255397
284.1448	2.46514844
284.5643	3.19758824
284.9992	3.12450217
285.43095	3.3551951
285.8525	3.41759252
286.28235	2.88590976
286.71635	2.69656162
287.14585	2.89875708
287.5801	2.69423569
288.0089	3.09622647
288.4365	3.09994629
288.8618	3.28339094
289.28545	2.99347386
289.71075	3.23870305
290.13465	2.96709084
290.5524	2.94926191
290.96615	2.67068142
291.3565	2.50068484
291.7247	2.23152379
292.10125	2.05064112
292.4742	2.11265031
292.8552	1.64355363
293.2335	1.57473484
293.612	1.47421294
293.9926	1.30553864
294.3704	1.17257674
294.7364	1.24306677
295.10575	1.07640283
295.48955	1.16756908
295.8722	1.08081686
296.25155	0.97064296
296.63245	1.13543794
297.00465	1.02299563
297.3512	1.2924089
297.6403	1.16729567
297.9625	1.05467219
298.26905	1.41687055
298.5718	1.6679361
298.88055	1.76570991
299.17115	1.58374836
299.46765	1.86914288
299.75655	1.57683993
300.04145	1.30020777
300.3285	1.19026996
300.6178	1.29204138
300.90685	1.34836022
301.1976	1.57201698
301.49	1.52037137
301.77605	1.65685656
302.06125	1.68743339
302.36375	1.80036965
302.661	1.98896377
302.966	2.20179866
303.2657	2.25362453
303.58165	2.19335258
303.8612	2.3268399
304.15405	2.64519264
304.455	2.13341286
304.78535	1.7055803
305.1204	1.45914842
305.44965	1.4834922
305.78205	1.84507316
306.112	2.81826941
306.4449	2.86365352
306.7705	3.01618897
307.1086	2.64860887
307.43015	2.78134693
307.76175	3.18300999
308.0942	3.11179899
308.4025	2.90308209
308.75555	3.25200181
309.08065	2.68709201
309.4116	2.29022662
309.74265	1.45692295
310.04175	1.76106488
310.331	2.4531381
310.62165	3.12436695
310.9071	2.99228145
311.21735	3.13664697
311.4806	3.41063454
311.77455	1.94703838
312.0641	2.41954937
312.35545	2.40646968
312.6569	2.51486311
312.95835	2.26692816
313.25785	2.45379728
313.56065	2.78725345
313.8567	2.14541879
314.16345	2.51644582
314.46365	2.37617088
314.76275	2.39237538
315.0649	2.23877486
315.3717	2.31272515
315.68395	1.81299896
315.9959	1.89212592
316.3031	1.52711564
316.6112	2.42633493
316.91885	1.47937261
317.2494	1.7141724
317.59765	2.77366883
317.9889	2.76163639
318.3591	1.59297986
318.73285	1.50875175
319.1068	1.50189232
319.48555	1.31696774
319.85585	1.86243432
320.2302	1.90486328
320.62165	1.59849173
321.0116	1.87328549
321.4072	2.06438392
321.79765	2.18382429
322.18325	2.3388588
322.57545	2.39125634
322.9683	2.40302149
323.3653	2.35257564
323.82775	2.22818625
324.28965	1.89280615
324.75385	2.03976904
325.2132	1.84823626
325.66485	1.98907069
326.1176	2.22541475
326.56855	2.0362817
327.01535	2.46566632
327.5073	2.04907534
327.9855	2.00807326
328.4736	1.94170948
328.9673	1.61361052
329.454	1.68670614
329.93925	1.82501995
330.42695	2.39001122
330.91875	2.03231059
331.39635	2.00511256
331.88715	2.29875786
332.3643	2.68734974
332.8423	2.04862111
333.33115	1.63591852
333.8121	1.4847532
334.2876	1.43030048
334.77375	1.48574179
335.2702	1.32008554
335.77745	1.18946184
336.2892	1.12816836
336.7928	1.04882552
337.30115	1.06554358
337.80575	0.85061038
338.31065	0.9430537
338.8096	0.89557077
339.3434	0.88746478
339.89595	0.80768999
340.48215	0.93045819
340.9967	0.81424311
341.5446	0.79483123
342.09015	0.81392886
342.6358	0.74203831
343.1826	0.62074001
343.7141	0.65900569
344.24125	0.75730154
344.75995	0.62825109
345.28855	0.74209119
345.8169	0.61743557
346.34905	0.63273067
346.8788	0.6
347.39635	0.66784716
347.90875	0.67893698
348.40225	0.65417225
348.89815	0.66251915
349.3897	0.76761583
349.89375	0.69238186
350.39075	0.76219733
350.89305	0.73318531
351.3808	0.87617409
351.88565	0.80068182
352.4045	0.79528999
352.92395	0.68144804
353.43845	0.7093595
353.9593	0.74762019
354.48335	0.73742792
355.00015	0.75450511
355.5178	0.83899427
356.0111	1.09152044
356.5779	1.2056847
357.123	0.77570498
357.66595	0.55951201
358.21055	0.71100555
358.75385	0.67897956
359.30555	0.58903872
359.8555	0.66175179
360.4023	0.53874049
360.9415	0.59886187
361.47335	0.58776534
362.00405	0.60222639
362.5343	0.74467387
363.0618	0.59440908
363.59195	0.74837469
364.12535	0.62822767
364.65505	0.56511402
365.06565	0.66237157
365.45995	0.59027039
365.85845	0.76295894
366.25825	0.72845046
366.6583	0.80941938
367.05725	0.81647517
367.45815	0.756371
367.84965	1.12644394
368.35325	0.93989222
368.8783	0.81921747
369.3984	1.06842103
369.9211	0.8172441
370.44375	0.98951922
370.9706	1.00425674
371.4994	1.39997183
371.9883	1.21324905
372.6361	1.24228588
373.3061	1.65860114
373.96795	1.71104997
374.62725	1.06046249
375.2954	1.04118044
375.9667	1.0856652
376.64275	1.29798167
377.30675	1.90285056
378.0665	1.89668791
378.9262	1.33315175
379.78525	1.54035342
380.6409	1.70690538
381.50295	2.19791688
382.3495	1.50024708
383.21115	1.41525898
384.0588	1.74792989
384.86595	1.82440826
385.6031	1.86011923
386.3481	1.65558943
387.09385	1.96188345
387.841	1.60948926
388.59775	1.8373217
389.3464	1.54835371
390.1082	1.91910548
390.81085	2.36105577
391.35585	1.82702762
391.9041	1.2055889
392.41695	1.0138875
392.99755	1.16809028
393.5424	1.14744157
394.0871	1.36729031
394.62695	1.58123022
395.1329	1.71137466
395.4648	1.8509894
395.78325	1.75345256
396.1117	1.92058187
396.43445	1.90496022
396.75735	1.69608858
397.0735	1.53001392
397.39355	1.49664247
397.70585	2.01621508
398.08495	1.82725591
398.4591	1.98656372
398.8339	1.99575367
399.21495	2.26273185
399.58975	2.11915832
399.9663	1.63352171
400.3559	1.37779885
400.73185	1.35195672
401.1312	1.33010948
401.5419	1.67774938
401.95085	2.10715506
402.36755	2.3477361
402.7695	2.25409366
403.17765	1.93968984
403.5865	1.88268601
403.9978	1.54995941
404.496	1.58702886
405.0244	1.30833955
405.5974	1.34039803
406.1073	1.27617
406.6441	1.33673943
407.1875	1.25610763
407.72485	1.53031624
408.25975	2.2033441
408.6852	2.33759869
409.05175	1.65306818
409.41975	1.4525482
409.7908	1.59905674
410.16675	1.47167601
410.5428	0.9748362
410.9239	1.32494779
411.3001	1.07281636
411.7322	0.86492787
412.21305	1.11905234
412.69975	1.03191549
413.18695	1.09046958
413.6736	0.84025455
414.16015	0.69343679
414.6485	0.9952898
415.13255	0.70443979
415.5743	0.54009447
415.96885	0.79771632
416.36185	1.40428259
416.7494	1.11758291
417.13645	1.45540325
417.52195	1.72980641
417.91265	1.55261802
418.2996	1.79641753
418.71425	1.80028858
419.20655	1.59746724
419.70805	1.73522069
420.21275	1.81977176
420.7132	1.89914893
421.20705	1.99555481
421.7098	1.96609364
422.20735	1.92957343
422.6839	2.2389922
423.1112	2.30617816
423.5314	1.96082694
423.95295	2.23585485
424.37395	2.15408485
424.79225	2.04339429
425.2159	2.02927106
425.644	1.62978017
426.0682	1.59662872
426.56155	1.60410566
427.00885	1.25518537
427.53195	1.69398831
428.0157	1.20675414
428.5015	1.08820522
428.9941	0.86961628
429.49525	0.74049376
429.98145	0.66942852
430.43495	0.53669775
430.87545	0.63997259
431.3223	0.513514
431.77375	0.57231264
432.2262	0.49930782
432.683	0.62093176
433.1373	0.44808295
433.5913	0.42632198
434.3699	0.46122551
435.25475	0.492456
436.12805	0.48069724
437.0129	0.45878633
437.89185	0.43033836
438.7745	0.4682988
439.65095	0.44722263
440.5319	0.51814017
441.30195	0.73723841
442.0099	0.5154652
442.7299	0.59469454
443.4414	0.56947439
444.149	0.5693116
444.8733	0.76069538
445.59535	0.90588146
446.32245	0.88674167
446.9891	0.80350126
447.59205	1.01391487
448.2016	0.94706792
448.81705	0.5557228
449.43795	0.60973174
450.0556	0.78248197
450.6738	0.71286109
451.2881	1.01191303
451.9229	1.05855885
452.5985	0.62982843
453.1935	0.59507905
453.95845	0.72946588
454.6388	0.63096292
455.3182	0.61175577
455.9965	0.76852157
456.6758	0.8072976
457.28935	1.00965749
457.72525	0.75033933
458.16445	1.13228353
458.6094	1.36416076
459.05375	0.9219048
459.48755	0.7017985
459.9206	0.65550952
460.3573	0.80734007
460.78305	0.67638976
461.2	0.70915424
461.6229	0.87891895
462.0431	0.85595653
462.4634	0.86922409
462.8835	1.03797571
463.3066	0.89109292
463.7216	0.90851916
464.14855	1.04653273
464.6413	1.10339607
465.14675	1.19222465
465.64905	1.15757853
466.1512	1.07420004
466.65585	1.31561725
467.1645	1.17312049
467.6749	1.0147526
468.175	0.80594198
468.5868	0.96563571
468.98015	0.88629067
469.38115	0.9047592
469.78485	0.83415392
470.18015	0.99043085
470.57495	0.8770801
470.9688	0.96982146
471.366	1.13842481
471.7191	1.25361189
472.05275	1.00525951
472.3962	0.76964286
472.73835	1.03451662
473.07915	1.09797541
473.4213	1.48768034
473.7622	1.4746877
474.1085	0.86824604
474.47235	1.22365308
474.8409	2.14515767
475.21015	1.81644371
475.58765	1.72938542
475.949	1.21503558
476.3302	1.22906244
476.6982	1.2599015
477.062	1.1775267
477.44355	1.31855705
477.83445	1.1225956
478.22205	0.94102567
478.6172	1.11539044
479.0058	1.26827736
479.39735	1.85178121
479.7858	2.00126914
480.1774	1.75410011
480.5247	2.09704855
480.8448	1.80470325
481.1385	1.91148628
481.4401	0.91612128
481.74835	0.95358774
482.0485	0.90721511
482.35415	0.88607166
482.6582	0.91503254
482.9697	1.08087661
483.36555	1.31869649
483.74375	1.17949891
484.1295	1.09916198
484.51065	1.08100316
484.89575	0.87771267
485.28425	1.00726502
485.66515	0.9048891
486.04705	0.90951176
486.4407	0.90633719
486.82665	1.06175297
487.2209	1.12860417
487.6098	0.89215426
487.99245	1.28608289
488.37875	1.59
488.75735	1.27562218
489.14075	1.35727236
489.573	1.40087728
490.00255	0.98781136
490.4421	1.28957655
490.88065	1.08827043
491.3261	1.00936706
491.77025	1.15289577
492.19595	1.09254199
492.62375	1.368614
493.23035	1.57454593
493.86375	1.64548444
494.49415	1.7282713
495.12975	1.59514324
495.7652	1.77003569
496.39585	1.92838407
497.0151	2.00267891
497.639	1.79984721
498.285	1.63984763
498.9346	1.82172753
499.5791	1.7572772
500.23075	1.67842387
500.877	1.75721346
501.5299	1.68602416
502.18295	1.40331439
502.8309	1.61255861
503.6783	1.27280795
504.63	1.12716836
505.58365	1.86241236
506.547	2.04733621
507.50365	1.47994648
508.4658	1.51972557
509.4285	1.62556959
510.3913	1.47026123
511.17615	0.83094561
511.8025	1.14907835
512.42375	1.07520453
513.0525	1.37953766
513.68165	1.44133252
514.31115	1.44833878
514.93715	1.49910729
515.5703	1.59862773
516.14935	1.54776122
516.66345	1.99559156
517.1798	1.897687
517.6994	1.89935852
518.22545	1.92622116
518.7368	1.8900031
519.2524	1.97486763
519.75345	1.79505218
520.28325	1.59650384
520.8651	1.76141876
521.44665	1.57934154
522.02395	1.598657
522.60045	1.60597956
523.19415	1.80220741
523.78255	2.00153055
524.3659	1.98187954
524.94795	1.44005686
525.5389	1.21535305
526.12985	1.26786353
526.9872	1.30116176
527.31965	1.33968782
527.91965	1.63185532
528.51715	1.73374834
529.1048	0.93228038
529.69885	0.98157649
530.05105	1.30204629
530.4084	1.31479244
530.76485	1.45830495
531.1238	1.43267702
531.488	1.4141125
531.8524	1.26898169
532.209	1.13371022
532.56985	1.03530893
532.85655	0.87656685
533.14995	1.02299064
533.43385	0.96038665
533.72535	1.03141693
534.01105	0.88334392
534.3044	0.79211377
534.59495	0.94875735
534.8724	0.97103102
535.1694	1.15182713
535.4705	0.9071279
535.7722	1.16194053
536.074	1.02157127
536.4041	1.38844294
536.6868	1.15281103
536.9947	1.08429048
537.2918	0.93720628
537.7978	0.82851827
538.4114	1.0108714
539.06215	1.48091045
539.63835	1.65010013
540.23915	1.38453534
540.85055	1.71625123
541.4496	1.5089651
542.06175	2.14362563
542.60595	2.54873617
543.10225	2.09772374
543.61025	1.82128718
544.1272	2.04184237
544.6044	1.8926276
545.1025	1.9091836
545.60625	1.99287056
546.1082	1.22205747
546.622	2.01625993
547.15765	1.30193042
547.69605	0.99424522
548.24255	1.48895419
548.7871	1.26751493
549.32675	2.09729823
549.8592	2.11925285
550.39945	1.33175863
550.92305	1.52015566
551.427	0.93779764
551.95075	1.89660013
552.4734	1.65422815
552.9969	1.97013845
553.5221	1.47444519
554.04025	1.29585912
554.5663	1.03972619
555.07305	1.98080771
555.55185	0.66070577
556.02435	1.65766946
556.48975	1.36384533
556.96775	0.98599735
557.4369	0.73744497
557.90385	0.70059918
558.37905	0.86500211
559.03995	1.1162112
559.28565	1.06139165
559.7229	1.07444887
560.1673	1.30495103
560.61935	0.76010225
561.0679	0.95207434
561.5077	0.85728553
561.9498	1.07596508
562.37925	1.13655731
562.73415	1.01492252
563.07465	1.2259958
563.41775	2.16670255
563.7593	2.19867671
564.10265	1.68293835
564.4442	1.01038703
564.7746	1.00836257
565.1024	0.93996588
565.42795	0.86880282
565.7554	0.9865939
566.0885	1.05126199
566.42	0.9403084
566.74525	0.88976109
567.07045	0.90161382
567.39395	0.8111122
567.71365	0.90270944
568.052	1.04507969
568.4009	1.13996561
568.74265	1.18971251
569.09265	1.55880294
569.4432	1.41464823
569.7897	1.1617375
570.1373	1.21398235
570.47795	1.23380939
570.84265	1.14749489
571.1993	1.20015974
571.5694	1.14811955
571.9412	1.13717644
572.3065	1.64
572.67605	1.22179609
573.05405	1.34859791
573.41525	1.49145079
573.78985	1.34189482
574.15015	1.2180526
574.52705	1.25850653
574.8886	1.40598965
575.2536	1.30305845
575.618	1.36247774
575.98895	0.95597772
576.3543	1.02622004
576.71055	0.88736999
577.06965	0.69615358
577.4314	0.91644572
577.79305	0.90048218
578.1673	0.85999687
578.5267	0.89194551
578.8938	1.02655121
579.25365	1.16284678
579.6153	1.16818603
579.9381	0.76786335
580.26465	0.91217518
580.59365	0.85738328
580.9183	1.01602008
581.24335	0.85020949
581.57255	0.74480845
581.89535	0.72980853
582.2212	0.91279198
582.5557	0.91728242
582.8992	0.80037422
583.24005	0.72608522
583.5847	0.87130403
583.9289	0.91071295
584.2766	0.71539087
584.61625	0.80793013
584.9619	1.02855212
585.38045	0.82702231
585.81895	0.90889525
586.2534	0.99589318
586.69265	0.86273047
587.13365	1.03197015
587.5664	1.01683375
588.0022	0.97983486
588.4251	1.36956969
588.8264	1.44882667
589.2035	1.30976281
589.5949	1.25910539
589.97775	1.43189801
590.3667	1.34828226
590.74765	1.31879434
591.13035	1.27785769
591.4877	1.22488646
591.9272	1.12039017
592.35485	0.8805921
592.7845	1.33241038
593.21825	1.3768605
593.65765	1.39425424
594.0975	1.419148
594.52335	1.64795839
594.951	1.70152697
595.4854	1.88364708
595.92235	1.68206135
596.4353	1.67200895
596.94565	1.32348101
597.45335	1.15625578
597.9652	1.24664047
598.4715	1.13551886
598.9856	1.19383948
599.45785	1.26083005
599.8832	1.35809732
600.3029	1.35640626
600.72555	1.4396607
601.14345	1.18102569
601.57185	0.74799388
601.9991	0.93960904
602.4342	1.03214137
602.8536	0.80057123
603.25135	0.83489099
603.652	0.7744517
604.0267	0.95276084
604.4551	0.61686377
604.8601	0.78503055
605.26355	0.95136643
605.67075	1.15635126
606.0729	1.01255
606.5253	0.80229677
606.98215	0.99537765
607.4306	0.83914273
607.87625	1.03473725
608.31655	1.02302723
608.75265	0.93011718
609.19405	1.00884281
609.63105	1.03118617
610.0022	0.89862653
610.3701	1.29212443
610.73605	1.30882721
611.11055	1.161675
611.482	1.30068856
611.85805	1.41368771
612.2341	1.3346201
612.6025	1.45642067
612.97645	1.07697345
613.35245	1.0902257
613.72475	1.29506236
614.09885	1.18389449
614.46765	1.11816039
614.83935	1.14701695
615.21215	0.92789805
615.57945	1.13487071
615.96355	1.18665831
616.34705	1.06942893
616.73505	1.07882927
617.118	0.69438427
617.49935	0.98026393
617.89585	1.25051098
618.28375	1.08822316
618.6618	1.76365584
619.0362	1.16537411
619.3974	1.06858177
619.757	1.13325784
620.12035	0.92616358
620.48455	1.06436043
620.8418	0.96548042
621.20705	0.91835874
621.5599	1.62313346
621.9435	1.2618519
622.33285	1.34657826
622.71895	1.19991668
623.10955	1.12450749
623.51025	0.98184373
623.9081	0.96740299
624.305	0.95774449
624.70105	1.0627036
625.0887	0.96299303
625.4686	1.21295691
625.8435	1.15682232
626.2179	0.83617202
626.59185	0.80443496
626.96455	0.9386954
627.35595	0.61782721
627.74495	0.7064239
628.14435	0.66450133
628.58525	0.75592316
629.019	0.59998286
629.45935	0.56715434
629.89025	0.65064409
630.32625	0.71923581
630.7531	0.75905299
631.1787	0.81272778
631.62805	0.64835468
632.14785	0.62437783
632.68145	0.56217744
633.2025	0.65357466
633.7246	0.598647
634.2382	0.67550448
634.7525	0.74499536
635.2654	0.68803166
635.783	0.65415694
636.18855	0.70579405
636.58895	0.65583876
636.9985	0.60660564
637.3959	0.83277602
637.7973	1.03948897
638.21245	0.99827395
638.61225	0.94758411
639.01225	0.89143568
639.53565	0.87260648
640.0841	1.00311811
640.62335	0.83165689
641.1658	0.90225276
641.7089	0.93146112
642.25215	0.81327983
642.78885	0.71768277
643.31995	0.88419944
643.8297	0.84843233
644.3421	0.83121231
644.842	0.92365368
645.3474	1.15718239
645.84525	0.86902272
646.3597	1.11439977
646.86935	0.81004
647.36485	0.70641016
647.8624	0.65679555
648.36055	0.70495062
648.85295	0.84726347
649.34995	0.85430705
649.85075	0.9171901
650.3394	0.7850399
650.84095	0.72917203
651.3316	0.84171765
651.76025	0.78814416
652.12985	0.6187525
652.50985	0.57608733
652.88775	0.71332042
653.2632	0.64382605
653.6375	0.54902475
654.0198	0.65580981
654.39995	0.62888953
654.8694	0.59298434
655.4694	0.65480931
656.0733	0.70779906
656.66575	0.73475822
657.25845	0.84184458
657.84415	0.78966039
658.4337	0.70720962
659.013	0.86462767
659.61625	0.70659458
660.24895	0.81055724
660.88395	0.77549904
661.51545	0.65803977
662.14785	0.79558749
662.77385	0.95862287
663.4066	0.94268604
664.0372	0.92445504
664.64745	0.93489431
665.21015	0.94904384
665.77155	1.073971
666.3381	1.17448554
666.89715	1.24447568
667.4497	1.06633706
668.0097	1.27067522
668.5773	1.28254057
669.1311	1.45997834
669.6726	1.32520563
670.2195	1.34130248
670.7631	1.36461552
671.30495	1.35608217
671.85885	1.5198615
672.40375	1.29223093
672.9603	1.17339692
673.52335	1.02025575
674.01665	1.15578339
674.541	1.3043045
675.0134	1.21035038
675.51815	1.17447093
676.0177	1.12443629
676.52365	0.84650482
677.0364	0.82968311
677.54605	0.78532674
678.7024	0.84762257
680.6063	0.98959548
681.9729	1.19089427
683.3276	1.38968177
684.6869	1.1383535
686.0408	1.27006773
687.3989	1.05381192
688.75155	1.0556471
689.8321	1.00192425
690.9243	0.92031195
692.0121	0.93735206
693.0979	0.88729099
694.1879	0.6213097
695.2778	0.56487506
696.3701	0.46944201
697.4611	0.35276491
698.13235	0.38590092
698.75985	0.74692249
699.386	0.58758394
700.0043	0.71962889
700.6171	0.70795252
701.23555	0.7737228
701.85865	0.87967826
702.48	0.72806377
703.15275	1.14480957
703.85735	0.99811633
704.571	1.06917738
705.27295	1.13782312
705.98165	1.06006069
706.6933	1.16241361
707.3993	0.83150032
708.09535	0.85118367
708.8312	1.13169367
709.5647	0.8187535
710.3118	1.09849167
711.04805	1.1667318
711.7987	1.17424747
712.54035	1.13436884
713.2875	0.74609551
714.0229	0.50122997
714.83745	0.41098943
715.71855	0.40337194
716.58295	0.42079552
717.4595	0.37577288
718.3409	0.4816323
719.232	0.31845332
720.1116	0.4021575
720.9843	0.38
721.6754	0.41106092
722.1162	0.43241848
722.5639	0.44468372
723.0073	0.45975092
723.45545	0.4773362
723.8963	0.43649945
724.3433	0.52930506
724.78955	0.63270045
725.2616	0.75779994
725.82075	0.85180227
726.3864	0.67628032
726.94915	0.68528986
727.5218	0.92944958
728.0931	0.76991848
728.65935	0.85829579
729.2196	1.09300486
729.77235	0.95961882
730.3176	1.30312462
730.8667	1.18661821
731.42235	1.32225271
731.9902	1.27921247
732.5398	1.19613955
733.0999	0.87305956
733.6988	1.03683856
734.2252	0.98702016
734.78665	1.00077091
735.33655	1.06466735
735.9032	0.98531394
736.4558	0.88984306
737.01645	0.78399404
737.57565	0.80267386
738.1339	0.61756771
738.6909	0.81681853
739.10335	0.87983251
739.5099	1.01540025
739.90575	1.06304814
740.3012	0.93426459
740.70135	0.9423811
741.08735	1.08735772
741.4769	1.00473483
741.87025	1.06918576
742.222	1.11120397
742.57265	1.10305298
742.91755	1.3205193
743.2696	0.96479011
743.621	1.33571844
743.97795	1.13327898
744.3225	0.68045807
744.6687	0.68
745.05495	0.56724012
745.46585	0.53447382
745.8819	0.61675516
746.29225	0.53210906
746.70625	0.70036305
747.11755	0.63381604
747.5187	0.70529525
747.93215	0.68694638
748.35055	0.55
748.7907	0.66507794
749.23255	0.61
749.67625	0.86344234
750.11195	0.68136696
750.5554	0.78329943
750.9902	0.912739
751.4399	0.84831615
751.8476	0.78441599
752.2211	0.82714446
752.6033	0.75634598
752.97645	0.94744074
753.3563	0.96931588
753.73745	1.03
754.12685	1.06601715
754.5088	0.71418849
754.90315	0.81014276
755.316	1.01818377
755.7282	0.99527703
756.1336	0.90897651
756.5448	0.98587712
756.9505	0.90735252
757.35785	0.89287959
757.76805	0.99490539
758.1771	1.12899993
758.6104	0.63714864
759.0406	0.96705935
759.47915	0.97035491
759.91275	1.03916233
760.3494	0.86662786
760.7867	0.91
761.21415	0.91728703
761.6538	0.95498717
762.1078	1.30118097
762.5623	0.95865034
763.02035	0.96226016
763.47185	0.63328949
763.92785	0.68008728
764.3858	0.90859773
764.8346	0.92285313
765.27495	1.00664059
765.7148	1.06132085
766.15785	0.68822264
766.6031	0.97842959
767.05	0.91290344
767.49105	1.22807827
767.9392	1.03074045
768.3851	0.8523174
768.82695	1.03825498
769.28705	0.87009265
769.74775	0.78474
770.2044	0.99677854
770.66685	0.89930728
771.12815	0.93292077
771.59805	0.95110734
772.07035	0.97947946
772.544	0.83405052
773.13715	0.78173248
773.8015	0.70312659
774.4643	0.90184201
775.12775	0.80708315
775.78095	0.88822067
776.44725	0.9084958
777.0981	1.18133603
777.75755	1.14090037
778.48195	1.01943584
779.2696	0.90996243
780.0606	0.92486253
780.8521	0.60569765
781.5826	0.81146047
782.42735	0.68215048
783.2102	0.69862743
783.9975	0.88072754
784.72585	0.89523582
785.4023	0.79435629
786.0715	1.22577366
786.77185	1.40192556
787.4325	1.18767367
788.1194	0.61312155
788.80075	0.77481663
789.47875	0.69701147
790.09015	0.65034151
790.52265	0.763317
790.9665	0.62940295
791.4161	0.69538476
791.86345	0.64158597
792.3081	0.62038282
792.74425	0.59238245
793.17995	0.54920474
793.6512	0.49985458
794.30865	0.485887
794.9765	0.50004231
795.6444	0.55371466
796.30375	0.4529328
796.96195	0.5912046
797.62705	0.60306196
798.2845	0.4944221
798.9446	0.62534481
799.59325	0.60525029
800.24405	0.74661382
800.89325	0.64602225
801.54775	0.72528049
802.1944	0.53
802.84885	0.62728971
803.5035	0.69893073
804.14535	0.74202704
804.83815	0.71793886
805.52925	0.78326808
806.22065	0.8166146
806.9217	0.79126238
807.6249	0.905139
808.32905	1.18198252
809.02975	1.03127083
809.7291	1.12211645
810.3283	1.02933546
810.89175	1.05663981
811.45875	1.10599835
812.02545	1.34908864
812.6246	1.15204235
813.15735	1.22399177
813.72565	1.15368738
814.28925	1.11400116
814.8171	1.05897923
815.33	1.16415089
815.848	1.0288025
816.36055	0.87714724
816.8754	0.78954232
817.3867	0.88031747
817.9014	0.86066097
818.418	0.7824852
818.89765	0.58000279
819.36005	0.69395933
819.8157	0.73069968
820.27945	1.10169185
820.7399	1.08444804
821.19775	0.63118408
821.66	1.00177294
822.1217	0.68899136
822.54805	0.7104074
822.9437	0.97376012
823.33215	0.87204202
823.7287	0.75573583
824.11285	0.97434879
824.50265	1.09772392
824.8899	0.91057253
825.2723	1.01016484
825.6806	1.30467925
826.13785	1.39132783
826.59655	1.26337119
827.05525	1.39424299
827.5154	1.42047123
827.97375	1.17215604
828.43835	1.41337972
828.9098	1
829.41415	0.94
830.15225	0.87
830.88935	1.1
831.6285	1.30691931
832.36435	1.19447211
833.1057	1.01225574
833.84505	0.75846081
834.56925	0.8684335
835.3165	0.43
836.32035	0.85794476
837.32335	0.89155731
838.3221	0.85367869
839.32135	0.85389756
840.32195	0.63297738
841.31495	0.18
842.30295	0.73181333
843.29555	0.67070279
844.27915	0.79833108
845.26155	0.96821592
846.31255	1.23618226
847.2359	0.95722468
848.229	1.04971928
849.2331	0.57611544
850.23595	1.6515685
851.23215	0.6209823
852.24325	0.60425637
853.27365	1.10991366
854.3006	0.95915231
855.32435	1.37289722
856.3425	1.34435848
857.36125	1.23693094
858.3814	1.10127845
859.40415	0.97382165
860.3957	0.93777394
861.44575	1.03921109
862.37565	0.93893114
863.36555	0.97573294
864.3502	0.93480632
865.34725	0.97881664
866.3477	1.09560996
867.41625	1.05308203
868.14435	0.72155735
868.7462	0.66129116
869.3543	0.78129001
869.95585	0.72916454
870.56105	0.54173424
871.16295	0.52952735
871.7611	0.63508891
872.36405	0.52533123
872.9032	0.53671333
873.33725	0.64701325
873.781	0.55984612
874.22565	0.63406547
874.65855	0.51114258
875.1033	0.65988701
875.54125	0.609224
875.9736	0.61206874
876.43965	0.71266861
876.96485	0.64886837
877.5086	0.56895054
878.0397	0.58324991
878.5754	0.55750677
879.10755	0.6195809
879.65195	0.56713596
880.1798	0.49198505
880.7031	0.47338201
881.1796	0.47960516
881.6687	0.5179707
882.1514	0.51689629
882.6304	0.45146595
883.11475	0.45367859
883.60925	0.7789233
884.0896	0.62038754
884.5631	0.50187241
885.0977	0.47960815
885.6116	0.68046879
886.13035	0.6771333
886.66125	0.76855041
887.1948	0.62114569
887.72545	0.73631179
888.25755	0.70052262
888.7826	1.06893972
889.53305	1.26305667
890.31165	1.04962196
891.0909	1.03053673
891.88275	1.02867453
892.66405	1.06633156
893.44085	1.13071047
894.2164	1.28155227
894.99485	1.10048147
895.9078	1.23453944
896.8711	1.76141098
897.8405	1.04268669
898.7944	1.03668888
899.749	1.336416
900.6988	1.22118315
901.59805	0.95526803
902.6048	1.00779177
903.50335	1.16876255
904.38425	0.95745575
905.28475	1.09260865
906.16625	1.06892776
907.05705	1.02325909
907.9542	1.10428476
908.8373	1.31713158
909.7202	1.26021271
910.76055	0.94159021
911.94245	0.94982856
913.1298	0.77455116
914.30825	0.66467339
915.5024	0.62291885
916.69205	0.57026437
917.8931	0.48126453
919.0874	0.52424991
919.93365	0.57033489
920.32115	0.52075068
920.71315	0.55115145
921.10345	0.51206991
921.4829	0.58152874
921.8647	0.56448301
922.2458	0.65049916
922.6238	0.62482242
922.98765	0.63914679
923.34335	0.65199977
923.6952	0.79704326
924.04	0.90436973
924.39515	0.76305721
924.73775	0.64016911
925.08965	0.58305209
925.44295	0.90068137
925.8	1.3219354
926.2007	1.61395954
926.61185	1.21475486
927.01585	1.16719376
927.42585	1.38405394
927.8427	1.02446293
928.2462	0.94936155
928.65645	0.70087011
929.0513	0.97604143
929.4581	1.29900291
929.8592	1.31938358
930.2521	1.35720978
930.64985	0.91471005
931.04095	0.79557954
931.43945	0.82387121
931.83775	1.08012215
932.23705	1.21929479
932.62865	1.31137688
933.02225	1.40162261
933.4222	0.90599895
933.82105	1.3390186
934.2264	0.80718139
934.63065	0.77392498
935.0292	0.66283184
935.43045	0.64182165
935.84805	0.68776235
936.277	0.81374349
936.70695	0.90967192
937.1411	0.66399576
937.56805	0.89575187
937.98745	0.81178371
938.4111	0.89748895
938.8432	1.01709568
939.2421	0.99010137
939.60935	0.94149216
940.0253	0.94444693
940.41405	1.16772822
940.804	1.01631875
941.1913	1.08104032
941.5827	0.84137747
941.98605	0.81704996
942.40105	0.90284335
942.8367	0.92341306
943.26675	1.29110555
943.6998	1.07140973
944.12095	1.60438486
944.55045	1.14023655
944.97595	1.16323124
945.4053	1.31566075
945.83945	1.32432655
946.3022	1.29463082
946.76025	1.48995196
947.2243	1.62463758
947.681	1.66144718
948.14075	1.50573955
948.59765	1.48486264
949.05425	1.06867086
949.48855	0.9942944
949.9133	0.96939324
950.335	0.88893
950.7625	0.89083263
951.1868	0.89308594
951.60885	0.82574013
952.0349	0.84817067
952.45605	0.85925881
952.8795	0.88636723
953.3594	0.8243524
953.83915	0.99008619
954.31715	1.20487659
954.7946	1.114938
955.2696	1.04334767
955.74975	1.03136818
956.22555	0.8633904
956.75485	1.06071698
957.1634	0.97551226
957.62065	1.17955809
958.07685	1.16370707
958.55115	1.4661639
959.0233	1.25500632
959.49625	1.27114918
959.94755	1.0328269
960.4394	0.59529343
960.8492	0.51683329
961.2461	0.57543925
961.65025	0.58546046
962.0654	0.53751129
962.47695	0.4902352
962.8904	0.50675321
963.29595	0.65805489
963.69715	0.61683685
964.05575	0.68304631
964.40455	0.55721822
964.74975	0.70563763
965.09815	0.86
965.44195	0.86242636
965.7817	0.76963467
966.1269	0.85965884
966.45885	1.1507916
966.7925	1.12250904
967.0953	1.02009538
967.40855	0.98957093
967.7183	1.11723645
968.0332	1.06003866
968.3412	1.0583273
968.648	1.14996124
968.95885	1.05687409
969.27655	1.27784433
969.59465	1.38049161
969.9089	1.37001732
970.22665	1.27371631
970.5398	1.32160047
970.862	1.79558887
971.17915	1.68735216
971.4929	1.17653509
971.80325	0.6935787
972.1285	0.79587416
972.4596	0.62279337
972.78135	0.6975589
973.11265	0.83448698
973.44305	0.81803333
973.77025	0.83388115
974.0936	0.7862064
974.42745	0.89646949
974.7663	0.77051615
975.102	0.78990682
975.445	0.68699791
975.77715	0.73519587
976.083	0.88022373
976.4495	0.77217966
976.79975	0.83173687
977.1312	0.6638111
977.42655	0.93557119
977.7229	0.83527975
978.0214	0.82625903
978.3378	0.715554
978.6277	0.60414052
978.9658	0.75265576
979.2331	0.64281002
979.5329	0.83288934
979.80455	0.70660319
980.0793	0.85695482
980.3548	0.97140786
980.62905	1.43495422
980.9072	1.24338028
981.18255	1.25607804
981.4593	1.3592284
981.7377	1.53910464
982.0408	1.56367162
982.35915	1.54636579
982.6675	1.40009497
982.9953	1.54196217
983.30705	1.56981379
983.6296	1.84583275
983.9493	1.37770503
984.2675	1.55795498
984.71205	1.59198884
985.1969	1.50654
985.69135	1.43112936
986.1835	1.36200809
986.68085	1.33773149
987.17275	1.56570777
987.65195	1.54850791
988.14035	1.46490121
988.8569	1.46874556
989.7133	1.63239346
990.5617	1.59379739
991.4049	1.69902548
992.2506	1.26589713
993.0892	0.93402502
993.9235	1.34341366
994.7531	1.30101085
995.60965	1.11172141
996.50055	0.91571185
997.4072	0.89428974
998.3183	1.10829586
999.22635	0.90256734
1000.201	0.94453637
1001.0475	0.87419621
1001.952	1.04562437
1002.772	0.85531671
1003.472	1.30449529
1004.182	1.68547562
1004.8945	1.52097257
1005.615	0.80342729
1006.3445	0.74893575
1007.065	1.31451721
1007.761	1.19957754
1008.4055	1.13430332
1008.867	1.0898369
1009.3285	1.18813164
1009.7865	1.37443777
1010.2465	1.16251409
1010.7065	1.14899304
1011.1585	0.96284851
1011.613	1.07061713
1012.057	1.46865928
1012.499	1.48920796
1012.938	1.26699319
1013.372	1.00146148
1013.814	1.11953779
1014.311	1.17
1014.6905	1.32111332
1015.127	1.49467798
1015.564	1.42107626
1016.0015	1.33393427
1016.4435	1.27739846
1016.8785	1.4546519
1017.316	1.79873988
1017.749	1.43659169
1018.19	1.46308692
1018.6205	1.47323871
1019.058	1.37095765
1019.501	1.36626895
1019.964	1.21856214
1020.406	1.21393041
1020.8565	1.23898409
1021.3	1.07552829
1021.743	1.23526559
1022.1945	1.23285251
1022.635	1.13908579
1023.0605	0.93921667
1023.4835	1.38894542
1023.9135	1.53257538
1024.343	1.47173708
1024.77	1.39235317
1025.1995	1.52563405
1025.621	1.690361
1026.052	1.70671057
1026.478	1.80570852
1026.8985	1.63688748
1027.33	1.16337589
1027.75	1.10448548
1028.1865	0.66343754
1028.609	1.57
1029.0455	1.47
1029.4685	0.88014422
1029.8915	1.97875555
1030.239	1.97594962
1030.6095	1.47471333
1030.9785	1.58009233
1031.349	1.70853506
1031.7225	1.94083813
1032.1065	1.42238053
1032.488	1.59541115
1032.8915	1.98574913
1033.337	1.82643869
1033.7745	1.51791129
1034.2175	1.60083519
1034.6595	1.39655919
1035.1115	1.49999965
1035.5565	1.49537423
1036.0065	1.74351653
1036.5015	1.93242334
1037.1185	1.8178305
1037.7365	1.38064468
1038.349	1.19461045
1038.949	0.87410128
1039.5525	0.94158484
1040.1515	0.72038284
1040.7535	0.66750471
1041.353	0.67122983
1041.987	0.51014066
1042.6145	0.60168529
1043.2405	0.59854732
1043.872	0.43983853
1044.502	0.48955331
1045.14	0.55356742
1045.7765	0.55032917
1046.4145	0.53219819
1047.0685	0.65330198
1047.732	0.5957388
1048.3885	0.6819682
1049.0495	0.8859376
1049.7105	0.95918257
1050.3705	0.77936187
1051.034	0.68716055
1051.683	0.90862435
1052.3025	1.03980368
1052.9115	1.08550363
1053.521	1.08678893
1054.1315	0.9166195
1054.748	1.02761123
1055.371	0.90978706
1055.9955	0.80785218
1056.6265	0.94771489
1057.146	1.12284438
1057.639	1.19629652
1058.1325	1.0909661
1058.6235	1.16690049
1059.119	1.21211632
1059.6065	1.2474288
1060.093	1.25791816
1060.591	1.46980869
1061.0295	1.56917491
1061.4515	1.46995419
1061.8805	1.51489925
1062.3015	1.57100895
1062.718	1.63619641
1063.135	1.50341064
1063.556	1.50088267
1063.974	1.50742411
1064.377	1.152534
1064.787	1.20786913
1065.202	1.1650448
1065.6175	1.23648327
1066.0175	1.13385461
1066.4365	1.00909226
1066.8485	0.92327283
1067.257	1.04023
1067.6795	1.10507698
1068.0965	1.16502535
1068.527	1.1923392
1068.9605	0.95879111
1069.3965	1.08131226
1069.8225	1.10319076
1070.2575	1.37811669
1070.686	0.84894099
1071.13	0.91026322
1071.636	0.8540586
1072.1445	0.84049478
1072.648	0.95832898
1073.1585	0.90585475
1073.6685	0.97651012
1074.1875	0.91307738
1074.7285	0.83749974
1075.208	0.89690237
1075.765	0.90371954
1076.3195	0.98381167
1076.8775	0.96357673
1077.4405	0.7951555
1078.0085	0.54407755
1078.5625	0.80544937
1079.1205	0.79794025
1079.67	0.74711825
1080.2405	0.58795832
1080.8045	1.01496472
1081.368	1.0309961
1081.9215	1.14513201
1082.476	1.06973057
1083.034	1.07461615
1083.587	1.33495819
1084.145	1.51648675
1084.709	1.47174303
1085.295	1.53293667
1085.858	1.31920852
1086.435	1.60293772
1086.9965	2.10270202
1087.572	1.75824692
1088.1375	1.63231003
1088.6945	1.86882917
1089.2915	1.50769279
1089.8965	1.90244115
1090.501	1.39786074
1091.103	1.32251953
1091.7135	1.2280274
1092.315	1.34685005
1092.922	1.06035631
1093.53	1.24770183
1094.0895	1.01
1094.6145	0.95
1095.14	0.83
1095.6745	0.71
1096.2045	0.69
1096.74	0.6
1097.2835	0.608232
1097.8205	0.62742086
1098.339	0.64338723
1098.842	0.47290378
1099.3505	0.70269357
1099.85	0.76153978
1100.341	0.84679048
1100.847	1.43675767
1101.332	1.3309015
1101.8215	0.93042684
1102.305	0.84506619
1102.768	1.83781859
1103.231	1.81987624
1103.711	1.19818035
1104.18	1.38279186
1104.646	1.4898102
1105.1175	1.41
1105.5875	1.21029171
1106.0525	0.91624583
1106.542	1.0245392
1107.014	1.30937998
1107.5425	1.1977407
1108.037	1.27313376
1108.5295	1.15721247
1109.0875	1.12011781
1109.583	1.14763928
1110.013	1.11799006
1110.486	1.23480834
1110.9745	1.18879623
1111.4665	1.11312883
1111.945	1.10306593
1112.423	1.3175643
1112.8735	1.42862599
1113.3895	1.46478382
1113.866	1.46168023
1114.3355	1.63528514
1114.8035	1.29616873
1115.272	1.23519152
1115.7365	1.24116193
1116.208	1.19
1116.6765	1.01325469
1117.14	0.81426372
1117.607	0.70634523
1118.117	0.69471461
1118.6345	0.71070229
1119.151	0.65457797
1119.6655	0.77887438
1120.185	0.752019
1120.7075	0.6836679
1121.228	0.78901104
1121.7475	0.78548982
1122.3205	0.97764253
1122.917	1.06082578
1123.509	0.9520623
1124.101	0.81085936
1124.699	0.76083971
1125.295	0.79158749
1125.884	0.78598379
1126.4745	0.98280532
1127.086	1.39669175
1127.7255	1.25217562
1128.3495	1.06749193
1128.987	1.2345123
1129.615	1.26506245
1130.2445	0.95173933
1130.8735	0.94104891
1131.4945	1.0536055
1132.1875	1.69653338
1132.9405	1.62987294
1133.699	1.58722252
1134.453	1.13944184
1135.2085	1.48112653
1135.956	1.24343221
1136.696	1.23445961
1137.438	0.98476827
1138.18	1.33353487
1138.923	1.4935371
1139.689	1.62767513
1140.438	1.40300774
1141.203	1.13313515
1141.9495	1.29376259
1142.7075	1.04779203
1143.459	0.90800364
1144.2195	1.04890148
1145.0075	1.44830866
1145.7995	1.62593843
1146.597	1.41637636
1147.3835	1.34842471
1148.1745	1.38555919
1148.9665	1.73231291
1149.773	1.71314568
1150.51	1.33075809
1150.907	1.25949477
1151.304	1.57355706
1151.6965	1.390013
1152.0855	1.35551055
1152.475	1.41674803
1152.8605	1.3690991
1153.2465	1.48980603
1153.625	1.23617432
1154.0945	1.59814572
1154.5735	2.23486567
1155.0455	1.82907366
1155.5145	1.82459152
1155.987	1.81782865
1156.443	2.12592434
1156.901	2.00535323
1157.3615	1.7814382
1157.855	1.79897067
1158.3485	1.85168108
1158.842	1.95793541
1159.344	1.81459526
1159.844	2.11528363
1160.3445	1.56720523
1160.8415	1.41539707
1161.325	1.24789139
1161.7635	1.34062408
1162.184	1.28582235
1162.6	1.30562167
1163.021	1.44114968
1163.4465	1.17477818
1163.867	1.47850202
1164.281	1.45943706
1164.708	1.34603145
1165.135	1.40429353
1165.5765	1.28801086
1166.019	1.48825735
1166.4545	1.56338726
1166.897	1.367855
1167.3465	1.49360295
1167.7985	1.48501681
1168.2445	1.5817324
1168.6845	1.70739718
1169.121	1.15607423
1169.5645	1.46691985
1170.016	1.77042947
1170.4595	1.57397665
1170.91	1.74726253
1171.352	1.98166219
1171.7995	1.42825195
1172.379	1.65372623
1173.171	1.47358029
1173.9765	1.70974534
1174.7885	1.55061337
1175.583	1.84538016
1176.3765	1.44407872
1177.173	2.21235879
1177.962	1.85648959
1178.751	2.00508257
1179.5535	1.8649965
1180.348	1.78583447
1181.1445	1.85288079
1181.937	1.94357666
1182.74	2.49737739
1183.532	2.57969706
1184.3185	2.49619675
1185.147	2.28671028
1186.2185	2.43864291
1187.291	2.07386106
1188.3765	2.20688395
1189.4575	1.45398573
1190.5405	1.74005928
1191.628	1.15703292
1192.7185	1.03714232
1193.7815	1.60905694
1194.745	2.16585795
1195.704	1.55057547
1196.6695	1.68995741
1197.629	1.42926876
1198.5635	1.50214453
1199.5105	1.84107111
1200.454	1.63506489
1201.4	1.60329462
1202.474	1.54465845
1203.568	1.45739558
1204.659	1.12773287
1205.75	1.29607033
1206.855	1.13180294
1207.954	1.07105103
1209.053	1.13655756
1210.1335	0.98280425
1210.863	1.03927552
1211.477	0.88902341
1212.0915	1.13418014
1212.712	1.70658906
1213.336	1.48495743
1213.9525	1.65599634
1214.566	2.076472
1215.1745	1.56741338
1215.7805	1.08977691
1216.4	1.33744369
1217.0035	1.18874504
1217.6125	1.67659853
1218.2175	1.26659349
1218.823	1.16488792
1219.4235	1.09787224
1220.027	1.89688407
1220.637	1.44704768
1221.246	1.29969301
1221.8675	1.37187229
1222.484	1.62323714
1223.1005	1.51100676
1223.728	1.63864948
1224.3405	1.50191817
1224.9585	1.58536196
1225.557	1.67601581
1226.1215	1.67394665
1226.6935	1.58973365
1227.274	2.0531873
1227.86	1.67877445
1228.4475	1.2243379
1229.0315	1.43031364
1229.6055	1.419817
1230.1395	2.08627982
1230.5995	1.18672825
1231.0585	1.74460412
1231.517	1.57426951
1231.9715	1.71599029
1232.4235	1.82797679
1232.9445	1.82347905
1233.317	1.61866898
1233.77	1.56270559
1234.2435	1.61289256
1234.718	1.61825673
1235.183	1.60917047
1235.6615	1.41311469
1236.147	1.62172688
1236.6165	1.45906026
1237.097	1.43243963
1237.5725	1.34804555
1238.0405	1.31500485
1238.5045	1.42985376
1238.9695	1.44480874
1239.4415	1.25970904
1239.9135	1.36124799
1240.383	1.38569895
1240.8505	1.30285573
1241.329	1.70189817
1241.812	1.83091629
1242.3075	1.95667279
1242.804	2.70887126
1243.307	2.10579296
1243.8035	1.53659786
1244.2985	1.66348262
1244.795	1.19468351
1245.285	1.56684085
1245.721	1.09869778
1246.1385	1.2168223
1246.5705	1.03990563
1247.006	1.26409235
1247.4305	1.08272855
1247.8655	0.9849165
1248.2985	0.76585715
1248.7245	0.82536788
1249.3245	0.54897066
1250.024	0.71394471
1250.726	1.14528409
1251.4245	1.01583058
1252.125	1.25958967
1252.819	1.35951665
1253.4985	1.70297405
1254.192	2.15493981
1254.9915	1.72913381
1255.8925	0.95388857
1256.7885	0.83470654
1257.6955	0.72992937
1258.604	0.76043149
1259.517	0.61788601
1260.413	0.70574823
1261.318	0.83909037
1262.164	1.51265248
1262.943	2.03379654
1263.7245	2.07666092
1264.512	2.22379751
1265.305	3.39521419
1266.097	2.76660925
1266.8895	3.37779306
1267.689	2.4269582
1268.755	1.64969138
1270.5795	3.31903747
1272.3945	3.73688791
1274.2175	3.16689957
1276.048	4.2873298
1277.8795	5.42677867
1279.706	2.96382255
1281.541	2.19238858
1283.2365	2.28994063
1284.194	2.45669668
1285.1535	2.63507849
1286.119	2.48280287
1287.0835	2.32879848
1288.078	2.40389687
1289.0335	2.7183267
1290.0115	2.85538165
1290.965	3.63761328
1291.535	2.41712476
1292.1005	1.64013242
1292.6695	2.07409071
1293.2355	1.77612563
1293.801	1.17752063
1294.373	1.08287674
1294.938	1.44091812
1295.501	0.9199006
1296.0825	2.07851458
1296.676	1.16416832
1297.276	1.22375699
1297.871	1.42515853
1298.4775	1.12773155
1299.072	1.54196649
1299.6725	1.41566996
1300.2665	1.06253636
1300.9065	1.32484026
1301.575	2.4474904
1302.262	1.5672615
1302.946	1.827027
1303.6235	1.70161616
1304.3035	2.33072139
1304.963	2.29564105
1305.6155	1.34469153
1306.181	1.57086641
1306.7035	1.94516576
1307.225	2.24590421
1307.749	3.2080683
1308.2825	3.12595906
1308.8075	2.41703688
1309.334	1.46134822
1309.8535	1.80071455
1310.3805	3.25171054
1310.9385	3.42579408
1311.4935	1.82734916
1312.044	1.93288184
1312.596	1.8716251
1313.151	2.02854715
1313.6965	1.73237763
1314.254	2.34432164
1314.809	1.12373161
1315.3775	2.20572456
1315.9515	2.43289794
1316.5315	2.02434625
1317.112	1.92499233
1317.689	2.18498285
1318.256	1.98053511
1318.8305	1.88503306
1319.398	1.55113375
1319.9305	1.87608975
1320.4665	0.80045808
1321.008	0.87829729
1321.542	1.69226984
1322.082	1.51565219
1322.6245	2.06700974
1323.18	0.54514224
1323.923	1.32142209
1325.8385	0.74901498
1327.749	0.57476418
1329.6705	0.59944761
1332.2015	0.50033426
1334.1215	0.46862635
1336.0465	0.75044288
1337.9575	0.45406936
1339.461	0.58090147
1339.9135	0.77235153
1340.5865	1.04461752
1341.257	0.66714954
1341.943	0.86337582
1342.642	1.12
1343.337	1.16351541
1344.0145	1.15818581
1344.672	1.91320132
1345.1395	1.59190845
1345.576	2.94267798
1346.0195	1.83530951
1346.4535	1.67845442
1346.8935	1.17440865
1347.332	0.98859716
1347.7735	1.33529323
1348.2045	0.21371755
1348.639	0.83635099
1349.0675	1.21804341
1349.4965	1.08533472
1349.9235	0.78687774
1350.3565	0.92320606
1350.785	1.04865978
1351.2145	0.77458545
1351.6455	0.35794191
1352.0555	0.76125512
1352.449	0.53707664
1352.8435	0.80567774
1353.246	0.24947912
1353.644	0.2324179
1354.033	0.80250137
1354.425	1.07874052
1354.813	0.1257347
1355.2155	0.76876781
1355.655	0.66348134
1356.093	0.60408268
1356.5265	0.534636
1356.9625	0.69146087
1357.397	0.75505227
1357.834	0.72366266
1358.275	0.90100639
1358.6895	0.75542831
1359.098	0.53546519
1359.512	0.15901064
1359.932	1.04398748
1360.347	0.89373284
1360.7655	0.75429392
1361.184	0.40898257
1361.605	0.5622042
1362.012	0.52253073
1362.401	0.84302619
1362.7945	0.98742909
1363.183	0.96416668
1363.573	0.69112889
1363.9595	1.46847005
1364.341	5.92280407
1364.7320087595	21.70284841
1365.10001700374	21.33237391
1365.46802524797	0.84086803
1365.83603349221	1.19094219
