file_name	model	TI_categories	replicate	likelihood	lik_L_51-13	lik_L_13-12	lik_L_12-10	lik_L_10-0	lik_M_51-13	lik_M_13-11	lik_M_11-0
Fix_1_1_ArbPol_0_s_13.66_12.46_10.48_13.66_11.95linSp_linEx_HP	linEx	10	0	-379.935	-44.335	-82.854	-67.52	-119.714	-3.253	-30.229	-32.03
Fix_1_1_ArbPolabschange_0_s_13.66_12.46_10.48_13.66_11.95linSp_linEx_HP	linEx	10	0	-382.482	-44.264	-83.671	-68.05	-121.673	-2.376	-30.008	-32.439
Fix_1_1_Ca_0_s_13.66_12.46_10.48_13.66_11.95linSp_linEx_HP	linEx	10	0	-377.355	-44.759	-78.25	-68.956	-120.181	-3.283	-30.696	-31.229
Fix_1_1_Caabschange_0_s_13.66_12.46_10.48_13.66_11.95linSp_linEx_HP	linEx	10	0	-381.133	-44.105	-83.668	-67.727	-119.355	-4.04	-29.897	-32.341
Fix_1_1_DD_0_s_13.66_12.46_10.48_13.66_11.95linSp_linEx_HP	linEx	10	0	-373.878	-45.46	-78.712	-66.908	-117.325	-2.504	-30.209	-32.758
Fix_1_1_DecOaks_0_s_13.66_12.46_10.48_13.66_11.95linSp_linEx_HP	linEx	10	0	-376.235	-44.629	-80.818	-66.598	-119.356	-2.488	-30.579	-31.766
Fix_1_1_DecOaksabschange_0_s_13.66_12.46_10.48_13.66_11.95linSp_linEx_HP	linEx	10	0	-379.347	-44.867	-76.132	-68.249	-122.365	-3.298	-31.081	-33.354
Fix_1_1_Grainsize_0_s_13.66_12.46_10.48_13.66_11.95constSp_constEx_HP	NA	10	0	-381.848	-43.468	-83.236	-68.124	-120.313	-3.317	-30.641	-32.75
Fix_1_1_Grainsize_0_s_13.66_12.46_10.48_13.66_11.95linSp_linEx_HP	linEx	10	0	-373.632	-44.454	-77.904	-66.773	-120.059	-1.798	-30.623	-32.021
Fix_1_1_Grainsizeabschange_0_s_13.66_12.46_10.48_13.66_11.95linSp_linEx_HP	linEx	10	0	-377.357	-44.377	-80.238	-66.767	-119.747	-2.255	-31.306	-32.667
Fix_1_1_Ins41_0_s_13.66_12.46_10.48_13.66_11.95linSp_linEx_HP	linEx	10	0	-378.616	-44.719	-83.241	-67.145	-118.123	-3.281	-30.528	-31.578
Fix_1_1_Ins41abschange_0_s_13.66_12.46_10.48_13.66_11.95linSp_linEx_HP	linEx	10	0	-384.825	-44.541	-84.594	-67.998	-122.194	-2.912	-30.484	-32.101
Fix_1_1_Isotope_0_s_13.66_12.46_10.48_13.66_11.95linSp_linEx_HP	linEx	10	0	-377.768	-44.357	-80.414	-67.294	-121.558	-2.506	-29.987	-31.653
Fix_1_1_Isotopeabschange_0_s_13.66_12.46_10.48_13.66_11.95linSp_linEx_HP	linEx	10	0	-382.582	-44.631	-82.892	-68.578	-120.045	-3.612	-30.305	-32.518
Fix_1_1_K_0_s_13.66_12.46_10.48_13.66_11.95linSp_linEx_HP	linEx	10	0	-377.513	-44.365	-76.967	-68.273	-122.127	-3.145	-30.82	-31.815
Fix_1_1_Kabschange_0_s_13.66_12.46_10.48_13.66_11.95linSp_linEx_HP	linEx	10	0	-383.651	-43.933	-83.623	-67.373	-121.038	-3.89	-30.62	-33.173
Fix_1_1_LR04_0_s_13.66_12.46_10.48_13.66_11.95linSp_linEx_HP	linEx	10	0	-373.972	-44.332	-80.255	-67.254	-117.578	-2.922	-30.225	-31.406
Fix_1_1_LR04abschange_0_s_13.66_12.46_10.48_13.66_11.95linSp_linEx_HP	linEx	10	0	-381.117	-43.925	-82.22	-67.713	-120.364	-3.631	-30.595	-32.668
Fix_1_1_Medstack_0_s_13.66_12.46_10.48_13.66_11.95linSp_linEx_HP	linEx	10	0	-374.429	-43.596	-79.621	-66.708	-120.365	-2.795	-29.417	-31.926
Fix_1_1_Medstackabschange_0_s_13.66_12.46_10.48_13.66_11.95linSp_linEx_HP	linEx	10	0	-379.594	-44.204	-84.037	-67.353	-118.841	-2.349	-30.726	-32.083
Fix_1_1_Quartz_0_s_13.66_12.46_10.48_13.66_11.95linSp_linEx_HP	linEx	10	0	-376.77	-45.77	-77.9	-67.471	-120.182	-3.109	-30.328	-32.01
Fix_1_1_Quartzabschange_0_s_13.66_12.46_10.48_13.66_11.95linSp_linEx_HP	linEx	10	0	-379.294	-43.942	-82.956	-67.753	-120.35	-3.051	-29.984	-31.258
Fix_1_1_TIC_0_s_13.66_12.46_10.48_13.66_11.95linSp_linEx_HP	linEx	10	0	-373.438	-43.478	-77.084	-67.164	-121.009	-2.863	-30.43	-31.41
Fix_1_1_TICabschange_0_s_13.66_12.46_10.48_13.66_11.95linSp_linEx_HP	linEx	10	0	-382.324	-44.026	-84.633	-67.552	-120.69	-1.786	-31.223	-32.413
Fix_1_1_TOC_0_s_13.66_12.46_10.48_13.66_11.95linSp_linEx_HP	linEx	10	0	-381.778	-44.717	-84.908	-67.23	-120.568	-1.695	-30.898	-31.761
Fix_1_1_TOCabschange_0_s_13.66_12.46_10.48_13.66_11.95linSp_linEx_HP	linEx	10	0	-376.346	-43.973	-81.016	-67.585	-118.79	-1.662	-31.268	-32.052
Fix_1_2_ArbPol_0_s_13.66_12.46_10.48_13.66_11.95linSp_linEx_HP	linEx	10	0	-373.362	-34.429	-89.72	-62.971	-123.597	-3.178	-30.286	-29.182
Fix_1_2_ArbPolabschange_0_s_13.66_12.46_10.48_13.66_11.95linSp_linEx_HP	linEx	10	0	-371.584	-34.079	-89.462	-62.796	-123.716	-3.254	-29.867	-28.41
Fix_1_2_Ca_0_s_13.66_12.46_10.48_13.66_11.95linSp_linEx_HP	linEx	10	0	-366.822	-34.098	-83.786	-62.477	-123.315	-3.065	-29.918	-30.164
Fix_1_2_Caabschange_0_s_13.66_12.46_10.48_13.66_11.95linSp_linEx_HP	linEx	10	0	-368.477	-33.939	-87.073	-61.486	-122.838	-2.511	-31.149	-29.482
Fix_1_2_DD_0_s_13.66_12.46_10.48_13.66_11.95linSp_linEx_HP	linEx	10	0	-364.56	-35.352	-80.428	-61.439	-122.853	-4.214	-30.561	-29.713
Fix_1_2_DecOaks_0_s_13.66_12.46_10.48_13.66_11.95linSp_linEx_HP	linEx	10	0	-365.583	-34.117	-84.805	-61.836	-123.668	-2.701	-29.88	-28.576
Fix_1_2_DecOaksabschange_0_s_13.66_12.46_10.48_13.66_11.95linSp_linEx_HP	linEx	10	0	-361.24	-34.066	-76.642	-63.466	-126.103	-2.533	-29.87	-28.56
Fix_1_2_Grainsize_0_s_13.66_12.46_10.48_13.66_11.95constSp_constEx_HP	NA	10	0	-372.745	-32.967	-88.892	-62.554	-123.591	-4.026	-30.239	-30.476
Fix_1_2_Grainsize_0_s_13.66_12.46_10.48_13.66_11.95linSp_linEx_HP	linEx	10	0	-356.602	-34.055	-76.613	-61.56	-123.087	-1.995	-30.618	-28.673
Fix_1_2_Grainsizeabschange_0_s_13.66_12.46_10.48_13.66_11.95linSp_linEx_HP	linEx	10	0	-364.252	-35.15	-81.694	-62.437	-123.919	-0.816	-30.9	-29.336
Fix_1_2_Ins41_0_s_13.66_12.46_10.48_13.66_11.95linSp_linEx_HP	linEx	10	0	-370.033	-34.176	-88.069	-62.182	-123.254	-3.328	-29.689	-29.334
Fix_1_2_Ins41abschange_0_s_13.66_12.46_10.48_13.66_11.95linSp_linEx_HP	linEx	10	0	-373.244	-34.06	-88.048	-62.795	-124.446	-3.952	-30.882	-29.062
Fix_1_2_Isotope_0_s_13.66_12.46_10.48_13.66_11.95linSp_linEx_HP	linEx	10	0	-368.356	-34.081	-82.862	-62.839	-126.003	-2.08	-30.697	-29.794
Fix_1_2_Isotopeabschange_0_s_13.66_12.46_10.48_13.66_11.95linSp_linEx_HP	linEx	10	0	-374.368	-33.906	-89.329	-63.027	-124.923	-3.334	-30.147	-29.701
Fix_1_2_K_0_s_13.66_12.46_10.48_13.66_11.95linSp_linEx_HP	linEx	10	0	-364.326	-33.981	-81.215	-62.263	-124.002	-3.555	-29.257	-30.052
Fix_1_2_Kabschange_0_s_13.66_12.46_10.48_13.66_11.95linSp_linEx_HP	linEx	10	0	-372.215	-34.325	-89.531	-61.783	-124.521	-2.255	-29.869	-29.931
Fix_1_2_LR04_0_s_13.66_12.46_10.48_13.66_11.95linSp_linEx_HP	linEx	10	0	-372.746	-34.297	-89.792	-62.822	-124.067	-2.778	-29.574	-29.416
Fix_1_2_LR04abschange_0_s_13.66_12.46_10.48_13.66_11.95linSp_linEx_HP	linEx	10	0	-370.546	-33.88	-87.905	-63.1	-123.189	-3.476	-30.792	-28.205
Fix_1_2_Medstack_0_s_13.66_12.46_10.48_13.66_11.95linSp_linEx_HP	linEx	10	0	-365.889	-34.268	-87.055	-61.685	-121.63	-3.493	-29.424	-28.334
Fix_1_2_Medstackabschange_0_s_13.66_12.46_10.48_13.66_11.95linSp_linEx_HP	linEx	10	0	-376.242	-33.799	-90.231	-63.297	-125.03	-2.853	-30.624	-30.408
Fix_1_2_Quartz_0_s_13.66_12.46_10.48_13.66_11.95linSp_linEx_HP	linEx	10	0	-366.699	-33.956	-82.83	-64.099	-123.637	-2.758	-30.155	-29.263
Fix_1_2_Quartzabschange_0_s_13.66_12.46_10.48_13.66_11.95linSp_linEx_HP	linEx	10	0	-372.691	-33.792	-89.16	-62.93	-124.975	-2.602	-30.245	-28.988
Fix_1_2_TIC_0_s_13.66_12.46_10.48_13.66_11.95linSp_linEx_HP	linEx	10	0	-370.373	-34.648	-85.409	-62.844	-123.841	-2.699	-30.055	-30.877
Fix_1_2_TICabschange_0_s_13.66_12.46_10.48_13.66_11.95linSp_linEx_HP	linEx	10	0	-362.823	-34.417	-79.602	-63.26	-123.802	-1.362	-30.655	-29.724
Fix_1_2_TOC_0_s_13.66_12.46_10.48_13.66_11.95linSp_linEx_HP	linEx	10	0	-374.274	-34.78	-90.246	-61.998	-124.672	-2.417	-30.549	-29.611
Fix_1_2_TOCabschange_0_s_13.66_12.46_10.48_13.66_11.95linSp_linEx_HP	linEx	10	0	-362.166	-35.18	-79.646	-62.204	-123.394	-1.594	-30.267	-29.881
Fix_2_1_ArbPol_0_s_13.66_12.46_10.48_13.66_11.95linSp_linEx_HP	linEx	10	0	-382.748	-39.416	-84.576	-80.367	-114.155	-2.568	-32.682	-28.982
Fix_2_1_ArbPolabschange_0_s_13.66_12.46_10.48_13.66_11.95linSp_linEx_HP	linEx	10	0	-378.178	-39.631	-83.012	-80.935	-111.576	-2.494	-32.486	-28.043
Fix_2_1_Ca_0_s_13.66_12.46_10.48_13.66_11.95linSp_linEx_HP	linEx	10	0	-374.457	-39.095	-77.0	-81.317	-111.669	-3.281	-32.6	-29.496
Fix_2_1_Caabschange_0_s_13.66_12.46_10.48_13.66_11.95linSp_linEx_HP	linEx	10	0	-384.123	-38.81	-86.024	-81.554	-113.047	-2.854	-33.173	-28.662
Fix_2_1_DD_0_s_13.66_12.46_10.48_13.66_11.95linSp_linEx_HP	linEx	10	0	-368.91	-41.521	-72.718	-79.509	-110.075	-4.198	-32.493	-28.395
Fix_2_1_DecOaks_0_s_13.66_12.46_10.48_13.66_11.95linSp_linEx_HP	linEx	10	0	-370.905	-38.953	-77.896	-78.705	-112.215	-2.727	-32.271	-28.137
Fix_2_1_DecOaksabschange_0_s_13.66_12.46_10.48_13.66_11.95linSp_linEx_HP	linEx	10	0	-366.25	-38.928	-71.547	-79.321	-113.521	-2.7	-32.666	-27.566
Fix_2_1_Grainsize_0_s_13.66_12.46_10.48_13.66_11.95constSp_constEx_HP	NA	10	0	-381.32	-38.444	-84.794	-80.192	-112.304	-3.926	-33.038	-28.621
Fix_2_1_Grainsize_0_s_13.66_12.46_10.48_13.66_11.95linSp_linEx_HP	linEx	10	0	-363.477	-38.891	-71.443	-79.407	-111.37	-1.639	-32.885	-27.841
Fix_2_1_Grainsizeabschange_0_s_13.66_12.46_10.48_13.66_11.95linSp_linEx_HP	linEx	10	0	-367.699	-39.136	-70.997	-80.868	-112.761	-1.566	-33.489	-28.884
Fix_2_1_Ins41_0_s_13.66_12.46_10.48_13.66_11.95linSp_linEx_HP	linEx	10	0	-381.573	-39.198	-85.482	-81.013	-112.923	-2.868	-32.613	-27.476
Fix_2_1_Ins41abschange_0_s_13.66_12.46_10.48_13.66_11.95linSp_linEx_HP	linEx	10	0	-380.333	-38.703	-85.917	-81.078	-111.929	-3.297	-32.317	-27.092
Fix_2_1_Isotope_0_s_13.66_12.46_10.48_13.66_11.95linSp_linEx_HP	linEx	10	0	-371.135	-38.658	-77.672	-80.352	-111.521	-2.311	-32.79	-27.833
Fix_2_1_Isotopeabschange_0_s_13.66_12.46_10.48_13.66_11.95linSp_linEx_HP	linEx	10	0	-380.351	-38.527	-84.409	-80.569	-112.206	-3.741	-31.767	-29.131
Fix_2_1_K_0_s_13.66_12.46_10.48_13.66_11.95linSp_linEx_HP	linEx	10	0	-372.3	-39.254	-74.989	-81.418	-111.608	-3.093	-33.096	-28.842
Fix_2_1_Kabschange_0_s_13.66_12.46_10.48_13.66_11.95linSp_linEx_HP	linEx	10	0	-378.127	-38.998	-85.005	-81.057	-111.425	-2.468	-32.126	-27.048
Fix_2_1_LR04_0_s_13.66_12.46_10.48_13.66_11.95linSp_linEx_HP	linEx	10	0	-375.069	-38.938	-81.242	-80.073	-111.687	-2.876	-32.834	-27.42
Fix_2_1_LR04abschange_0_s_13.66_12.46_10.48_13.66_11.95linSp_linEx_HP	linEx	10	0	-381.485	-38.279	-85.117	-80.131	-113.91	-4.384	-31.903	-27.761
Fix_2_1_Medstack_0_s_13.66_12.46_10.48_13.66_11.95linSp_linEx_HP	linEx	10	0	-372.391	-39.877	-76.97	-80.402	-111.826	-3.08	-32.983	-27.253
Fix_2_1_Medstackabschange_0_s_13.66_12.46_10.48_13.66_11.95linSp_linEx_HP	linEx	10	0	-380.59	-38.77	-86.028	-80.955	-111.466	-3.457	-32.898	-27.017
Fix_2_1_Quartz_0_s_13.66_12.46_10.48_13.66_11.95linSp_linEx_HP	linEx	10	0	-368.163	-39.64	-73.241	-80.66	-111.091	-2.662	-32.407	-28.462
Fix_2_1_Quartzabschange_0_s_13.66_12.46_10.48_13.66_11.95linSp_linEx_HP	linEx	10	0	-380.2	-38.528	-83.734	-81.278	-112.705	-2.747	-32.388	-28.82
Fix_2_1_TIC_0_s_13.66_12.46_10.48_13.66_11.95linSp_linEx_HP	linEx	10	0	-372.377	-39.333	-77.785	-80.777	-110.355	-2.852	-32.894	-28.381
Fix_2_1_TICabschange_0_s_13.66_12.46_10.48_13.66_11.95linSp_linEx_HP	linEx	10	0	-377.05	-39.315	-84.801	-80.363	-110.54	-1.885	-32.522	-27.623
Fix_2_1_TOC_0_s_13.66_12.46_10.48_13.66_11.95linSp_linEx_HP	linEx	10	0	-379.561	-39.329	-87.152	-79.836	-111.149	-1.696	-32.869	-27.53
Fix_2_1_TOCabschange_0_s_13.66_12.46_10.48_13.66_11.95linSp_linEx_HP	linEx	10	0	-368.558	-39.908	-74.268	-80.02	-110.62	-1.637	-34.093	-28.013
Fix_2_2_ArbPol_0_s_13.66_12.46_10.48_13.66_11.95linSp_linEx_HP	linEx	10	0	-359.237	-32.507	-83.194	-74.028	-110.026	-2.898	-29.172	-27.413
Fix_2_2_ArbPolabschange_0_s_13.66_12.46_10.48_13.66_11.95linSp_linEx_HP	linEx	10	0	-361.649	-33.625	-80.556	-75.028	-110.708	-2.816	-30.454	-28.461
Fix_2_2_Ca_0_s_13.66_12.46_10.48_13.66_11.95linSp_linEx_HP	linEx	10	0	-359.484	-32.667	-78.952	-74.507	-111.625	-2.568	-30.284	-28.881
Fix_2_2_Caabschange_0_s_13.66_12.46_10.48_13.66_11.95linSp_linEx_HP	linEx	10	0	-362.048	-32.278	-83.828	-74.452	-111.671	-3.685	-30.115	-26.019
Fix_2_2_DD_0_s_13.66_12.46_10.48_13.66_11.95linSp_linEx_HP	linEx	10	0	-357.119	-35.48	-78.835	-73.766	-108.243	-3.079	-29.922	-27.792
Fix_2_2_DecOaks_0_s_13.66_12.46_10.48_13.66_11.95linSp_linEx_HP	linEx	10	0	-361.684	-32.891	-80.75	-73.841	-113.18	-3.082	-30.132	-27.807
Fix_2_2_DecOaksabschange_0_s_13.66_12.46_10.48_13.66_11.95linSp_linEx_HP	linEx	10	0	-358.271	-33.223	-75.879	-73.757	-115.228	-2.323	-30.062	-27.798
Fix_2_2_Grainsize_0_s_13.66_12.46_10.48_13.66_11.95constSp_constEx_HP	NA	10	0	-363.316	-31.534	-83.466	-74.465	-111.654	-3.49	-30.173	-28.533
Fix_2_2_Grainsize_0_s_13.66_12.46_10.48_13.66_11.95linSp_linEx_HP	linEx	10	0	-357.465	-32.091	-79.086	-73.752	-110.92	-1.689	-30.355	-29.572
Fix_2_2_Grainsizeabschange_0_s_13.66_12.46_10.48_13.66_11.95linSp_linEx_HP	linEx	10	0	-357.661	-32.666	-80.383	-74.074	-109.884	-1.656	-30.724	-28.274
Fix_2_2_Ins41_0_s_13.66_12.46_10.48_13.66_11.95linSp_linEx_HP	linEx	10	0	-366.587	-32.581	-83.396	-74.871	-112.349	-2.91	-30.698	-29.783
Fix_2_2_Ins41abschange_0_s_13.66_12.46_10.48_13.66_11.95linSp_linEx_HP	linEx	10	0	-361.527	-33.974	-82.432	-74.509	-111.139	-2.835	-29.925	-26.714
Fix_2_2_Isotope_0_s_13.66_12.46_10.48_13.66_11.95linSp_linEx_HP	linEx	10	0	-360.669	-32.694	-79.578	-74.208	-112.05	-3.103	-29.745	-29.291
Fix_2_2_Isotopeabschange_0_s_13.66_12.46_10.48_13.66_11.95linSp_linEx_HP	linEx	10	0	-363.545	-32.555	-82.775	-73.579	-114.646	-1.837	-30.169	-27.985
Fix_2_2_K_0_s_13.66_12.46_10.48_13.66_11.95linSp_linEx_HP	linEx	10	0	-357.457	-32.822	-78.224	-74.65	-111.967	-1.703	-30.662	-27.43
Fix_2_2_Kabschange_0_s_13.66_12.46_10.48_13.66_11.95linSp_linEx_HP	linEx	10	0	-361.285	-33.74	-80.698	-74.25	-111.033	-3.321	-30.404	-27.839
Fix_2_2_LR04_0_s_13.66_12.46_10.48_13.66_11.95linSp_linEx_HP	linEx	10	0	-358.124	-32.371	-80.808	-74.709	-109.509	-2.332	-29.78	-28.615
Fix_2_2_LR04abschange_0_s_13.66_12.46_10.48_13.66_11.95linSp_linEx_HP	linEx	10	0	-364.508	-32.028	-83.847	-74.768	-112.347	-3.207	-30.444	-27.867
Fix_2_2_Medstack_0_s_13.66_12.46_10.48_13.66_11.95linSp_linEx_HP	linEx	10	0	-359.061	-32.694	-77.662	-74.266	-111.184	-3.202	-30.844	-29.208
Fix_2_2_Medstackabschange_0_s_13.66_12.46_10.48_13.66_11.95linSp_linEx_HP	linEx	10	0	-362.323	-32.741	-83.453	-74.372	-110.987	-2.801	-29.678	-28.292
Fix_2_2_Quartz_0_s_13.66_12.46_10.48_13.66_11.95linSp_linEx_HP	linEx	10	0	-356.016	-32.418	-78.466	-73.867	-112.077	-2.033	-29.842	-27.313
Fix_2_2_Quartzabschange_0_s_13.66_12.46_10.48_13.66_11.95linSp_linEx_HP	linEx	10	0	-359.561	-32.262	-80.293	-74.779	-111.955	-2.612	-29.727	-27.934
Fix_2_2_TIC_0_s_13.66_12.46_10.48_13.66_11.95linSp_linEx_HP	linEx	10	0	-358.788	-32.684	-78.194	-74.432	-111.42	-2.957	-30.338	-28.763
Fix_2_2_TICabschange_0_s_13.66_12.46_10.48_13.66_11.95linSp_linEx_HP	linEx	10	0	-360.982	-32.585	-82.441	-74.136	-112.01	-1.692	-30.431	-27.687
Fix_2_2_TOC_0_s_13.66_12.46_10.48_13.66_11.95linSp_linEx_HP	linEx	10	0	-361.786	-32.164	-83.866	-75.199	-110.468	-2.038	-30.145	-27.906
Fix_2_2_TOCabschange_0_s_13.66_12.46_10.48_13.66_11.95linSp_linEx_HP	linEx	10	0	-356.695	-32.464	-80.659	-74.852	-110.235	-1.758	-30.625	-26.101